0.08080575207726237
0.1394366754381326
0.12833788773574922
0.11524734505846745
0.2298126889157821
-0.044643409062018635
-0.15546269039657168
0.09821220895742028
0.26450574370918745
0.24713175890712868
-0.19304082923150317
0.14285582787112927
0.1634343013478749
0.037720595969564785
-0.1887126068344796
0.046886424042328845
-0.0876874392340447
-0.004758277547659062
-0.20214378302488237
-0.09192477487408418
0.23024050920952255
-0.06406385428018571
-0.07138109707541207
-0.26065542656641993
-0.2761445538038904
-0.11148111299755409
-0.003117534444692316
0.04264922166897611
-0.05176244616401593
-0.21931285591879127
-0.23588107793208632
0.11225255378598736
0.0017471074085907423
-0.23307761477417216
0.061270912735321814
0.17816395458204426
0.10998901976066344
0.08319364040124916
-0.23959645525921408
-0.17862027511725959
0.0010066131655534494
-0.055489034797331416
0.06408894812842214
-0.18155365878315566
-0.04201295272733471
0.15547317240863806
-0.015122978233978956
0.008595105768963718
-0.2104427281775979
-0.05616610037717615
-0.0034371937213964476
-0.18037968071576232
0.06316627505936301
0.06361918513477172
0.2198766135264174
-0.001331348234500207
0.006915629989798666
-0.07892523645756752
-0.24007080166465952
0.23407633800652994
0.007516149243396442
0.011779201231519654
0.03926506343730635
0.11400971899506401
0.09615474065806778
-0.06708405324088557
-0.23491943405394694
-0.013638059763921684
-0.17575724859761138
0.11833807277123004
-0.014157771012436537
0.07000395933026854
0.16005815969486348
-0.27274411657591063
-0.08587757793233877
0.022498936554088023
0.24703630916058117
-0.02124341593151835
-0.14247985692309129
-0.1456041498233102
-0.03171479170127181
-0.2559173829813281
-0.20062752261172428
0.06023532144319732
-0.18040885713675764
0.15712345462573368
0.06645098928015919
0.06225407471588251
0.038112534271307175
-0.2803312098816693
-0.12619392058341017
-0.11661695572148179
-0.27553919161346946
-0.12789114533727608
0.14448365682764858
-0.1286903627272617
-0.104972759989691
0.11318891547518067
0.18707598739394737
0.08932280577291257
0.035149377790227254
0.23853471686278693
0.09426927809070745
-0.025735004617534918
0.19044997611057152
0.02008181403356668
0.2517379826211571
-0.1540809133979832
-0.19059999309163134
0.06604757799187583
-0.14295284575168046
-0.20233790787507086
-0.20954193932668358
0.15458691721752227
0.10241677627907436
-0.18633933472955178
-0.1848632156551473
-0.12123563974174101
-0.24210974052051848
-0.19270032738436765
0.009316855209522856
0.09003141230706019
-0.0830605035624484
-0.07378801515930122
0.1709965725659961
-0.05809690089231476
-0.03127910805110887
0.01798390093381652
0.12703419633090346
-0.24646173679127412
-0.06686012859758461
-0.0944701571629869
-0.06977247253251445
-0.08524016246507538
-0.16722814464653474
0.14990355124874266
-0.07180902887405444
0.17767756060572093
-0.07788947833318766
0.17383182282090026
0.13636302245128723
-0.02983332522825549
-0.05871096562085748
-0.13743192986382563
0.1231422825805415
-0.10850707063444295
0.19373766612455295
0.2693692629524481
-0.23411022969657125
0.05553860298442326
-0.05287371219040393
0.2387802337971605
-0.19918675120862395
-0.1524519077049727
0.23225350039651693
0.206926703156375
0.24019977531528702
-0.04149032629731575
-0.13859675321153336
0.13382951601738835
-0.15933675300753766
-0.28006758391367526
0.02973307108531359
0.2743078928420192
0.032096369250284806
0.20379185067549177
0.15778846963964493
-0.1030460688345145
-0.0719761177714478
0.03661100310945553
0.03099949896876386
0.011830167181535622
0.03842322222403244
-0.12676361092991464
-0.14563690220442801
-0.08256610794451028
0.20905335678550108
-0.055426120335907714
-0.23546710063347298
-0.041737746084276606
-0.17004185140938527
0.2659263950661267
-0.2107764796307487
-0.17004173178383275
-0.09045690415723007
0.16760051533758474
0.1630900970380506
0.11378574281163878
0.18994803622926848
-0.1634679341952167
-0.12965845664326744
-0.027844007647024716
-0.14635299131608318
-0.06010076723164712
0.2374193822798789
-0.045507382661216705
-0.04799178370519619
-0.26901761955985765
0.22447540080751727
0.24901819168910833
0.06792686561460576
0.00569892199542954
0.21164926287889763
0.24592358251261726
0.1150152761956012
0.267006945277906
-0.19126878701389072
0.13049232661506105
0.053327013299725834
-0.186114507304067
-0.22576176273249696
0.06040615674147204
-0.14094937785823541
-0.2331125832239493
-0.21293189568154863
-0.1513768281650273
-0.022567549988253555
-0.0711194965054747
-0.09369393693668754
0.2433163675129827
-0.2056652962352948
0.11996754621023947
-0.13875313715257345
0.28066753632637487
0.08836147644062692
-0.03944991308213158
-0.047808875805844336
0.191665422727133
-0.24066247547283523
-0.07413782174417707
0.10592418855992874
-0.2644575430065402
0.07721367255178807
0.27377249168181117
0.1273009525349011
0.17421737297322248
-0.07180456271979652
-0.06928351078253314
0.12897374298442033
0.08217727734629282
-0.23950774841366523
-0.2118515267502507
-0.06922232863962408
-0.2386683844197055
-0.1582961732382523
-0.0317519867558812
0.036704119493794096
0.19172282488535874
0.17244584144266722
-0.1832711895793287
-0.21689124925712527
-0.26465076241484076
0.10818190436419739
0.05827954738572999
0.18327950480612853
0.24438872243632925
-0.0008303368744373429
-0.08386966446524863
-0.01552581937136438
-0.15378593525171314
0.26466211198563294
0.18394167871539052
0.0761618488291736
0.12600453213934992
-0.2196728654975455
-0.14546587286996332
-0.12406781491971089
0.03923380304518237
-0.1428841100795887
0.049165858512081495
-0.12207846141260834
-0.02976190457478617
0.26187935416138375
0.11503869925631194
-0.2306331465731608
-0.2562462165425505
-0.12918847851788282
0.08725199378471066
0.016602091377323214
0.09580463421107877
0.2429747267546577
-0.19783362590348905
0.030151925437611915
-0.22156558419168246
-0.20820826568177778
-0.16644389759918432
0.24142936763766965
0.2328555539381263
0.1626103390657428
0.2560996208101357
0.02138953533426441
-0.2641247432053552
-0.0647450072367887
0.225238536502683
0.00036823300655641766
0.03655395098728553
-0.09639008215996511
-0.07953797091676659
0.23584729821899386
-0.2176658373251073
0.10171359514768724
-0.24513582969887768
0.01180699756781034
-0.021478129076651753
-0.1994269481010692
-0.08858695396556615
-0.003970633301628057
-0.1910091158111087
0.1970869011706583
-0.1585427635468951
0.1228475829927595
0.08863716703907709
-0.10373188665114769
0.022804285110024747
-0.2772715521132078
0.22804315741667058
0.12426884286460738
-0.05847451452271932
-0.27640321189824885
-0.1668847616812578
-0.03034041606421306
0.2198643579020021
0.11290057518944657
0.22661936567649077
0.1353456881069382
0.0634490570080673
-0.20558069493819153
-0.2739871601758759
-0.06805281990453277
0.26644293803759356
-0.09007817884907363
0.13144436725901154
0.24753817915883902
0.21500724228894158
0.11877777028153358
0.11324998583151347
0.1870371260721177
0.05383156641351272
0.23630844928301464
0.1995617772235314
-0.20006835121574518
0.27733643562258625
0.027361513545032135
-0.10347732027643489
-0.0914043065480652
0.1450402407857636
-0.23088048238596484
0.1802513686869751
0.13476115637630964
-0.00964180595444436
-0.07222683906026406
-0.029461495448887487
-0.045821374996663417
0.01606097509905502
-0.05326511103934661
-0.008749189068481156
0.24898154850717924
0.10218206214138154
-0.14122739259875813
0.1120511510275441
-0.0077859447006298765
0.27745263519598995
0.24780342400873923
0.22099662539221965
0.021799515023586402
-0.08751922662023026
0.09940113397587108
0.22934733609198055
0.14348633147154072
-0.06777123091441817
0.09571719328708089
0.22393683362398908
0.0800716304171718
-0.15598912546421795
-0.16255401386888585
-0.1013022684030446
0.06536646250499539
0.08055991723801437
-0.20844831129727356
0.02066294084642628
0.27556432470356507
-0.20351186454522066
0.1889367421844017
-0.03495458512257804
-0.13624134765169651
0.21652946697396114
0.10981336842368272
-0.21290801600712156
-0.10800085558756384
0.05379047802481712
0.1312762205359111
0.16621108111683075
-0.2687787228563088
-0.0960634112804793
-0.2614592644702382
-0.14489712375988462
0.04197361434795377
-0.21928518564656432
-0.08065951003335337
0.14451763869883577
0.2601492201405352
-0.26861031863025014
-0.008887877058310512
-0.09144228908897631
-0.1893831235257009
0.2751716147327513
-0.0017471402958341709
-0.008932032054931704
0.1061261507808095
0.1707501653606051
0.1342723143036882
0.09530622553858004
0.17099798626949891
-0.21046030222740877
0.048638520445515865
-0.04784923741597369
0.03304879855996207
-0.07859632991795193
-0.2629527578005458
0.04007551223858874
0.27539986619069945
0.20694079028746926
0.15317327229627553
-0.22913360323798232
0.026948136693849656
0.1494871886743896
0.10058321584393293
0.04693136548564508
0.13766251488602266
-0.15255045516560137
-0.1023524946735769
0.26737372690813943
-0.03876501660133555
0.10225221561432507
0.08048777809241042
0.03194223015543973
0.2801041988448776
0.2558395198425393
0.0017407667565040308
0.025992466045382023
0.2204691683145148
0.11486615909651388
0.20852752950360082
0.08283447672147892
0.24518544758770444
0.04212039835220982
0.12011791368338354
0.015920895344656294
-0.13825065704889355
-0.16235229941427654
-0.16778898603248926
-0.03420561291422014
0.277925048466378
0.1844159188040737
0.025605530347665106
0.07301809828347527
0.1326236237808906
-0.1524420230192743
-0.1509638789086914
0.08847422986580844
-0.09876029953864177
-0.17209082236691298
-0.22494212050646248
0.20673906130505748
-0.04813225579409178
0.1773906522315336
-0.26947512709036153
-0.2434767011212653
0.008795183348060676
0.08425587150190389
0.22715391213138147
-0.07127899249746322
-0.23488367396594637
-0.25201770421044145
0.24003642017642057
-0.22094932892134952
-0.1639288302268908
0.0041281284514319005
0.06473825606095529
-0.11734519511353131
0.06520851209490691
0.08715978103451416
0.02589186210708122
-0.19417990317539563
0.1269276848702774
-0.13629429276173832
0.2636853609657571
0.22109800939065383
0.09961561556548121
0.04007900545169929
-0.2160437039672521
-0.2224441777775079
-0.012715474415969263
-0.1692366075473856
0.20291267388803563
-0.19556789229640853
-0.24189675950797668
0.04206307175095869
-0.03636836223177531
-0.03660165187043893
0.276571346153046
-0.20666172543076206
-0.14985062289326861
0.04224893776253941
-0.013589731556498952
-0.06552010382231221
0.18413427946462446
0.17249629996420657
0.0850014971613714
0.07368563516079307
-0.10093458312446829
-0.08728780981308429
0.0041530066853989744
-0.05169519148207255
-0.13221110357807608
-0.24351793471596508
-0.2689273500588203
0.02689427098390984
0.2511518458171542
-0.1341071096833339
0.22777739631421523
0.22752150124471704
0.17364121104208763
-0.15981754358638095
0.18623920413896122
0.1777746749855409
-0.06222998759248427
0.00045692218284093533
0.021419434772911305
0.1565739030334783
0.16267947943778716
0.12191383589977867
0.09338491758500544
0.1469171114416648
-0.17217734299374893
0.2013856730117612
-0.27854494812910724
-0.07021477998012679
-0.248161319297622
-0.05696377852889378
0.24076081539017302
-0.20178293120504073
-0.2011825938143202
-0.13730780900877593
-0.24641201899469461
-0.017247733196463166
-0.02691350696014977
0.141418265743517
-0.21975105802552225
0.18326508740350245
0.16367397765500163
-0.057483741035603525
0.17363830675795056
0.22859245388948513
0.07084029682105847
-0.27225410063278804
-0.04430471039416001
-0.15168370268805093
0.27872468355966096
-0.09914489533012547
0.25285013545255797
0.18958276914185795
0.15664560206621925
0.12857046624498086
-0.1481418811210655
0.23962588715518873
0.01741111401210127
0.16322081132843203
0.18280726156019433
0.27457768345487055
-0.0014213197590033366
-0.13076396153787362
-0.03399566623198316
-0.18728846153326073
0.11388659716190669
0.25270035997289786
-0.047564155806447406
0.05887862497115026
-0.03276902542328483
0.17413210683038172
0.049663613701317555
0.2253859207602562
-0.02333425567314612
0.23946973677010985
0.18569609645652685
-0.20650247108937905
-0.13445758952576123
-0.07685190548342793
0.23464867957097268
0.2768116700573603
-0.06549483655974433
0.17991207053147917
0.0866034108491252
0.13458204714560618
-0.055039104221132173
0.11674473963840598
-0.2549451619731894
-0.0521683546816549
0.12137442239967983
-0.08272199648993428
0.26278664070231883
-0.20100499634968672
0.23945754286390608
0.02422112233726692
-0.22428235831838808
-0.22664720772209462
0.05986893897423806
0.22757013476164611
0.24716526170637299
-0.22603158773596022
-0.19686385580276328
0.08666514427656913
0.24530038275622323
0.23766803736831643
0.13445109941982297
0.07211576934362046
-0.16539461835039798
-0.1838534631594543
0.026140374229739527
-0.24170288606431628
-0.17928090009940126
-0.24192069010574058
-0.004763431937635065
-0.19995094877472158
0.13835160852452172
0.13928209078545362
-0.016220636716409054
-0.04934936004542881
-0.010088882858479975
0.16695964606234037
-0.2500005707798569
-0.08115806888833565
-0.1287840813687539
-0.2097230831352655
-0.18817963420516737
0.08447334692689834
-0.1533252322965684
-0.12830393991112204
0.24928963844406926
0.07340374367553465
0.18697420704748668
-0.07892947720805402
0.014120285324653647
0.03234939474510251
-0.19705933186837643
0.09538578642261519
-0.13964358620456366
-0.09897930273022928
0.07615886430695112
0.1421168898854403
-0.014807686427368794
0.13460813867208926
0.1660499611598723
-0.24502795416238204
-0.008752415759937904
0.1819412849779013
0.07870669029676869
-0.10487009698098143
-0.2089463228540137
-0.2306087421603112
0.1938423778315067
0.26477055437603936
0.044569709743948305
-0.06499425156667085
0.24565767586496456
0.01102729479992648
0.10485483489753838
0.23800680347981107
-0.018950506757186847
0.19308843473777354
-0.15145985990440355
0.0683266098900242
-0.2535607056189542
-0.14216395251942104
0.12439389472026136
-0.20676561808275745
0.06990948523456297
-0.12003651604506815
-0.2369320445591967
0.06354514465593464
0.08972390569778516
0.23249553397954914
-0.04932432167098583
-0.22021495261349425
-0.08200164265827636
0.020228809270911308
0.0760585830156501
0.053637394679542705
0.2729390406729365
0.17771889359370124
-0.20990524360255647
0.06649213273395432
-0.19599846874321783
0.22732080347343453
-0.004830580900207326
0.2464711418690244
0.15626275855135058
-0.18236310431785407
-0.060389863528165055
0.13130899784514233
-0.24341393774079761
0.1399904165647743
0.1175789048779497
-0.06491876619189232
-0.08461206404734253
0.042744374964257426
0.20141906827826916
-0.05570209704690879
0.2682150259264201
-0.1361931804955284
-0.01864693843570603
-0.01346627740358175
0.08130217481573954
-0.2535448844316218
-0.05300024433809017
0.05235002247979953
0.03981045268667294
0.11120828846199438
0.014785241419063844
0.10423069915700267
0.12744502791085233
-0.2408207751333001
0.018474443441194865
0.04566264417031879
-0.20361875849095454
0.11884942684617605
0.06729193449303039
-0.13438604536624799
0.11019966155855654
0.26192205301107696
-0.11774796427523987
-0.10390363444308451
-0.12639660986471973
-0.10587230564619121
-0.06595698747705475
0.12191837010698192
-0.15977397882147415
0.07594982097846104
-0.02419609539269596
0.2512643830294464
-0.03371433719564659
-0.24780938921704207
-0.1416081351195835
-0.11951273322238773
0.27022579464236773
-0.09598756164795139
-0.07631632989712187
-0.025975607664550315
0.1500395593880186
0.08984516554306465
0.11222373055636153
0.020002679609431806
0.09994853207989546
0.14286123436822634
0.1214320377393921
-0.08050196555884026
-0.05010579056312306
-0.12005279260636206
-0.1318492157213652
-0.09367222849749635
0.11888415072871084
-0.004869572668870614
0.11692998151464706
-0.025682584286922994
-0.2586504458226772
0.06233517987302534
-0.2751768884817879
0.25090698269266776
