-0.10307571799124307
0.010241657982541424
-0.05261998764328059
-0.1082088137196735
0.04890396110322251
-0.1503705865392992
0.11687431562853157
-0.010753627129377608
0.02037284881173501
0.1399781521447725
0.010343966019170397
-0.13174687326096352
-0.04616913872010521
0.05503932554166349
-0.12729103268405986
-0.11912716808528381
-0.11450079613685753
0.009563827091986332
-0.09978521224553209
-0.1535376074974049
-0.047138839499082735
0.10653307451167121
-0.034920957225656274
-0.16276461646104226
0.05653234042983016
0.10563372546766886
-0.04897772989563688
-0.1016258122838157
-0.1460317000817017
0.15163478003890757
-0.1154967313988032
-0.0905276533360211
-0.04458447709388606
0.08578693626348366
0.15421698363909042
-0.1431131203801592
0.10238360214910913
-0.057500518769982356
-0.0573596537013383
0.09611666779499578
-0.06766341250877292
-0.055305366035194745
-0.04249542653073844
0.1350575498642797
0.16209587207910497
-0.015720325541894814
-0.014048127334819333
0.049178868469423126
-0.16314164746899895
0.13076296301606505
-0.026741320877818886
0.05323470306860556
0.12369923125777904
-0.1499466689559548
0.08607221231564549
0.021734402995546187
-0.06016439627312149
-0.13216469198842812
-0.14019775762039885
-0.03718196522482636
-0.01009306644915789
-0.1457884631671745
-0.09422582588803147
-0.08405526405391753
-0.14642918366876198
-0.0038039671388448437
0.14465767031393784
-0.11789624526325695
0.07673409404822545
-0.14889616815314058
0.0859566252013241
-0.09447878996572878
0.14909957664731344
-0.06542343968622542
-0.09155225220962813
-0.024676371598745778
-0.15636711411939846
-0.07584688987422517
-0.09896179723504435
-0.014824839390802425
-0.13022012981397305
0.06478275340387604
-0.03487432961254208
-0.0009791633265319732
0.03484877300009112
0.05869255227238923
0.07242024614573511
-0.11172188451343795
0.09662478720199502
-0.08655517843187291
0.040542901450766916
-0.017092838387391313
0.09233299734899675
-0.055169920736856795
0.06954431256644503
0.0633481557635904
-0.03333179017057131
-0.14118596814767986
-0.03968329711586298
0.1332745885371473
-0.01594054068171452
-0.03330677089436396
-0.09637324762300914
-0.05070321304988247
-0.10510145182800393
0.14039453441544814
-0.08575634473455579
-0.1170747611282992
0.00969288002811583
-0.02915016492561015
-0.0743400620913601
-0.09571015532830701
-0.04052946474909001
0.01968380658205554
-0.06443286370177603
-0.14733090851779923
0.015823479401328805
0.10517627467956886
-0.15898706454959757
-0.1311683296432216
-0.1576712932312101
0.08426588923019324
0.0665649227662648
0.045042252526129284
-0.1369286362021058
0.1461506099204895
-0.023327719884007447
-0.056790033605553875
-0.09730397573159076
0.04698503855770861
-0.10461370226118397
-0.005371601439816298
-0.025091354256931653
0.11044987157664682
0.14577615657740078
-0.0621718823398813
0.13145944891449973
0.07628769449757
0.15456866508277467
0.13218813853862837
-0.1215555932126608
0.01715445494734047
-0.032356215131271876
-0.09654264042873771
-0.09026154092593179
0.021958528833238955
0.012633623402158567
0.012342738309882723
0.1161508264442217
-0.059700230714840916
-0.05593033169730119
-0.05361804046989685
0.0679524264651496
0.012789899238879354
-0.03679523172424454
0.011018372017651046
-0.03985004558570966
0.06307857382287282
0.07274873238457871
-0.04584625048623456
0.10715171079895702
0.06958482157339052
0.023115276310252147
-0.10107895187860567
-0.14486581631836334
-0.08134886060486599
0.048718442878613794
-0.11813288065635835
-0.15779299812444386
-0.14198968032274598
-0.030224307186126426
0.07200763353501222
-0.15477783959048297
0.057027785946151016
-0.10325986565870802
-0.1635991260640694
0.11023235795855524
0.14628652544737802
-0.09077838366626836
0.09952751468877141
-0.15132897413979926
-0.049873385191046074
0.1224412372132263
-0.022400453654501606
0.13485537017676785
0.06685045613349117
-0.02631778848770852
0.03641591927445664
0.061819561534223716
-0.15151741456766293
-0.10603885704793156
0.052771631984794315
-0.06834389925087116
-0.13558377440545777
0.1297253065652595
-0.002041649894354347
0.11327963378477496
-0.009330159604813065
0.07032350835525428
-0.14322842227859112
0.03892932155681994
0.13517716062812207
-0.06910478227395367
0.13159516148198597
-0.06515521702208985
0.10965627065433153
0.056809095998903714
0.06484007383292101
-0.10107535822704677
-0.10480500741791224
-0.00037493547918249215
0.12477644029733087
0.11245296348853939
0.1520315352288264
0.1026138605362123
-0.061930142711366654
0.14025635612121762
0.09305256271701096
-0.13466896787566576
0.016053494425211895
-0.004276486212081043
0.1231740465567065
-0.1359227716555684
0.13134858021463702
0.15729551823129162
-0.16252782908453486
0.09691474998453875
0.012292687148090592
0.0352439550252627
0.05819344507700308
-0.038990410647762555
-0.0376466922016738
0.075080039859895
-0.08519551804164961
-0.018684774451804054
-0.07423231232998513
-0.04067341871310112
-0.06447894893914709
0.09945703216562463
0.07750643938954374
-0.013114012621518928
-0.05145970696659337
-0.1268530928340752
-0.14456191995899217
-0.07036009975665634
-0.12588337174649564
-0.09644669593965877
0.026270369680439082
-0.04071417380236968
-0.03566626798574815
-0.11187480750667136
0.021048629350345543
0.1363216076654047
0.1461249543093382
-0.07366342930289932
-0.09984622540326472
-0.11675334127325787
0.021448053374260673
0.13479140382934807
0.1111600587555453
0.005859637455110894
0.05811028279165145
0.09733511019705166
-0.11434499044529284
0.15835211334460209
0.008673296506064437
-0.13846812202331035
0.09079389644794028
-0.1497052403737461
-0.07807542368688129
0.08049084310176066
-0.07367500126607852
0.16339580898210915
-0.12181285461179608
0.13385836859417022
-0.05575473311481488
0.14055686739220358
-0.00010697309509472008
-0.07370204485184359
-0.03151853852689751
-0.137496669044701
0.11628442121236687
0.15278857141630936
-0.013875809263745736
-0.06385520576957304
-0.025965083081484014
-0.007971192191413429
-0.051116807812389045
0.0071871868782245885
-0.11212121968515992
0.09157479933512458
-0.06123299805758911
0.13814374933069273
0.16364306898707104
-0.13025725119166048
0.08807600847918573
0.14204462058125977
0.10675997942362875
-0.12237583990775505
0.028343880872702454
-0.10552684913887908
-0.12798321700717744
-0.06154540781955721
-0.011404613919054535
0.09234843481501653
-0.03820655189877181
0.07780768460559448
-0.0953450682606567
0.07238291168617533
0.12045298370999125
-0.1404675531856125
0.12711814692336915
-0.1097921246768741
0.11139288223042226
0.009719261951928487
0.09683620042168872
0.08619339302438037
-0.14486077555827948
-0.09434683390391596
-0.029560227358650798
0.0025685742206486284
0.12992051245323827
-0.12795936923965348
-0.07317419757488937
0.1312833748503448
-0.08515563128664791
-0.07283747696807025
-0.05308229381795668
0.07451870358180845
-0.05863576365458158
0.11462286575368469
-0.12639104904065326
0.003204911029509344
0.06399791868096893
0.038309553174767086
-0.09088648648945637
-0.14779333874551068
-0.13081437032840637
-0.0765444362728331
-0.09875748821992651
-0.02275594933274372
0.05857218812845566
0.04199370894772722
-0.01632757645014854
-0.05820238759173163
0.055417740006686506
0.11149808357037877
-0.04999684587953293
-0.050918141123114255
-0.11961654081296556
0.030529562053388387
-0.14021730439410582
-0.02967830755053466
0.05667422969601746
0.04382289121364036
-0.1130142504638588
-0.0665005933722374
0.09096796055252865
-0.037045642639359555
0.1530557143193248
0.07439423647110888
-0.002007038141175893
-0.07345610178578867
0.11185801887395941
0.07842734484826039
-0.06785826040457651
-0.013536598763724234
0.1381507259831798
0.15412055064886132
0.12113749281552316
-0.10200458517818217
0.13545400267174568
-0.12610106445867827
0.06776757083604101
0.11341684899993854
0.08925840642068439
-0.04070742454775858
-0.01486096783656915
-0.10182060205288454
0.16212805722894202
-0.1322000128449073
0.09447148229907487
-0.15777177779050192
-0.1134565233398917
0.049655771861938425
0.10400944924434569
-0.13109264274952087
0.042592821110065904
-0.045024049912323005
-0.14726425380004513
0.16017467745161157
-0.05764142849672298
-0.048283643758928574
0.14997832765819358
-0.014233379230925713
0.03697183302821519
-0.13530450834444885
-0.0721205555832881
-0.02078656925901312
-0.07666914290903881
-0.015127991342904823
0.11998725451240438
-0.08556467699682223
0.02218109448641606
-0.061009572479374205
0.12231771244440931
0.036974546948477266
-0.16183259717265536
-0.10333233358372065
0.0932613564034716
0.09084118929000962
-0.04177762161831883
0.06682793072658227
0.07624592175721767
0.13932640466562773
-0.16202595791774588
0.0734678819646167
-0.008927651186832225
0.06821217321017725
0.11938513861039224
0.05897620289831401
-0.023718010893170355
0.08573302655825771
-0.04869374959313433
0.13306476467905376
-0.09422734325905462
0.004905445156994842
0.03524709469515233
0.04718298687269029
-0.15922040798396245
-0.16086182941757426
-0.04630085275350619
0.057472263252766914
0.008768320269503999
-0.01820675777295741
-0.1570595018537764
0.06607680344122357
-0.0006641569358571964
0.00709567216189258
0.0642849893948449
-0.06430858072712452
-0.012285108754963886
-0.1372582305237252
-0.0927000633822586
-0.017871565709439208
0.0235616606168072
-0.006289936812843427
0.10697731253782095
0.08805690338112332
-0.07504462405820292
-0.02027733801858153
-0.10707265083974524
-0.1466960817420881
-0.06925833916129706
-0.15276929042952495
0.10998121479590595
0.06862743385461506
0.12041935793341457
0.053457072638878694
-0.1395995291728503
-0.10143531523746616
-0.03326985475670366
0.010573262237538433
-0.13602408808524294
-0.08366900367060497
-0.05680443688961684
-0.12448374108959406
0.0706468645575564
-0.08765265448982279
-0.07838884123795399
-0.053985547530331635
-0.15802746555875657
-0.027336828009684455
0.14248676106926744
-0.13065318297709294
0.0236700328924897
-0.07831300161157305
-0.007514394062730606
0.1257170279823227
-0.048749763624743786
-0.05451894493442787
0.11619296997489287
0.08783314678680249
0.0528825082702748
0.021109762639526075
-0.13008223059545188
-0.0871530425759345
-0.15884479802875937
-0.10362858442767427
-0.1510689692093486
0.0862748218550661
0.10319546449838429
-0.023800884225488345
0.0533890293064313
-0.16105505991242342
0.11925274451141665
0.15578167446574331
-0.008505916896865445
-0.042259894881841745
0.07734224936609915
-0.06139829708687966
-0.10045368738886352
0.07329968918063398
0.1301460097849178
0.0692055022772265
-0.13016849116781845
0.05581137321140234
-0.14360628884396415
-0.12178530298598728
0.04072745041740125
-0.11112354814896086
0.07911709835689568
-0.008072719575987208
0.0032014383328682616
-0.07394272505239571
0.032219327067643716
0.024787905706197905
-0.0030431253821864013
0.028389340221011305
-0.10234310332415777
0.10017885687721778
0.057524015913773235
0.09541343648115952
-0.016252881900056693
-0.02981160877096975
-0.142938705196864
-0.06584882716518725
0.03123902253960334
-0.07475730014578745
0.1152686183722243
-0.08930049941024543
0.12252326840983568
0.057018578601274794
0.058231422458640464
0.12381467609843416
-0.052319040428999306
-0.13005007558309092
-0.029337742832568847
0.138213457542939
0.07756540085523769
-0.13472379023171688
0.09560794812148482
0.12273254693289393
0.11873831298639165
-0.14642355374636995
0.08717939941700636
-0.07003552258023393
0.052161843294313975
-0.1445139350633819
-0.15235356780511308
0.04539786159348638
-0.14127150589021784
-0.06059004681031051
0.038025861657732446
0.11961130668676934
-0.03166844483259629
0.07478328018800767
0.15098073174954024
-0.05129196086070091
0.06704011359699918
0.06259748966023626
-0.13649893614860537
0.10412774728715751
-0.15384786779311801
0.053564709794185206
-0.1448392330108306
0.10733793303234135
-0.1386893033365083
0.11928072248878258
0.1406128677807284
0.023990904189011397
-0.06261469538855728
-0.007598587877093443
-0.06265483982683966
-0.053917557793947704
0.13632253174743042
0.0215829060712166
-0.06397736065243924
-0.11991388163665093
0.038306398442503414
-0.07930309795490871
-0.0600166101231369
0.056119773248721916
-0.02366522566793952
0.16289868909792482
0.02057812113275362
0.10851255637788865
-0.04978292093630225
-0.10413330817491744
-0.12233431273915969
0.05018841570017549
-0.09177552693645051
0.04248090800131277
-0.01614466614566018
-0.02917400073352952
-0.050884421146509526
0.15619768990344052
-0.06650227752692611
0.06810696561502355
-0.1563871298468102
-0.009068478669256558
-0.03314225070369675
0.1385695668776986
0.124787415680564
-0.06335650032866288
0.06220490770983694
0.04579575324794749
-0.054977741037104816
0.10396822743218004
0.1383727835494079
-0.10733569163989239
0.05093854910986684
0.11119963487682005
-0.03508222752786477
-0.10585500872361611
0.07381277353178708
0.1269414809184487
0.09710381142734081
-0.03523246018845347
-0.1115315646595561
-0.09756743793107664
0.02548439608608341
-0.05577810324323493
0.016321110512251685
-0.00887934430138193
0.1366284361577454
-0.15273863891376466
-0.12702819780453262
-0.05604263682140649
-0.08394171459356259
0.05880271850414398
-0.012406344647743595
0.09396547905565839
0.13151373990349913
-0.11359981380373038
0.14446540772123762
0.03773731848617745
0.027680605206482772
0.059023422277283216
-0.10292056466597035
-0.07881893445302601
-0.14782461275194134
0.05258199551345494
0.15189099391068228
0.08310706533281398
0.15217946158498896
0.12311806201230857
-0.13586629072914766
0.05170698846894653
-0.08939550676510856
0.05586952540893306
-0.15785549092031104
-0.04777215852566068
-0.02174193606882685
-0.15166355237732215
-0.16264632958742978
0.07012811067056013
0.1387302914919858
-0.0030150187934274153
0.02788059176767302
0.021559334174112377
-0.017869317828626496
0.05411204215729404
0.019632430498136566
-0.08668685390500322
0.06856780608347529
0.07182068525590005
0.044541102056857046
0.09211110298460834
0.08950099368712267
-0.07461233992826101
-0.10778066442818623
0.07561771872202272
0.15006392014706044
0.02071409230404106
-0.1255049488197963
-0.0706779151904625
0.04577225481257893
0.07358066955413195
0.09437211238217791
-0.12774537863245722
0.028051170008550286
0.12041933252749387
0.08531690920030602
0.1398911864931487
-0.016100429487105022
-0.13936158262770668
-0.13804662914192445
0.11774042374440996
0.04513400970338585
0.12568047377597813
-0.09815922917791219
-0.022469898996170273
-0.05259936751133787
0.09120722942361559
-0.1400283924377452
0.11493808310021203
0.13815824018173195
0.1445916942273492
0.033556961320304196
0.018853679971507997
0.006840308995355232
-0.05871528840055011
-0.1570493732687216
0.0037806666214762474
-0.10312718621051942
-0.16117888781806985
-0.09350580663032396
0.026334772157403596
0.15693886901571108
0.08638987458319264
0.16252440063913914
-0.11873108140471778
0.14759811734400308
-0.15311355622578313
-0.13610924667752028
-0.05784352960427605
0.04960477201079172
0.12650236414956173
0.13375359936007664
-0.05372972779700873
0.11690609373375055
-0.03962344162111921
-0.12513438737732102
0.12332467316892415
0.11752691637122686
-0.15125768485504934
0.06105982159449133
0.07501383256075783
-0.0382168135801933
-0.06551768950610784
-0.0011233872046580995
0.13072216774454393
0.08291154501206915
-0.1585346938435173
0.14291216513044214
0.1383871366503885
-0.13424931426605122
-0.007132063226956642
-0.0780336573868139
0.011931486787930101
0.07685887260319305
-0.014031143353570752
-0.080006777811426
-0.03735724623870926
0.0011270704003233656
0.05409906206770654
-0.1456483369505892
-0.15305245674883758
0.035845468699568006
0.132062072184638
-0.03575184775151155
-0.09471551949762556
0.0024277063090144546
0.016094622537644876
-0.056125954265758976
-0.05112468221777686
-0.0836217576638257
0.012145967056971713
0.05994954770513447
-0.07664902330657967
0.12586399301405676
0.11227688388929064
0.06480093056190037
-0.08045102018836246
-0.05969153308009084
-0.03275435841340918
-0.009907299103151496
0.1531104367824619
-0.013413015530631456
-0.14864891593549395
0.0813213868187973
-0.09113995871962068
-0.08743844043475846
-0.052752718042819516
-0.10641388354125914
-0.043640001278597226
-0.011698730705289595
0.019967498214469498
0.13408813716965956
0.003305875044099127
-0.06542725152012067
-0.16322496268520645
-0.09393050406157645
0.012085075450494004
-0.01050310953432107
0.1154723894905923
-0.13654369302145225
0.1359214222292393
-0.1575513681304462
-0.05116224620903022
0.029070389091676474
-0.1304231119415922
0.10179566226046738
0.042307359026658026
-0.03326364041577745
-0.09136074564894332
0.12263638128747745
0.10898759709144329
-0.014097427166370968
-0.053282554549411054
-0.14404767414559227
0.014216056089477097
0.07444009443352326
-0.1525051852668808
-0.014609672988468353
0.007016576589584711
-0.11315500016479936
0.10991863736088264
-0.10224339299561022
-0.15884222733364387
-0.06893804805774774
0.025557173618360907
-0.08149145640972327
-0.031199536416995632
-0.09948094918570419
-0.029699836902466498
0.11304337824909522
0.15697417350986453
-0.14670842815823834
0.10067813598585584
-0.06506459334432425
0.10222876434765354
0.0975154983757956
-0.111850118753583
0.12311492772229565
0.043319137288544834
0.10732700830538638
-0.07385153182205123
-0.031660106411149025
-0.14434375515603792
-0.07401489971998367
-0.07292704425973436
-0.10919672680487873
-0.1482460496025306
0.018715918220607836
-0.046324975471659174
-0.08931214112138748
0.02347976874976157
-0.021334676458016066
0.03253433969733788
-0.08955507824730495
-0.12548323502963174
-0.10942581087715601
-0.04219056995977821
-0.07979645029012421
-0.01798902404985675
-0.13241617847782924
-0.15947771763144492
-0.15046447476406138
0.06785537457145782
0.025880949459338276
0.022210755070660754
0.12821833403518423
0.019315335165673825
0.15955074599262686
-0.14413877212467938
-0.011874126665155998
-0.15062432308721516
-0.07870954857450828
0.020183013587824594
0.09425467227634765
0.017681336713709528
0.03301619095125924
-0.026892020926555543
-0.1635068104003253
-0.028439774085852076
0.08110496773915848
0.08320775191864896
0.04938064821064575
0.1190557849944397
0.09220812898784064
-0.1364014877912099
0.023431152684405904
0.15192903272057923
0.14957721968565468
-0.09610139370372804
0.12272351285251326
-0.14781747122835137
0.04220054718756447
0.00815913948986477
0.15976754557073009
0.13048918003204657
0.033477639558190025
0.1561982003534273
-0.1511850367573446
-0.05534993361924384
0.06273053720482341
0.15789864480756405
0.03700270846700668
0.023229873606757434
-0.009655793694773651
0.1543715497397941
0.09030761823027711
0.1144558394300278
-0.1496560446583594
-0.11044586191626231
-0.05806841318124016
-0.12806639206585924
0.15975120476433474
-0.05939251582004995
-0.08292386313048385
0.10275808324638741
0.14640894097111418
0.09812642764317714
0.1480413628559601
0.022424168130337513
-0.02340589282348407
0.08430330657725987
0.1502532996584625
-0.09188792765659533
-0.09208099489637683
-0.04457389027015404
-0.008849679293606721
-0.1632793624718512
0.134462736689343
0.03903259892986824
0.04560792011218276
-0.1302548604584687
-0.060547135857144815
0.024376029326292376
-0.02272657067792
0.1238089242548347
0.006394569465733274
0.0016809780664287233
0.08863390193499165
-0.05966109469716167
-0.12840348196375362
0.1499894861893205
0.0948938394681576
0.08421941881061246
-0.13288850305282554
-0.12207248959557881
-0.14443703888923856
-0.04333826998684365
0.0046393673618152775
-0.14932947552386985
0.02853125511774518
-0.12097405429751402
-0.07878907140400457
0.09396667700978967
-0.1246796238481874
-0.1347746081888369
-0.14738196095831743
-0.05186015896205448
-0.08461227644484648
0.019948858689321808
0.06153740444299563
-0.1414280597449417
-0.11723904354849762
-0.050138139430183595
0.001352212226591848
0.007454260381398986
0.04400574548184982
-0.058379809105650216
-0.05645799688475153
0.1359510335435441
-0.05505767451710618
0.0907379588105332
0.09593770942321345
0.07679381706981364
0.10968211193823613
-0.03100061343280741
-0.010193792380831679
-0.06467315859181211
-0.0013249625680539778
-0.12978327686461158
0.03609941662176344
0.0493674431517733
0.006139188004114671
-0.09035822225148744
-0.026881192192859615
0.13714599121910315
-0.043421060013310545
-0.06443722072644748
0.021313046115555373
0.15390068902800652
-0.11383821135963544
0.11272151627667748
0.1634695195290512
0.12930193573943644
-0.16180348381105497
-0.1575728688152568
-0.05004385084218613
0.0907707775897395
-0.009180969005911949
-0.08072286503490347
0.16046693872165274
0.14173867998868522
-0.043619187199298484
-0.002492837515777113
-0.10936843390706001
-0.011710319760110638
0.1401921962520199
-0.15801982913346876
-0.14587647847324314
-0.002960033004253737
-0.07813284360105396
0.15534937203049498
0.15665478131906524
-0.023912592054786352
0.04069264935509484
0.09507275425455136
-0.1334480958399355
-0.07645844206787185
-0.11131815994975364
-0.10260060402700683
-0.06282403176439054
0.08620493889630651
0.13002832978951662
-0.11155321959362044
0.11806316847980153
-0.06004979258480542
0.1169744371085773
-0.11944560296674536
0.11927359626801076
0.06373672533336117
0.07069066799053131
-0.07178630045607767
-0.05103223293338645
-0.1402689092007042
-0.12343098496970187
0.05110772009152986
-0.07456232374538248
0.15711259971013908
0.043042041763148325
-0.013810594830988648
0.03585625657410341
-0.0446468288064857
-0.08035317118281127
-0.07020370233752833
0.12101300366918966
-0.13859819911646556
0.1109013726777886
0.0061204623442000505
-0.07735116600015028
0.117868121600683
-0.03899885476609449
0.011795149714358605
-0.056850787372221545
-0.11716642701832902
-0.15675452289290043
-0.02134572027089765
0.09716682569913243
-0.07552984903377384
-0.026299867745875116
0.028892540242016984
-0.013802017256329652
-0.1588798145300899
0.08365136413712881
-0.14878536752322236
0.13996954398873296
-0.09999936020964857
-0.08860467006435191
-0.023465599906169615
-0.04300796646554776
0.06374485479596165
-0.040451890018518594
-0.07338827301322383
0.109343829408374
0.044241956959742174
0.043595849732165654
0.0467371179619335
0.06128376221897194
0.13564087753887516
0.03298809888027593
0.07176380993647904
-0.14346831786480266
0.09588672097626072
-0.04187378233470006
0.021894933449761067
-0.12546307713965693
-0.16190994390824553
-0.13924958180820365
0.11524987083517313
-0.059405509404006435
0.13308286504876576
0.017129765038059797
0.09686031471981077
-0.07537978775750521
0.10018438396408746
-0.031719566805814225
-0.12380001676185778
-0.14612030733572165
-0.057488271646652114
-0.157513490176526
0.036144027157672565
-0.12967005461074468
-0.129789469049172
-0.12903229861666052
0.10287342646375958
0.13526789419526952
0.07625347564610135
-0.11137274555434086
0.04516817979589152
-0.05892492415206371
-0.12985510312865287
0.15544236053258598
0.12130294462784691
0.11732776346182239
-0.1613726954532421
0.14498671807812596
0.11450937477454942
-0.08913267287779551
-0.03178620476507357
0.0819143989175311
-0.14635869145129646
-0.16172268704056844
-0.03831684192451282
0.06552100931669086
-0.11845834447120024
-0.03509322106254345
0.06163391727759299
-0.000620869359344689
0.05858141593644969
0.013436458243362814
0.025190332470131277
0.007209103138664685
0.14641077332645547
-0.04435826978499498
-0.057245656847996554
0.014412637633195197
0.036130053905441856
-0.025128220542657176
-0.1292023766433646
-0.03837736473292214
-0.049223879060380255
0.14670847868359482
-0.04180189888978225
-0.05239865177364722
-0.04332095843133546
0.03436303237685759
0.09193896775468507
0.16340593427822303
-0.02343537087846559
-0.11150708000931214
0.09035111313460253
-0.024557985151241357
-0.111540863719192
-0.029524870730347347
-0.0711019972493532
0.09589644209362008
-0.03242018576409911
-0.160485589503581
0.10653843209521979
0.03916695156229211
-0.05482336502005547
0.1429780055403267
0.09790924794410594
-0.10688856690300477
0.1328865034823129
-0.1259206109318863
-0.15875898201439811
-0.1478799381082391
0.0976019031078893
0.06611893555276288
-0.0526184942200483
-0.11347116494701545
0.06796599365031172
0.14914868505274176
0.07169644205136527
-0.00891496690474905
0.15293223896276348
-0.04606830374164708
-0.10238666141531734
0.1561146416569124
-0.1349769075902291
-0.01466982827238103
0.08424741223746357
-0.03029053176678817
0.13345892054296193
-0.11978274489550259
-0.05944194903128752
0.07945727134386588
0.13434511989981573
-0.10455115932184711
0.010507965313280798
-0.14428538010435307
0.009359309439996188
0.015949293903881168
-0.030362625973114482
-0.11167563717937701
0.011456872886024316
0.016314919603742456
-0.09308510643121205
-0.15015999261640553
-0.0723066617564502
0.1247174450991696
-0.10502130850369862
-0.15296099672368774
-0.130349005873159
0.10578699957373194
-0.0012195347745369012
0.05638513715690599
-0.14385013866054142
0.0663946409324794
0.01352090876481668
0.12062144693724464
-0.0799830953243549
-0.0502721848890367
0.006171468912895134
-0.005847937157952843
0.06848514921328214
0.07666162663213635
0.044588147915723964
0.0617290488351295
-0.11715657499509542
0.11351120106396989
-0.14428093453967406
0.04192425402288788
0.12613211258871282
-0.020501855637477973
-0.08435790528276585
0.050212175807232
0.12947286384499562
0.1357710831616204
-0.03092936283964387
-0.06570383606042261
0.13998576159161746
0.08221810437202695
0.01956617327932983
-0.05112630954008811
-0.07849845745583389
0.15191569582843323
-0.15586769525071262
-0.12232082056385193
-0.07520191362052894
0.05002187715758871
0.046795876320053525
-0.10844834252074294
-0.14138506280070892
-0.058521279740623405
0.03358234907823754
0.018809382268238306
-0.06578465033089058
-0.03483473351483077
0.06670717922587677
0.05849429977926773
-0.11849026298116624
-0.0038326480730817014
0.07456757657313937
0.14061247823226847
-0.09859141937153254
0.011007030121740202
0.027970729768194785
0.10606095543985111
0.044442238835187886
0.008784603019188875
-0.11272272969193825
-0.013759144644259813
0.15885699984072377
0.1498944916493215
0.1553662387413256
0.09893246341549905
-0.030227246373095484
0.02044238712454738
0.15273879565212267
-0.1515031477818085
-0.09839828572583871
0.10324840567178639
-0.1516583735809566
-0.10140052569710295
0.06497403450958056
0.026360315119292432
0.07694137992804301
-0.008095896609932651
-0.16020232061312908
-0.010003290754188987
0.16240267866807245
-0.16186199540590376
0.13984797637751417
-0.14526160126560392
0.13289223314059595
-0.05652410523630577
0.024394258334604846
0.13304498029971223
0.061985201682895896
-0.13522923955453076
-0.05544142035032988
0.07534161116634075
-0.03661397291255919
0.13482185466398816
0.13451740101874143
-0.09783100141698868
0.028157186747453933
-0.057974762810985125
0.12661949139961015
-0.05416545242558879
-0.12324963896534605
0.11010068181843474
-0.0973326535643041
-0.06717696129836974
-0.1552326789310233
-0.02408128240515317
-0.14205131273150137
0.031181219421633877
-0.11441163612996556
-0.1424095841100974
0.13278806233834684
0.040664532634510725
0.10599681638758446
-0.051754610242648685
0.04796832039693219
-0.1158366195858958
-0.11071625453144175
-0.0120086309674719
-0.1106022319192537
0.15714641325804668
-0.07017737110870605
0.11270498616955921
-0.039602083331385846
0.15041826603784664
0.028067338208352194
-0.019280527014551352
0.13150711365922224
0.09912119339789588
0.06024119452956794
0.1295647385469238
0.0767596845481048
-0.12265490603893708
-0.12172029438052755
-0.09949892636412662
-0.05125982989962938
0.0890274708777059
0.10229055830968747
0.11965242584499791
-0.058992666614621575
0.01883077534994468
-0.09110116531923029
-0.1348026464593699
0.10163398430440312
-0.129337682228895
0.15107297659885877
-0.026626136829864505
-0.16274247941118183
-0.0002944871403156857
0.04110732429414826
0.06773155733830896
-0.13513835701321836
0.08578092142981009
-0.10774111162055267
0.007118589061822139
0.0378782208132144
-0.09627907607647213
-0.01704255483957401
-0.11117175991141845
0.14199784903177642
0.13550893718635404
0.12546131295514068
0.14116604437634422
-0.11578034962533595
0.07289371056030827
-0.10940115864529329
-0.029827465094673683
-0.08032769069720297
-0.011786168440134415
0.13536067595500723
0.15991744756974796
0.08439151948242127
-0.06800773420469722
0.021894907045473172
0.09427528512470351
0.014280544785774563
-0.014645457863029232
0.014672507023012538
-0.15010589955453058
-0.13022851399644567
-0.09984093181782848
-0.03610649597664478
-0.14669432710008584
-0.12960021877217354
-0.1341112446665908
0.008468266505514438
-0.12709487652397802
-0.029039956545769074
-0.11955583480799944
0.04986172393094793
0.15610747105406753
-0.03822948855684119
0.02599483151699064
0.054060896999374386
-0.061377644113732394
0.11713187257770186
-0.07931914043562803
-0.03854968184054394
-0.09192915479156827
0.10452660366695399
0.11012255251055131
0.07107750462585288
0.01897281527007047
0.16261594513155875
0.11985045067664729
-0.08854052695185505
0.134860097010908
0.021730354192811746
-0.09309159173356764
-0.04005040740518326
-0.0822543582871497
-0.1481850843143667
0.09824194576868467
0.031768145407357645
-0.09098141944759386
-0.07407953330263961
0.01577284230236603
0.023284602290669587
0.11088304178106934
0.024430760739390683
-0.08124576308590131
-0.125476920904052
0.05401306188602964
-0.1045017623906622
-0.05762901942344595
-0.04117816700335197
-0.05133338846624738
-0.09312799110648558
0.10565580221475152
-0.08823225179062862
0.15384961578483242
-0.13013897825031967
0.09794763080144092
-0.08216794025149386
0.015141615787393592
-0.09926826472053805
0.08298021552661966
0.024615986961471076
-0.07886331061305894
-0.11081466482970727
-0.1471570078648458
-0.14645640066556606
0.1225512709903086
-0.03508161059839068
0.07324877334533436
0.002817784854398264
-0.15778898535852437
0.10610720223658965
-0.009562845880253745
0.040574963639127576
0.10285726100240544
0.01489063506098709
-0.10890187717581135
-0.00054722769433041
-0.05536768674796397
0.13023783351789547
-0.08749240429715081
-0.11677506724066485
-0.06602474629746292
-0.06317370824784704
0.06814313524492341
0.012430170578713123
0.0396244628587919
-0.00976745388762329
-0.15717542319411562
-0.005508254618750208
0.08129892920803833
0.029652666336216327
-0.027438995191773147
0.10128463973826923
-0.03963591204174441
-0.1028961615132581
0.11451083977280552
-0.005416417841093785
-0.11642061720290517
0.13991124102152314
0.11889544696702764
0.041867710207790315
0.06679716425212226
-0.06891614035387437
0.12407431133447505
-0.1509235410304753
0.09894985305463533
0.14758502722330175
0.1622106460152023
-0.1382693944545432
0.015040818153135627
0.08228611250121634
-0.16341683294740958
-0.09746393909562934
0.001143594075359633
0.11065570168406685
0.14942928152528218
-0.007771191351046536
0.1351981437633582
-0.14710748389450276
-0.09611530958704442
0.1373423962268066
0.06682286271091845
-0.08257406989580264
0.11265352734997397
0.1576281484587987
0.016226110202511884
0.0905315886920201
-0.09637781366870297
0.007527411058902034
-0.00874292474841526
-0.046778949709969736
-0.05216386176157255
-0.011173211591833765
0.06497305125455893
-0.12030442219447168
-0.012199126935888233
-0.052383511351071665
-0.040303418706115146
-0.05543509923615693
-0.08580541550393923
-0.056572238743245434
-0.08804377649188953
0.01074655529518645
-0.05554127906521901
0.10551202468290205
0.008701122280702078
0.07872202989690569
-0.136237661017883
-0.155307762209352
0.023656054802302873
0.029716438985769644
-0.0565826473202429
-0.0491605579421113
-0.07696184707543668
0.027492717926756866
0.11885380206791846
-0.09107688301442499
0.08936311048207263
-0.1411066257721696
0.14614217833378912
0.011764782579175792
0.01184333148826544
0.15562189567746093
0.04657347714483931
0.11844108495536676
-0.1612506841021812
-0.08608901296530598
-0.06043655862828291
-0.07509153666877379
-0.056431308925841944
0.03431436299000254
0.08003237001078528
0.07862075371346278
0.1093475806654276
0.08226585047226712
-0.08242430916216066
-0.1461887034123308
0.005871007560729863
0.04199604471688195
0.054116141634167114
-0.020421882217208864
-0.0560282900828664
-0.048081745154867725
-0.09812911427282726
-0.10714912679658149
0.07376411448675138
-0.08727095833903578
0.046661961298531285
-0.02963815189791255
0.1468315821906982
-0.036537260260771254
0.013026774402951496
0.005423002325809223
0.0343021594032302
0.014690664454609315
0.094542068841863
0.09023722014709162
0.07699964794141367
0.15635203379557377
-0.11583492799019517
-0.005112794621484729
0.12107655973657494
0.0948456740102771
-0.01627036822955158
0.015321528489784186
-0.13339278475417565
0.0760537189621448
0.11405626346887732
-0.0799109063532633
-0.05725862197829469
-0.0019564269935105627
0.06342057509078425
0.004333008154538021
0.12083509418472466
0.04406956820434785
-0.1336706017811987
-0.04742559845060183
0.13644927747592395
0.01110983740205157
-0.05420452319000792
0.10377550924639162
-0.08293942721977539
0.09064324624852987
-0.07800646548257022
-0.11138126826029844
0.04410094141059523
-0.14488218815184029
-0.09382978961209738
0.08115045924152434
-0.08728290124145237
-0.14654593298433213
-0.03424905191258379
-0.058351043180638995
0.15291100838953448
-0.11053431986168694
0.12408592044994038
0.13751937151326893
0.04601383021878716
0.0865026864739108
0.02317516235401501
-0.08037027618800179
-0.12752957010392071
-0.07677997387182314
-0.09254231316029765
-0.022191783471744664
-0.10955273420984238
0.08568323285547327
-0.158822797448158
-0.14595390902608776
-0.14739852540813345
-0.03266592683861183
-0.04299493514283981
-0.025206838642378326
-0.15569647537719492
0.062227592072189974
0.13308997385237148
0.0364368181225716
0.1194974009166711
0.13978104628450083
0.04979250148638087
0.114983866572895
0.014338271547613746
0.07101449677864405
-0.10762186180195701
-0.12041952014756305
0.10586963048008896
0.09110832945998165
0.08292726016436086
0.05635633334939261
0.05874121800455245
0.06424648324985727
-0.036102268241931496
0.13598360266595616
0.14551381145539038
-0.10297511290912412
-0.11459512191520733
0.0754228234335301
0.15962494197068194
0.12373563001570503
-0.08841633067497982
-0.11858989125229327
-0.0933608991882776
0.05101119749732935
0.055020863877671605
-0.09204424136341861
-0.08334698131376132
-0.029802998447061302
0.017392940934333745
0.048246129332441684
-0.03129805110505915
0.02284698212465522
-0.05461930026274324
0.01659706820318249
0.10942892239714941
0.12042135943264254
-0.06324300720466507
0.15384227234616699
-0.023420910438991777
0.14246403295520926
-0.15208666752975433
0.04888801451671257
-0.08574149633139146
-0.12438415935843355
0.0440120940589534
-0.05267030744057642
-0.1236818324566701
0.047752190466093
0.008659599961538395
0.04924926346872577
0.08375177285927549
-0.05000153276810548
-0.04281901993875807
0.07630525008115174
-0.08483952762180023
-0.07978451417050275
0.11638522605944923
-0.02710434371511719
-0.13242133329754868
-0.0017343182684058656
0.13526996906317612
-0.013267452516430578
0.011662995834386958
0.11852463570057908
-0.01128274566417714
0.004577804696805771
-0.11044426918087305
-0.09379118013987559
0.025676235929675967
0.05096402292765648
-0.11297033431770431
0.11108881753787553
-0.05905629175271464
-0.023302719149850937
0.1293766452039647
0.034352331755688026
0.022611230374357527
-0.16159484539694
0.1574889559055444
0.1268982333662355
0.04208733527668157
-0.12814498392181994
-0.1116160945871545
-0.012786310339654466
-0.1552143274514718
0.12192226292279162
-0.06842792300674357
0.07105391966790109
-0.047259176706354405
-0.052059325054849434
0.14957413411360643
-0.1197889758627311
-0.0657164181255443
-0.013753565620504699
-0.10217496441394858
0.10866677871113573
-0.12254861722269653
-0.010800709462571362
0.00808297448241821
0.13366795559569788
0.07872126286452222
0.132858245827929
0.1026467094203487
-0.14743466060230825
0.07240671955275957
-0.12577942720558274
0.08100925187766228
0.1416840544424542
-0.11054019812994403
-0.15106613663760657
0.0748918380969846
0.11899061360005492
0.052181930675590876
0.027622472316720048
-0.034438460347251704
-0.11337718824754936
-0.1284022795942532
0.025303187856774545
0.006775235677018182
0.09962396803823526
-0.029372141297007187
-0.04705457848601685
0.15312403053303336
-0.12135072376532914
-0.068851928550057
-0.13794465692033597
-0.11265191908290645
-0.03711853335513213
0.11903170611661235
0.10271820728414893
0.10684178211288553
-0.10236535763464122
-0.12089524065603849
0.13864629341970053
0.05798928256136518
-0.061177368338152766
0.02547744684021505
-0.09408715911768938
0.15359905227787463
0.1408831829160896
-0.12899767921981056
-0.06729105269255932
-0.08958003145345532
-0.11975900641249065
-0.1292477387334195
-0.0033290619892003825
0.1389543467992017
0.06401564267969542
0.10360035609614388
-0.10462180574650602
0.10229764886682163
-0.13994054734214492
-0.10827610542584509
-0.0005326283027270173
-0.04397679777798283
-0.058775294658923324
-0.09619494445148197
0.06730642964214295
-0.1162679479568112
0.08864064546712735
-0.07254795139018551
-0.10479474697729527
-0.014081206644285804
-0.06266373920157903
0.14248773265578996
-0.000791080058893362
-0.1506781060200168
0.0940314752219753
-0.14842621304986123
-0.1125371692472178
0.15597866457843174
0.051333269662468234
0.028992294545529512
-0.09786514324693278
0.12498491471438133
-0.1268312128966476
0.10390446370526452
-0.08257066446489916
0.08362754306146541
0.07576705740224307
0.12105417445246824
-0.054299582091945325
-0.03292627408580637
0.0899217643446843
-0.0853697825337999
-0.060734358932825014
-0.07904132735850526
-0.13787306363498233
0.12024757535518571
0.10641594970918067
-0.05175364026963636
-0.09916773367394273
-4.463829467632463e-05
0.0037353483318430525
0.059555045428848985
-0.041304001845224106
-0.02845592623553203
0.0998518132222026
-0.00951986095334481
-0.16020343500382267
-0.07059228819784674
0.1634483810907384
0.15372299113884047
0.15288757948886345
-0.05602013131427026
0.1100173350999063
0.12511323476596903
-0.0654101159205596
0.06426358779568236
0.0818223032681139
-0.02148752004068913
0.021459346112085526
-0.058314318501992424
-0.07913064113276248
-0.12384151904900731
-0.008555222747009095
0.059849297488444614
0.036561130341887016
-0.008674109153334664
-0.10967553046672973
0.07143703299150583
-0.010466358844452045
-0.011954261521913007
0.07231114619275211
0.13674907331270209
-0.13443409922603503
0.05557511844056748
0.0003731431436416188
-0.10468994096794132
0.04442134362543959
0.04157743040001921
0.07000737795097411
-0.0459794308886539
-0.08329235391746158
0.1550111478253549
-0.019292714204074107
0.024110468585056027
-0.06897413336168394
0.14563852928673177
-0.06771108943572487
0.1558466641812964
0.03202567965524611
0.07417608059514938
-0.1232380607832345
0.08250607461384157
-0.08967026661515003
-0.07420539742724067
0.12982580859046927
-0.010151788527761857
-0.08361253203380525
-0.08626611897474226
-0.0887768272893563
-0.09014832086635434
0.012271898940450499
0.09757018530266526
-0.1337077749178832
-0.15403154737589678
0.0046799044164622106
-0.05378369838617875
0.03527572266695403
0.12002931813379586
-0.13819686258749797
0.011143830966915486
-0.07343973480615368
-0.11847272852099888
-0.1358268274961641
-0.10798074046319123
-0.08941973120809836
0.0038859997587278594
-0.0837843654619951
-0.10527428572836041
-0.01592892997548989
-0.09318064772736964
-0.0883279684836794
-0.025233777193317153
-0.12132734940011355
-0.08930487809082176
-0.0442810798817565
-0.10354900681112494
0.025942969636758795
0.09005331308864983
-0.08395291149335281
0.06841203445588223
-0.12141914633041931
0.15240819176301723
0.15921163946741446
0.1590045376305559
0.054247100009116894
0.15621435248118587
0.07335295052434485
0.06027412209182717
-0.0544270110430215
0.12058963477280826
-0.06600515915063854
-0.051761179132544174
0.0861228987926036
0.020075698096874428
-0.01949225883616909
0.09289929717364143
-0.13075719129488284
-0.06439102297003635
0.0016100273858725977
-0.06274549113351965
-0.022949096384389828
0.06728814972451447
0.10773564252569057
0.05970555349301737
0.07977676169086267
0.051471936749138775
-0.13755811351349073
0.061136650864550945
-0.1393226482171324
0.07504605770458653
0.0490568507409426
-0.10236295652678254
0.09977600818012422
0.06360803656445155
0.006109625619301867
0.010644797448507631
0.008930888775002616
-0.00342811274267385
0.08099724992712898
0.040650856907399724
-0.06588927357317909
-0.10726751685080754
-0.05581752182379346
-0.07515154418214097
0.016103501066606074
0.0661203263202822
0.15943410554005338
-0.031928439249757384
0.03843386526574796
0.12327879828183363
-0.002195497594964374
-0.055331152479371565
0.05380191463465642
0.11418241471269602
0.09008154645936695
0.16254465399046464
0.08153878647826057
0.0008679809709544462
-0.09398380429133356
0.05013150910827624
-0.1260836941031592
-0.07592264427468083
0.02461187016390931
-0.14514026332239727
-0.13065183912900827
0.022528783089781207
0.10929691229241639
-0.15916311776368697
-0.025160275071327537
0.012234164707096123
0.017807032478935114
-0.034240323812391754
-0.1092483857469286
0.0537825360726466
-0.04078363017050307
-0.16314276101751918
0.1543113522021245
-0.011737668349860814
-0.04084353053465317
0.0640055953100922
-0.11779845085408625
-0.02592489316677221
-0.16099447157998978
-0.041985958001004284
-0.08466630880334179
-0.11514968422679067
-0.10807744957427017
-0.12769762530051088
0.0693052268620562
-0.09026805628287322
-0.13345947421022353
0.0557189635176657
-0.10607120103460722
-0.029454029979632174
0.12321226546500885
-0.05536742164832954
0.10777481938871569
-0.007457120147665669
0.023716043217598737
-0.020466927360786952
-0.08034541193971331
0.013109323515580779
2.1813485584221137e-06
0.06454509940370615
0.027019561202957093
-0.013835716042414736
0.08258678025187072
0.14277645826341218
0.14063540710491124
-0.10503851403164466
0.06538511611687645
-0.012858175275752837
-0.0668578110804022
-0.07414068651859704
0.060811594397663954
-0.16211742600284185
0.10729093851310667
0.029347852404178254
-0.001656871547371569
-0.1494101043818044
0.13807552778924354
-0.09156879810295054
-0.042078227778825236
-0.11913784270912939
-0.015555212914054123
-0.15120226189362365
-0.0605178004861974
-0.026603122427557663
0.00758315938305168
-0.02829560686891866
-0.00831773070296013
-0.0477388415824955
0.15664767124591694
-0.1405909778778664
-0.09402073662373081
0.022687647044837278
-0.1491333028003137
-0.06977005713414071
-0.08231462968384887
-0.13640463210672238
-0.13255645940976188
0.034340845611764814
-0.023121395538821282
-0.08251111077020108
-0.016845780628859885
-0.03369354152405907
-0.06352007052203693
-0.06733920306289419
0.0064827138335845635
0.004664601373481181
0.10560343389108856
0.14880192231203804
-0.12689841490410567
0.12178426628817446
0.07680620352983453
-0.08774744496358473
0.05804925256711069
-0.14325285025376872
-0.04745127389238936
0.15543495629034204
0.02834930938489416
0.07864588457458874
-0.07176192831119337
0.13079713850239072
-0.14074981556998867
0.07835285605539544
0.07410321669654382
0.12933309344322236
0.09987183146560907
-0.12754767931340813
-0.026526810934852124
0.11953488550533686
-0.10880042156700459
-0.10622395810860985
0.11642664359068922
-0.03524141970566014
-0.04404103129346719
-0.07468459104744206
-0.12214500989865966
0.016795207682113206
0.025252444744405994
-0.09062983163624742
0.02380864260884899
0.022019778781166566
-0.00467396709551296
0.1564846473526486
-0.04467255686664126
0.024435235884100237
0.1584203453033443
0.007736652005318062
0.16239380122481356
0.08954877949166662
-0.13329873864653718
0.11830766325618336
-0.08835933818535036
0.14080356869773492
0.011833823329373466
0.025090495301858057
-0.11129095220144869
0.0998386918786216
0.09772249764716162
0.15631253043179105
-0.1479872643910202
-0.12480297745411985
-0.1414141987719199
-0.1455822991300459
0.15155907245361805
0.1536690354687552
0.12205441642105802
0.10597756978804801
0.013048685447708347
0.14982928139609947
0.1451430111420397
-0.003319318603254573
0.05187843257572261
0.006516645685209682
-0.12257908089743073
0.11770090861556454
0.15484227280157797
-0.036830965825900314
0.06334479222018335
0.07222601985865129
0.0061183659363761855
0.03528476665420702
0.09033736495914269
0.07103295795083667
0.09571764482322204
0.15765153849457975
-0.13688286569077157
-0.09641229674415427
-0.017839387308611454
-0.028120227596475617
0.048720448207665745
0.03782284133024741
0.023321172082126862
0.1338991835890287
-0.12689178514482125
0.13584070840116513
-0.0868468778166266
-0.09707625616438521
-0.14241272324334645
0.15436537678248358
0.10893201182355705
0.04499661360380833
-0.15751846184762203
0.03736077089658599
0.044249208025576914
-0.15946154379420058
-0.11683075180027588
-0.10711428414165063
-0.1286754748831258
-0.007965493690026526
0.11312430938914642
-0.002715826450048614
0.024173937264389794
-0.08653743724409035
-0.07886563348161023
-0.04951957686442922
0.02043284193608655
-0.06605246926337206
0.1415959634215777
0.02375135453143809
-0.15207253494539041
-0.003944948969171969
0.003165505848233191
0.12929528391694783
0.10194423655692775
0.026841793924308965
-0.12088283145102363
0.1448448352951518
0.1000136234635064
0.03104330843706027
0.0007433618879346404
-0.061600172636758516
-0.011327352364140841
-0.07901152839279232
-0.13632036648726137
-0.07913330076514462
0.005614143052719567
0.12369986191395782
0.04737062230163877
-0.11162432082682833
-0.07897777225686706
0.028910950523541673
0.07674851889262652
-0.11513811062592738
0.07013137014982057
-0.015626389314381983
-0.14379280691922727
0.09755146214543287
-0.09097037859482973
0.11914937838821021
0.05783583363909689
-0.014088714740138064
-0.03979300539331866
0.08639251302693424
-0.013404063222631962
-0.13684918145161712
-0.023198456009233898
0.05962365316462734
-0.07857919078828743
0.1255613898203497
-0.05964485474906775
-0.009420259472509518
0.07338045249086708
0.07727255407945094
0.14828280587242482
-0.10882800111882632
-0.11057525648684494
-0.06825822575127942
0.008215748653535693
0.02726570691689717
-0.025146511549996392
0.14658235375059175
0.007728169884375913
0.0013461790456493483
0.09392443378240739
0.030124192020862445
-0.010002459732895957
0.11557742157043516
0.14011082591119345
0.11705716829317536
-0.1359011681390206
-0.1026125033669581
-0.15407122126730002
-0.07406257898462602
0.05233719171147183
0.15041468322599766
-0.14494559671766716
-0.1520078095592121
0.13006306843799997
0.09669873010397406
0.03877198667985621
0.14613080520674493
0.029388559297337358
0.07421665919458309
-0.14052412533172715
-0.13885101449645776
-0.04534684698709207
0.08818821114466519
0.08707922242756194
-0.05649446565110586
0.15616461605031973
-0.07256457842724084
-0.04815134992097615
0.05215474549654972
-0.05486528845379447
0.03476611972124699
0.11546043341359408
0.10739896545281857
0.07297695150746511
0.03578728717761956
-0.11212980564024713
-0.011254328188097212
0.09963802616977863
-0.020176759195053268
-0.12380216230277172
0.0015254237052684527
0.1196512130046597
0.14823843295464795
-0.11259441064595654
0.084298468815457
0.1264423396948568
0.06609042653790864
-0.13322529748591097
0.06000238698515656
0.09955110607368528
0.033445611725484464
0.0630148088315905
-0.031781485459587006
0.10543851320960346
-0.061672490735341104
0.12435810243900314
0.12946934758937367
0.12391268946679151
0.02891334368502299
0.13885400086121613
-0.1166219938894576
-0.11316467496523447
-0.008386770176415093
-0.010120857397964339
-0.07244079828616753
0.13924594316203087
0.15558704420736053
-0.1205314540382208
0.11055325239747088
0.04428463269071692
-0.022996612602079886
0.06820952915255804
-0.06690426325535062
0.09870453600944573
-0.11616688682940536
-0.0812376318196273
-0.12893775342800054
0.12640826880097572
0.09253919486300027
0.06672691262968003
-0.11660456795577252
0.08733762191855826
0.12629191194029726
0.09005143029524221
0.09330436266000197
0.08517790992425084
-0.02762443562673389
6.11876208946871e-05
0.02173121357594268
0.01978943013992257
-0.032274268630753555
-0.15373636465432988
-0.07872320425151312
-0.08052117414702567
-0.15566827520619886
0.15680863242773313
-0.15188222851146344
-0.019766718593426852
0.021530469493474508
0.016255914040538194
-0.076894584021365
0.08738295019209086
0.1537031280175467
0.056035569583282124
-0.061079013173669025
0.0740511275656123
0.1318686814504907
-0.09259982451352382
0.029767025892091376
-0.09583244027860409
0.010369366615958137
0.04197757043335673
-0.01841686214605817
0.13467494851734252
-0.10833314659099945
0.00121079425679535
0.08916510302872421
-0.12050168894736679
0.13453267530449697
0.12101235585434839
-0.08326758095695831
0.1506186559512943
0.022350531554681585
-0.03460936816165988
0.11688988318184101
0.03891253143366813
0.10710699474481178
0.05620508496407989
-0.11601433643280647
-0.0302121801422289
-0.066742627657177
0.09432129361063796
-0.026901715463004572
0.1089794002872908
-0.13172420451038008
0.08400727522485912
0.14612925344939076
0.11616546963091284
-0.11900440311352797
0.04405309953934494
0.02500272673492568
-0.09090547551827433
-0.06707305862025703
0.08863659275663188
0.07658834325948569
0.026790466149320902
0.11208538053815947
0.15964035852497827
-0.1227851493001394
0.027390246477926067
-0.10491825869661683
0.014330759867486387
0.010425290191310305
0.08152750817480459
-0.059323764160438636
0.12316982621767897
0.1415417227832924
-0.15701179135316407
0.08364990639992612
0.16230754276533227
0.042913857025663305
-0.04783544211152636
0.009852014517989699
-0.052136075289604025
0.060019043787158166
-0.0798106985163295
0.04543461141556829
-0.11348000092500278
-0.09447679230102721
-0.1416864609270306
-0.15111970598503982
0.030484170452323545
-0.12844803051296189
0.022791547706449367
0.15603903683687614
0.09920419111910916
0.1250654608353331
-0.07031857268189563
0.12588876945519412
-0.043717782975804254
-0.07327547635295904
0.11504131334901069
-0.07046308903704612
0.060495398395129435
-0.00877404253617936
0.1634982738460855
-0.09014412212922585
0.15821382903933873
-0.10154634435548844
0.1356979478323429
0.13632107374258906
-0.15496575171422694
-0.02541308799270378
-0.14805491798090373
-0.09454289634765706
-0.15095843207627543
-0.13916666795726312
-0.14362566066482535
0.12542729220908677
0.10335257284683796
0.05961655915944644
-0.056932038202876414
0.002041586083886743
-0.07059494867898973
-0.09425394771135111
0.06938067511409277
-0.12323095006745868
-0.13456198462838861
-0.10356906567029636
0.03473068177955266
-0.061565486778691586
0.08027884780645636
0.04839959541249492
0.1070386966197654
-0.05497640416489609
0.12793434415579258
0.025209795524222756
-0.0357585534185928
-0.08013227610076973
0.16335865317407905
0.011795013882529237
-0.1615503891500729
0.0027710778036071637
-0.06457715476646142
-0.054518055035483196
-0.12668819457090708
0.06562710648348527
0.06672642667187273
0.04011759102961249
-0.04428268713346567
-0.05237493999037243
0.16168095379332192
0.03956141987156253
0.118342371250368
0.032277667506175695
-0.12465595323362776
-0.16133997574931297
0.09535985250831758
-0.15831245915663478
-0.09914150219143535
0.09024887417415423
-0.017065390090467786
0.11530246165147368
0.09291902510340455
-0.15175292931234358
-0.06336776325716761
0.14817910508761978
-0.0650308243910167
-0.09057042946141147
-0.1340735285285058
-0.11635823082908221
-0.08238885444369479
0.10262025316704598
-0.06379546749604549
-0.10577630975153807
-0.12466139636780965
0.017387956614668326
0.10401906123080662
0.10308882178800899
0.11973190033626946
-0.03659623452090563
0.03309125603732141
0.019417385788232155
-0.15677327435380786
0.11011161889403459
-0.03496964489392049
-0.012367048639595951
-0.053101312732134184
0.061062777225783654
-0.11951395814020377
0.14184892829142065
0.04489393518818682
0.07015212970735646
0.0981058550693591
-0.09071985813546966
0.12357573254908316
0.02462658413773683
-0.0466160525786605
0.09760554962333645
-0.0989231041924236
0.11994588756813696
0.006180747377557444
-0.06160629060484027
-0.14871316798635173
0.12503367311822872
-0.11541515017635826
-0.04700556843327591
0.11476237515308602
-0.03503133239377057
0.14397017682957663
-0.09884317761090193
0.06979018325441275
0.1074423851879922
-0.13048754178523395
-0.078269105401412
0.04037745422670183
0.019353866951276832
-0.10248552251889909
0.01818802226213226
-0.0625121798368988
0.1055033015953854
0.059943304953607224
0.01742757957457952
0.03903185952191779
-0.14281064557281387
-0.05405821785352091
-0.1114868577330515
-0.041070110407550695
-0.08214081265287905
0.08739147861167124
0.06561169644423726
-0.05554006455276943
-0.051252193515998926
-0.042075368074994846
0.008194365840168888
0.06109675544112869
-0.015760905932981822
0.013378944131073628
0.13977141126886894
-0.15933556189073747
0.08479410518764358
0.05332304107723157
0.044699432955183194
0.08616991315652614
0.1597925992018595
0.10979754021862065
-0.13292997166571283
0.10907632952353546
0.06488088889361132
-0.11546633501197982
0.13684917208588154
0.038624481165765834
-0.016476491886843636
-0.13292439473092077
-0.12844756034965438
0.11656088760851185
-0.016533706142983384
0.1199462026626345
-0.13800337367231885
0.1243911340712095
-0.0016608161444963132
-0.04265333234456141
0.10957750058076116
-0.12852841988761074
0.1416721241185117
-0.13609542580643627
-0.13811971786255034
0.1619976233603329
-0.10111654726872385
0.15409610230999793
-0.1480193076066791
-0.008195607818965833
-0.07559329750997469
0.15096506489353861
-0.12328036751400478
-0.036195378009528795
-0.15278839952734746
-0.05261370147272923
0.07717140617290877
-0.0430594405909728
-0.06642852461808815
-0.09610275320387288
0.10196656781960722
0.0813061913386344
-0.1623017275656759
-0.13052068930314303
-0.15648577162619468
-0.024016320753397408
0.07111487444869011
-0.15495263494433203
0.15572016009159706
-0.1266799082664531
-0.02844123269865237
-0.017887389898354922
0.10579458929929575
0.033817668479988294
-0.04428317518500152
-0.0591606891160017
-0.014755660609387822
-0.04848402984219938
-0.09713034978930606
-0.12625909674606856
0.07715914023609588
0.09371931592754407
-0.14325641582903567
0.014437678986417929
0.09209514472789398
0.013740337633898037
0.12188192056889069
0.047758003117548464
0.010631674782188794
-0.11817554645974498
-0.07070159808727593
-0.05911878575566927
-0.09586375964975427
0.09917560325779834
0.000740470231435586
0.1295250823279674
-0.0211161696219013
0.11789890001865572
0.15465803489264257
-0.06993613379864612
-0.1565856584234164
0.0817641368546505
-0.06949453828462161
0.14739717093088311
0.15034311608711193
-0.07057038903084263
0.157194203710958
0.08729433862974412
-0.06368431136945056
0.022226585854927983
-0.011636878606406359
0.11119540980432058
0.02453424230448037
-0.049422292577989746
0.15251797993171995
0.13150979460961365
0.044670650221440955
-0.0475057940258686
-0.07691036975831733
-0.12140914103592526
0.12019593732348083
0.10250884748847566
0.09872005093986114
-0.030471739928852742
-0.08095384659712465
0.036562987885846054
-0.042129481986471526
-0.16265648553983666
-0.06234951864102106
-0.10014612460181833
0.021148493689476328
-0.06536146646114706
0.06607732152286463
-0.09102348364603349
-0.13965954129473154
-0.055746161309059544
-0.07825603837049848
0.09022795581330523
-0.07697889929041497
0.10111196637496156
-0.07097667884661207
0.02601322419886684
0.03742333330021841
0.10576238478459188
-0.12283438574523056
-0.012090381893372693
-0.11118764170142728
0.03841062671698184
0.07063406932133504
-0.15367663612140564
-0.10495493365620864
0.12411174653452112
0.03638758781875823
0.15412652168933288
-0.05554150614958736
-0.029172334114581144
-0.05526521659062961
-0.13753171732451414
-0.04930421581269051
-0.08994949695910742
-0.13916520360000764
-0.04394577455931975
-0.011476184846295895
-0.09012788777763336
0.15100993123835482
-0.06856819113476818
-0.14740907137852116
0.027533540123622663
0.038875251430469354
-0.1346203640550069
0.026336684474248445
0.12637927742293487
0.11973513297025712
0.01952566879842238
0.006521820910117826
0.0253633022249308
-0.11514119321531452
0.07709662202491599
-0.06987879130179579
0.00258398556352879
-0.017601929064001626
-0.041618341714046575
0.09047457122806124
0.030384439457391166
0.07152333775794925
-0.14972659249759424
0.059528530443729744
0.015548645973204711
0.01585764107996851
0.008953884507066329
0.004475406501770279
-0.006518557470096248
0.14009973148467264
0.08305218136400921
-0.10607653588916902
0.009500807208775108
-0.1251281759436106
-0.050650370309944334
0.13035587498248957
-0.09504050501714677
-0.007529639632082891
-0.01278371458867339
-0.014195483156401456
-0.04259229155997181
-0.14739385022523005
0.1593096932895285
-0.035644289088873626
0.15313892109507543
0.11325804196318567
0.0003317164842295828
-0.10583957971104677
0.0714123673279789
-0.020934335062677556
0.0720864239354686
-0.10976369818515298
-0.12905323794869322
-0.14156315910973102
-0.10183007629058452
-0.093228780517616
-0.12326216989399313
0.03868754813777589
0.1268385902929694
0.04935062707608032
-0.06806135073826308
0.020319346504156427
0.09185377386824828
0.09447874252446414
-0.10133677251756054
-0.08502641323861261
-0.06752889766931534
0.04293278942009571
-0.13563581705117922
-0.03693816247921139
-0.12354701494209538
0.03060673397501823
-0.07764275298170463
-0.023059041595431512
-0.026067112632162298
-0.14456146907136486
0.15290181218339
-0.09239687066572265
-0.03809813290517389
-0.07371049716332247
-0.06518890597003246
0.142328169746119
-0.03095045845178665
0.13406519465630573
0.08199905405898789
0.00132734271813989
-0.07858700028650938
0.15607632519587555
-0.11350205598774127
0.02748888087071938
-0.16151780110650188
0.027433922213863038
0.07446112045282799
0.0462300660805085
-0.08584537762429632
0.08432178113609523
0.011969602931232087
0.058894834041251815
0.05117606960981988
0.02939436963710801
-0.10167877252011101
0.05441360069960452
-0.0546128954891561
-0.08120859223939486
-0.094900748991441
-0.03436086512653336
0.15773789480346273
-0.0314653114496225
-0.1508470393836643
-0.13526405212670356
0.09532818773336155
-0.05549968415543578
0.1316170230972158
-0.14992623797117458
-0.11693675600615881
0.0689607826251134
-0.12125698235893695
0.04533277196225452
0.01828380838441407
-0.026972463618365555
-0.11798177841534954
-0.05932468682717654
-0.1429858301802431
-0.04234599760950511
0.16025485996742633
0.11878219846733551
0.13372554942206816
0.015929278944891878
-0.060656799938706554
-0.13710198509871835
-0.08401361558711894
-0.11439376106917037
-0.06227584363296347
-0.09859594356531162
0.03270965774693038
-0.16258541026778275
-0.0249326908806293
0.04135338169827166
-0.12642545927158066
-0.11808618682166976
0.020632510060077963
-0.08727111361694888
-0.15272282353453862
0.022949285023105476
-0.09140537968128878
0.024334560649405312
-0.058083289942901906
0.047673579043208014
-0.10792859112748437
-0.13178071012246
-0.007844071794129548
0.035350867792125845
-0.07034614457349053
-0.10619847025524291
0.1487286564397644
0.04510548143534018
-0.09870270181661346
0.11095561029732565
-0.1575950013175291
0.0039319926251841775
-0.021459532807373477
-0.12212286775322853
-0.05177955873135795
0.07866063290115749
-0.020860846004377237
0.13090279138222494
0.08750581681212727
0.03390008000472891
0.08761834241235578
-0.011362702659003077
0.15853600019485398
0.11216188516643788
-0.0852426905423857
0.010805284621017486
0.004559303126008274
0.05356405583181925
-0.07397138509578416
0.0768007650349753
-0.11696709829390492
0.08421500446028543
-0.011013048519067953
-0.15818934935086562
-0.15586829073863576
-0.0283803402506137
-0.04327222383683829
-0.09285222339339762
-0.04048423768798265
-0.06694477250528531
0.0818730091940364
0.06778663937018956
0.014291032709510626
0.07694662976087455
-0.0754003616935891
-0.12074057095702587
0.10012894406878226
-0.045023380489168305
-0.036989824053187875
0.09820868194793692
-0.06636993956507863
0.03290372967974492
-0.05770260774009903
0.005034034968821016
-0.12218829864640769
0.08192591949502731
0.13321066196287962
-0.04723558946654986
-0.08378698450924325
0.04984348244313663
-0.04521461076104527
0.1514870490433572
-0.13065346422572555
0.09431788828787646
-0.04504397739550656
-0.0055610467571050315
0.026723943521338833
0.09938991104062794
0.036073474492038016
-0.08398530177185641
0.09942804639905434
0.05349182410723716
0.14460959254093075
0.14828116287992738
-0.1364437205753078
0.06051516768365553
0.06279814158852828
0.15402174340012081
0.03770190421259609
0.10805259483072083
-0.14964072992873423
0.062482621471540795
0.06800259789122962
-0.08443608740769312
-0.012253464429185873
-0.12494238807491435
-0.1506583294095879
-0.032588740012306994
-0.15855595627670627
0.16058381965994162
0.03687588456770394
0.06470347936488924
-0.09190926470564857
0.14368305375524826
0.0505570630632646
-0.007717640483879268
0.040754522209940164
0.12312156420708376
-0.033700052611992326
0.007873837393587824
-0.03833503147991621
-0.12624776841105534
-0.06343954558740916
-0.08354280367119175
0.03533459394928884
0.054254509459001954
-0.14439033267848986
-0.0662135831744931
-0.11189325508338206
0.11831179253607904
-0.05850523922525333
-0.1404117905037831
0.12191257214595475
0.11220809310293783
0.13331924061783157
-0.07839097969080983
-0.10200781778231555
-0.0935696656213835
0.13596586539662686
0.0867167797465388
-0.1458332514993378
-0.06403083064319043
0.10773824765982104
0.15198106241295006
-0.11496675699146003
0.00371662667447345
0.017366353542866975
0.12809211892997874
-0.136275992100631
0.09465974455343767
0.054310283691228894
-0.1390599507632438
0.06494029253281325
-0.1375953627972713
-0.10119014345743636
-0.1478541575778274
-0.07356435660333209
-0.14455673010810502
0.07776146507422368
0.06160098476824111
0.08278103409708445
0.01443269733471264
0.055065740888424614
0.11286444088905573
0.013820447746892145
-0.14815504588394604
-0.1557707942379165
0.12146619636411682
0.13840861145784394
-0.059620685133397536
-0.053043159204629486
0.1116459588100468
0.01134478054275162
-0.15899364330640522
0.055162418444134914
-0.02712029244129785
-0.03970003518678247
0.15270377645890132
0.08351888143074757
0.1592064782818559
-0.062294718313374464
-0.11471641843461428
0.07203455359109823
0.055142041916213635
0.004847282456576063
-0.06248702222079476
-0.10169710447353984
-0.025403944569541925
0.06961312748251478
0.06406764306636867
0.142885722202018
0.01869560194416728
0.10968346673691287
0.014311847402528
0.14468126406228665
0.06382454659669637
-0.15202241934500882
-0.07507109989060573
-0.025961702187615066
0.09261098011114305
-0.04531314958785215
-0.10935094749455815
-0.08768432349630702
0.0615921263250436
0.08126260017930148
0.04939953689313695
0.12114975526508542
0.05963669760532769
-0.13485635857169917
-0.014743536016363662
-0.11248428770608333
-0.10855818943483929
0.10839570358397044
-0.07690707485986267
0.06167757392507289
0.1367311334592679
0.03754686837777099
-0.1225465632293158
-0.1594976719129004
0.10428333736523043
0.004830338325696321
-0.11378488020084371
-0.04528188957258726
-0.1551743990734825
0.03285255984080504
-0.09937795488441212
-0.1256393465864729
0.05890304254191228
-0.057913095479634136
0.06773392657349672
0.14119246330962398
0.13637561821080463
0.1111581149551305
0.10002098006200011
-0.008482112364026656
0.007371963716235247
0.14274622029987594
-0.16152773191445408
-0.1398566428112493
0.16203545021559634
-0.12803885210239402
0.08234758561751773
0.038636139209930975
0.07339576288417282
-0.01064364136866125
-0.043523965604401
0.005619377585976332
0.08897983825209455
0.06710388288937519
0.008139523608833021
0.018448714419771334
0.15612243966983758
-0.06331256390128573
-0.02982978076403392
-0.04220561166479027
0.00134613496683611
-0.009052468959596771
-0.07269151663237432
-0.007970920191281483
-0.029937605235350495
0.005516879523359719
-0.12052894358508809
0.15257101311423782
0.02794352858876789
0.16169568905106813
0.13624113016307277
-0.05358096667114007
-0.04976380242076835
0.10285628548967934
0.1452726755214228
-0.018779008740259923
-0.05168271115842214
0.02270396057801846
-0.123856050972276
-0.1305211961369183
-0.02755777874801857
0.08674805079375619
-0.045923259503966
0.16076644401438778
0.13202230239201074
0.06025673698969056
0.10598371828234998
-0.11136176361750483
0.10150811950283972
0.10528923908138527
0.002501874476028343
-0.029239166025556623
0.0757325936086097
-0.06761183538223653
0.017131829879961924
0.16140965643803368
0.08844374301419844
0.11815885138682852
0.08368506156201125
0.13571555686287506
0.10142438487674837
0.14929424441460915
-0.08222313802399873
0.029665436320783972
0.09888811797586355
-0.09707255764422579
0.13816614658834186
0.07459560732999884
0.05183240805838604
0.13817141104038433
-0.03134158158986497
0.1484689173490482
0.13702495436380202
-0.12083636748513664
-0.012701135136612418
0.09202806006199088
-0.10339378312453242
0.08993734293316469
0.04124697707033129
0.01120973048026197
0.1571474475166711
0.11243046400513468
0.10639062082481465
0.15718993420140825
-0.07507307649151423
0.02637968907840227
0.1173381856055466
0.022280519879120164
-0.10366533192530972
0.08606221102561723
0.14962107112046918
0.02228215447908541
0.09638621108054801
0.09911273840392776
-0.06927358908510449
-0.16142287514618775
-0.12135247586258083
0.09563520177664964
0.12042043296293226
0.13868201526590784
-0.015359771197252792
0.08242146859977176
-0.07037728357385321
0.01895682897880288
0.03641279382781376
0.13722361381034542
-0.11262737532043755
0.04893129732671153
0.020463364354556757
-0.08873063669127694
-0.017327034881975678
0.14211999056309915
-0.07920556441183112
-0.07132222501230466
-0.1370520443304197
0.012203322315176846
0.011811456757166466
-0.03371857712463269
0.015467063617899401
0.07772641479661063
-0.08476031258502104
0.005366513539315498
0.02509053623338331
-0.11285424006729675
0.14149804776107083
-0.10058919525887519
0.1296176763884146
-0.03446158514215386
-0.0929251453984942
-0.15213653565102195
-0.10470128677834126
0.1404729899158852
-0.06680805578538439
0.025230505127632447
-0.0033008500306438704
-0.05087934873963859
-0.02938919829836062
0.12210401346589267
-0.06052193511913842
-0.07803684499101532
-0.04800271618152942
0.141841577471096
-0.10307413644087668
-0.006242365735900229
-0.05532167024594094
0.015457465907083356
-0.12643151503426062
0.0013268027778268743
-0.09030669078780323
0.14375647034781697
0.019415868129257025
-0.07538615032273913
0.049973411410630136
0.12802938614340875
0.03801750329969483
-0.10733814968123914
0.12661439793752638
-0.0068509239771697705
-0.1105243856912683
0.10081769336748114
-0.10050478461072256
0.10995426201554043
-0.13960556076435215
-0.02690492428149624
-0.12454635983288577
-0.14097122278408217
-0.049323193835296
0.033650092334750054
-0.11410305212222868
0.07782366798091525
-0.04884809870698793
0.01838070669961933
-0.12380627260988056
0.0796163527613665
0.15742517348332197
-0.03127992632635779
-0.1356885039452841
-0.12155700194765992
0.09483560583834816
0.0012071361564213734
0.14792547089932012
0.04551083312010426
0.030122309998246555
-0.06142792211101136
-0.09467157861267723
-0.13076520207461398
-0.08093142732315878
-0.08999252957589075
0.07474465621899834
-0.13671932025205175
-0.03478893538299396
-0.05871757120429154
0.13203815709431843
-0.047726565163703646
-0.024072952749254167
-0.051950629864972925
-0.13181631567844998
0.12647663850579438
0.08250010593355217
-0.07450666289894646
-0.015875470421729487
0.08665515830037362
0.14411601014305042
0.0009348603967613001
-0.1461359026297414
0.07943990871281023
0.09945521094092585
0.00518782306388843
0.07066988314195083
-0.09115079209990688
-0.06036763427420669
-0.0588190675873909
0.15446881044302663
0.07710405435941728
0.08509840809845995
0.08101919553299677
-0.019350291650747836
0.03925517924093114
-0.15673733427296557
0.06668805715952358
0.13756786024748324
0.05981922531430536
0.043760016054099904
-0.013446934851732179
0.05764739170620703
-0.057190541532613604
-0.04710816094554186
0.08840670246177401
0.11610193357136472
-0.01382272791279629
0.08411789637500647
-0.0808224632771464
0.11163836908214925
0.015427857544174084
0.09030443062571397
-0.05532031363022036
0.12129326493824866
0.027716042948839448
-0.16285365039420702
0.030651982560654906
0.05116518888149685
-0.053440214901584515
-0.09396724754809734
-0.15526569643848695
-0.15312942995823525
0.03349489277564924
0.1553162077669567
-0.042459210743907516
-0.07491004100452818
0.10532998515061637
-0.03736253579281387
0.11600278606086578
0.1060058959556694
0.08274726620299125
-0.024448825144373215
0.027296052899477036
-0.049383706220775564
0.014095296690489117
-0.070453188696832
-0.15288204567157035
0.0542892484531301
-0.003231579348092789
0.1143088355022096
-0.14619320443509162
-0.15837573395869328
-0.1064260913374657
0.059512446319340495
-0.004185761182482206
-0.05765793494804851
-0.14267700174031486
-0.126137275105929
0.048588011157001676
0.031196638549592176
0.039505515145061315
0.10540406890975951
0.1376390326542899
-0.15178015393252908
0.09712808189179545
0.10301086122167596
0.05735737938131505
0.10568412926564708
0.11597645250416677
-0.1602945756168024
0.11382306421274246
0.07031432296559248
-0.12186205378238071
-0.1213228719342269
0.06555083106090687
-0.1483148771664282
-0.16356980761358447
0.16117457959511827
-0.12433873756049232
0.0020139960927222644
0.03315588121756327
-0.07431260614094072
-0.0030587566161288937
-0.04905225018821725
0.16173467484250215
0.11127164789546223
-0.1622233804172583
0.1577712862736813
-0.046464362876935436
0.01544080026928038
0.14202836775391586
0.021268308344678633
-0.000865370691774725
0.12412901379442359
-0.0555822327398159
0.06579525889677987
0.09920142077050192
0.1318858234517437
0.03664766394330485
0.13093514534434464
0.07226355847328705
-0.04278875925986145
0.08523519499167889
-0.13048360064218123
0.10454582655169725
0.01982082625103132
-0.07846894383526509
-0.1568016271599543
0.08696435919499323
0.14711050288987354
-0.1550845622000374
-0.020640841827186812
-0.08999463556954529
0.00311153313267859
-0.12611254720923462
0.0930479185175383
-0.0719917564496031
-0.13817762394891694
0.05384495452721483
0.0701838163791734
-0.13291813545657571
-0.06792526866152557
0.1100259769935234
-0.04362852720856754
-0.04719183692677539
-0.10280734954166773
-0.15437366746524847
0.11869609615664206
-0.05603800422741627
-0.036521061112686326
-0.12117005526940064
0.13754036210013482
-0.010977979565330948
0.12367618852016105
0.08370189316392795
-0.0480118472232601
0.14619831077631285
-0.002967190886907639
0.12460734868416351
-0.12776890781124461
0.04395479729236937
-0.07467352764238529
0.03678245308375863
-0.16018729026461062
-0.11670347944895507
0.1169038539385931
-0.06020887481892202
0.13503316141855465
0.14390216443010012
0.015819915410579033
0.001227597736868813
0.022801320474644338
0.001728079680650002
-0.1053689874369621
-0.1363914076888234
-0.06593622567654084
0.013285873701887663
-0.04087507635052229
-0.11481165220532583
0.16259644906664728
-0.12410036966419068
0.1478027068349257
0.0020229897738069103
0.11307683987215361
0.08328420543884227
0.15219974367593947
-0.034990200302271485
-0.15364461982581418
0.06575379555981678
0.1447663030014098
-0.12776147270969265
0.11193707378743228
0.06467104959381681
-0.11478233901024476
0.15931284967927573
-0.09675792314359762
0.06961958874538177
-0.025348168938310073
-0.0683366933735495
0.03873543806429591
0.1289852495789749
-0.13722884576224975
0.02043322663021971
-0.15006583604714785
-0.15090524775268463
-0.1593691283273662
-0.017344607465424433
-0.14907693079184728
0.07834036630277222
0.1322381162630561
-0.14964362296678455
0.10214576741994802
0.12829798638837808
0.09786193169702256
0.06364552798647999
0.040199588501571765
0.14318003576396499
0.14083481124353986
0.1508174185830808
-0.05410743525813845
-0.03129813790570771
0.006992783733144159
-0.15938418776382438
0.03605398678933394
-0.11902917171540442
0.11610898677630199
-0.0048640426391098335
-0.11675682391307818
0.11373392038587066
-0.006546594381084098
-0.13753998035925236
0.06679050034770881
0.11364945456497916
0.09340152633740273
-0.08046734428579376
-0.09269894339872467
-0.06873211907904005
-0.0022771867360246167
0.06827432891122268
0.08270219775948023
-0.06292011688330888
0.1003143207960277
-0.09399821415168762
0.07072101337366724
0.08738669189581999
0.09461443638579009
-0.09372283583885735
-0.06507319073761683
-0.037850289458655095
-0.1613692749326892
0.14251147813209708
-0.10580761282617804
0.08774403967322447
-0.014399586067967901
0.02978740148584519
-0.13542788651529827
0.004008410200461859
-0.0015224814849124635
0.09026014109590802
0.08968257489853199
-0.08459861423267136
0.05269648124332718
0.09755016206716216
-0.1216255105687751
-0.11224569629864403
-0.15598921404710062
0.15851490714425104
-0.007843860236539851
0.14470118111962305
0.022093198792481505
-0.10080105457514149
-0.02922384743963946
-0.13600272726018917
0.05006938589607518
-0.04128969458165785
-0.04777876068433913
0.06993270579571367
0.13636612932372777
-0.056850356900872465
0.11616047907105287
0.08854184245829089
0.009065908707245579
0.09378999106970021
0.05556335616519509
-0.04083564207495238
-0.012455891091904814
-0.057416648873682447
-0.045275266080026993
-0.06222039212732437
0.08963165604116763
-0.07894545864511
-0.050678146531225016
0.013061686671891948
0.006193649509439875
0.0577875926446656
-0.11310915321256797
-0.030214775321871112
-0.09253247195485677
-0.07153725604458958
-0.1350481011250108
0.06755561446218783
0.10875878804001926
0.12609457417809278
0.02915495745447866
0.15649324878693327
0.0611867556993648
0.08233095012378214
0.05241061680333575
0.11011579984702213
0.026429407863945542
-0.15463913742133711
-0.13311582971567865
0.11220578486518651
0.155848814859048
-0.12788188086086966
-0.09896268330498587
-0.09147506360725195
-0.05212217444594637
-0.08330144058129332
0.12491037613699668
-0.08472604748276272
0.05747886974249719
-0.026354302894889353
-0.11758872839906659
0.1614686233115366
0.11876833511984752
-0.10483402644411188
-0.1116740162465305
-0.10491411163820298
0.0031716499296026157
0.13464930016426024
0.03598658947265154
-0.0658123661434296
0.1590564108012641
-0.10579756270189478
0.030326350850753803
0.11066024661990553
0.06087036511422214
0.061283110217022735
0.02906185958843649
-0.1313323552588164
-0.15357292870884642
-0.08731178383361698
0.0357784903856376
0.04411907364124701
0.07082512026331322
0.08087165848076608
0.07968928440387113
-0.09205186503604458
0.07687897598061866
-0.06272810186686303
0.00278936065608712
-0.05755908852162599
0.09464369029156888
-0.03097004192896352
0.12825644768167832
0.14422306112968514
0.15816513865071613
-0.10032338020881054
0.09473072032057123
0.08265803518601295
-0.04782674982378768
0.058254040356848724
-0.06587326433515456
-0.14791371831718592
0.008022350751922008
-0.04891944739201838
-0.067422355145057
0.15459360375593412
-0.157649461845587
-0.15833924548489522
-0.01744532529549242
0.07530515094624085
-0.01150705916292602
0.02923709118545406
0.10693753531620726
0.10322704870031674
0.12062831285139586
-0.0063436029200291955
0.15676211870229623
0.15937802733674783
0.06592822970847872
0.05213521622336065
-0.03946893015826047
-0.025465563981142886
-0.08360213980883159
0.1386704243908899
0.09460987902054196
0.11860263789169612
0.019165371872850778
0.09988307814615244
-0.01901955099142688
0.026361582272746015
0.07337019702437722
-0.1482379431636015
0.014974373446959038
0.09945380659474906
-0.07397035777143962
0.13234845457372346
-0.08568334252941726
-0.06630843112739515
0.16319755136669162
-0.12786927839337514
0.03372605712046983
-0.1429513869586471
-0.06053194160383531
0.1383960561070227
-0.0275237639607763
-0.06149898852090621
-0.05698423873330165
-0.05174407012394419
0.03979094096292629
-0.121479002133653
0.08148228717008163
0.08436666555857383
-0.09142245085595976
-0.08841075970496137
0.0476835365161751
0.11472711201460967
-0.027250838723462067
-0.09937590146561286
0.012939191993933757
-0.010143465516084776
0.13332919075118593
0.03606741807289135
0.1385577395366503
0.04925196874367763
0.08313032982069354
0.1323424227445063
0.12480010613414144
-0.1005488650956576
-0.07720422960098408
0.02312788155905668
0.060064743089569356
-0.04173773180626153
0.15782847766052865
-0.022862534543157564
-0.14160164853208823
-0.04847786676819804
-0.031956203559672436
-0.025497412171463202
0.12437979135751392
0.050066167173224596
-0.040121094679651956
0.11371570952807408
-0.09088384837675177
0.137638713483257
-0.11938747682306532
0.0971725778028979
0.07089615624033996
0.05721042497595957
-0.10706890688168538
-0.07612819430419905
0.09784623762300565
-0.11607386932515407
0.04142997389479902
0.07798577579393515
0.1239837127582133
-0.05499047208495218
0.051942140597505876
-0.15720185139771947
-0.08628216404480517
0.13850402801799916
0.13898769566856778
0.039385342001263784
0.012494274762666707
0.04796469918564303
-0.1094143911264771
-0.1372773146613803
-0.10783042732712705
-0.033285042468368636
0.12009154212387013
0.13344111768595196
0.14724452283927209
-0.1129172360944537
-0.05754040421990862
-0.16252722495862298
-0.14984067580220556
0.054920437841513015
0.024402942774505526
-0.11749552879777395
-0.13524798314332373
-0.050522649797293
0.05910252567956126
-0.12989394774853796
-0.12254118693382662
0.07923680109742057
0.05683714390954603
0.06956866040149101
0.118076556130214
-0.12873812379199198
0.1457029194185817
0.038077163938701586
-0.14336992941297275
-0.001444921735423016
-0.09770880486099497
-0.013944589527502022
-0.11557367859388892
0.13645120124034238
-0.15339924856750178
0.11513829374986845
-0.034916943818539214
-0.05666476972307541
0.025287967894656177
0.01704355649952019
-0.08809154069596106
0.020743878513983544
0.02503350502954335
-0.006449138149665079
0.07826657080678412
-0.04678283604793915
-0.11381449261953452
0.0069254481137167034
-0.09780451284867396
0.11634862835329018
-0.1505745849896493
-0.16350772055527843
-0.013423344215673733
-0.1267153288298351
-0.10313324504889562
0.1596614022876695
0.1024964053417119
-0.11298931035793308
-0.07975286355191116
-0.13579791194624843
-0.11993469276460923
-0.11626710197058783
0.11214430220670074
0.0056511236440738855
-0.09133776022933023
0.11399906658952363
-0.07611260629392826
0.09795698524818114
-0.0642751051031042
-0.07408472570112858
0.0014631621263473116
0.14304602050104043
0.08239888926436767
-0.0473370534233222
-0.014704991062169881
-0.15854320165104216
-0.0942009374902766
0.1556971835136442
0.06936827589226033
-0.03827460327748464
0.0980867181138837
0.16143540390926625
-0.07453452818889228
0.09972279660513739
0.07146718495874343
-0.005882058636338117
0.05611628460918727
0.11897518509066002
0.14418237302009446
0.14027854491792102
-0.04502758889293458
0.08878244490283344
0.13727043267761474
-0.003536147184186905
-0.1366668122965071
0.024497929188847606
-0.04352796200828862
-0.13199743451159615
-0.12499201317953099
-0.06404421248526858
0.06533612086385138
0.0019243369786564601
0.10974544189269547
0.022884408149803442
0.12980909944326563
0.04239149089286881
-0.15339308202713606
0.03153796250007243
0.14510973783614506
0.07861718376275512
-0.08564434822207237
0.05248829618845066
-0.03780178063183201
0.061951614467717186
-0.05890990550771409
-0.04852709472370742
-0.03494230246133034
-0.1268802695366474
0.15539387279217032
0.026228013285360285
-0.0020255931949732797
-0.007759484867755406
0.11481835893091374
0.08479689111277627
-0.09272823733672683
-0.0002837570496831421
-0.03832787952318503
-0.019654300210466963
-0.012629585050030617
0.13506902341306998
-0.06452048112549993
-0.1103835126234614
0.00770199955173731
-0.12547166829322984
0.07205713850041282
-0.04620037372724135
0.07337532715416761
0.015163906644087954
-0.1152128729783497
-0.0385595090087949
-0.15253201386575338
-0.15785749154156195
-0.1636442822830552
0.12836760658951346
-0.008773858103443777
0.1631940006886362
0.007769953712875477
-0.04493427012869694
0.05368641043998093
0.15766803786140055
-0.07642600151188636
0.06475207660943241
0.07226899419759522
0.07036066726351478
-0.053403099570328266
0.14206138307754157
0.1045978782567597
0.15844056731102713
0.01620492601357834
0.08894461850953883
-0.09438646589620156
-0.02658983363621409
-0.09158140579700524
-0.08547581213327846
-0.013350970170985216
-0.10918334912079015
0.06178294931778233
0.06579125327397392
0.03943534341213836
-0.006770911957534043
-0.0757001673938827
-0.13754959587399382
0.08678933380493686
-0.048536794171975095
-0.004506483747663714
-0.024997086925171913
-0.10960948267618541
-0.0418410371103872
-0.12122396573493449
0.0769840730905757
0.12090579583137151
-0.13143517611773944
0.11108723877735299
0.049575835176163235
0.161646269480333
0.13785396501144948
0.02742622747867951
0.06790290964862641
0.026653153282802544
-0.005854612746639926
-0.14313996278670638
0.09172701458970917
0.049645034641722624
0.10608565709628559
0.06022897638368829
0.12725698282013703
0.08503244280611211
0.024265044910750905
0.04912851898206519
0.09158316218197848
0.07523700638664324
-0.15608700657067962
0.058733969347015164
0.04463815897734108
-0.01191477408308711
0.1483530681031684
-0.04746484312208826
-0.04571896029140829
0.05535138329817685
-0.0036948671709290948
0.1495019773875248
0.056040753997371295
-0.050382360802755724
-0.07142686234750169
0.0028154259094298473
-0.16267972845365677
-0.09644542556239331
-0.15884224281749587
0.1499201411444981
-0.12373830056499069
-0.14670034900862872
0.0847565680696746
-0.05811124702011952
-0.04215579613472237
-0.10190916506715952
0.0767458932405129
0.13140533246496638
-0.08368992340154731
0.14143200871985057
-0.02341509825202298
-0.022039963853550143
-0.08888559312741916
0.09668850551019942
0.03357685030102167
-0.0700418126818733
0.15317462939130477
0.06943267019185712
0.09723595453036454
0.08904970225392389
-0.1611341656209674
-0.15838932055448252
0.15778601449876056
0.12181379819272531
0.04967815932153696
0.10689269147369712
0.053967995886363695
0.12542376507507264
0.10773225010360016
0.004041355097055166
0.04170964210860398
0.13263666564159837
0.07471498145709887
-0.09466849800446682
0.13542666357202204
-0.06061123375118434
-0.11301592276176155
0.04736439998977662
-0.1257210161170674
0.03248435109872416
0.011350127970878532
0.0672501936203806
0.10136703580939821
-0.1624916468600043
0.11795521290558103
-0.03240341077927758
-0.050602259608638636
-0.046845449062025216
-0.1399356618936524
-0.05977340548851197
-0.04999403211082808
0.030366400298832835
0.0023667419140316337
0.06673360934458866
-0.10917217535249363
-0.030579232213029356
0.00143198496124744
-0.06201603492875589
0.1194644588029593
-0.08333190324947812
-0.012233295907389363
0.04914936197837347
-0.1430317842012229
0.04881910628013769
-0.014004604958968492
0.07649844616255796
-0.0919392274996917
0.1491765865705903
-0.049105143799937134
0.14873193469397927
0.07380545670389888
0.11383246739729941
-0.14048817481478693
0.06441033581278904
0.11400332379686018
-0.160566868148191
0.12820840133610867
0.07057936515229252
-0.13183532662185166
0.13633386212951532
-0.005209597328857479
0.0438093444284966
0.0951629073799069
-0.15314649512372816
0.057037678800770014
0.07785967152992168
-0.06841692266372985
-0.013813405701952552
0.040024256744618264
0.0040359139820201895
0.026112024288927477
0.14393982837404656
0.076311289483529
-0.06486209099785832
0.14843643221076774
-0.04715117571670509
-0.11958462571258165
-0.07216072200473012
-0.16195536006599726
-0.012842274480828225
0.037550668235067475
0.06035605589100321
0.15572911313262638
0.10038796604587436
-0.028004009850271766
0.064505162938547
-0.0984909965283493
-0.07671287981252288
-0.030186773749759338
-0.11501542252139392
0.08195805862029426
0.0013444520001156812
-0.15429281703750855
0.10827523124421817
-0.1568338493926356
-0.1474427998796712
-0.06521896369437467
0.1361971482849682
-0.07505836724466065
0.1492526056911348
-0.0194005304254182
0.02103680662902388
-0.052839703625977355
-0.04184283743770496
0.11268449455288454
0.1351962011841233
-0.01586496337986551
-0.08853052690181647
-0.08954505941515051
0.08830739378668595
-0.13880947997128285
0.019971896008544543
-0.04818327312625961
-0.04799171299873564
-0.021029624050138557
0.13543878319155972
0.04514639084240435
-0.05754103062220815
0.0025101778941507003
-0.13929196771676694
-0.15190221135153123
0.08279150395271398
0.10585947395197548
-0.06443303849844072
-0.04409629989844213
0.10167935603724032
-0.1629887814699644
-0.009186462521223349
0.06626009426572133
0.15464146641322746
0.10096099252883484
0.0902711706104738
0.06533594376970209
0.01757315855268629
-0.035536952766252544
-0.1581167103143726
-0.13557126827510627
-0.08663718779064854
0.15700496071462583
0.11170627129457988
-0.1370431501394589
0.01230513153069937
-0.10322265803364734
-0.15393124902593172
-0.009160227864549592
-0.030213909305233072
-0.10614128441218831
0.10103869449740449
-0.14183658671675473
-0.038030110460192196
0.037722492457136936
-0.09767365467423575
0.07586233828629685
-0.14304058985728066
0.038927864307403026
-0.09350717633362733
-0.117339969850668
-0.1446267557096589
0.13600328546641272
0.008505157004486424
0.12079924569463418
-0.14580907111182695
0.1398692566004257
-0.006889148311420401
-0.08899943180985184
-0.11000358253166806
-0.13054898528008757
0.022944199128056064
0.10138272556795225
0.05520380663548624
-0.061673952130565785
0.07727978868270971
-0.030537128357084525
-0.10854516846857803
0.11350118893277816
-0.010938605110240168
0.07253270652812399
-0.08243787392270269
0.0699083916301067
-0.03994788778376507
0.010856394254483925
0.07120365495494446
0.0749740839320108
0.004559782634210363
-0.02010980374632554
-0.1607434637137725
-0.04871691941523551
-0.03788902629603502
0.11092631819225318
-0.10974567463782384
-0.027087642765172615
-0.06943033548212939
-0.10544070583078848
-0.08366189948537724
0.03887849961908926
0.09959763210401518
0.10208382458398202
0.10777444593584373
-0.12188821931428763
0.14360323353049625
-0.11096060550852549
-0.04936573794286864
0.10310142725292054
-0.020149518626144947
-0.11970572258161932
0.007213197368997698
-0.1026425455611388
0.09231293056722173
-0.051694421897562626
-0.056516212529194906
-0.08179810571235453
-0.10256740186309438
0.10194937782356439
-0.04731695229567444
-0.050664115592431266
-0.0014521075909721404
0.1538257749687258
0.14809539750947065
0.1458472348717017
0.09150578451921154
0.05698242204735607
0.03350808247012463
-0.14016117974758854
0.09087535552942066
-0.09944988835733605
-0.14056506903360697
-0.1588956889696665
0.03740453311643696
-0.016990219888296104
0.13619022435103123
-0.04502576836228013
0.03360288889134119
0.032602446869569895
-0.06018092442058816
0.11019277036186192
0.05759852426326756
-0.03125496892641297
0.10410824619644121
-0.07680527330549576
-0.08037424774531016
-0.007067344548653792
0.14855606970481772
0.017252500569166357
0.07099818856679252
0.08571808713609674
-0.024360662502270564
-0.0991750952728102
-0.11728499787385593
0.01279017874972918
0.15221033706977455
0.16106195187695405
-0.002052207177222626
-0.00968458014864279
0.15656300264726397
-0.04701850401001249
-0.1304351333268561
0.1284743831288725
-0.025648280569115472
0.0002481804109116803
-0.1446178817263952
0.026822398504606992
-0.07593682154968111
-0.023666359471814724
0.06639810938432372
-0.042158443256528594
0.008698291119402513
-0.04136437793003718
-0.045210990770730555
0.009175973934481912
-0.14660588050736545
0.0427102120197482
-0.05202427630219601
0.1364799044678438
-0.13608414234046323
-0.10862262602584469
-0.1079900656478543
0.05411779020142282
0.009252331588856688
0.05328367164040296
0.1428270189476908
-0.08740929114619152
0.08764549904283048
-0.14043267927033173
0.06240321449883124
0.12069863353184618
0.06869670307624073
-0.07423420738116907
0.12634021584685784
-0.10651667318262165
-0.017132486006936287
-0.06391783715549679
-0.14429602034257605
0.055282657756178105
-0.008225165719117855
-0.009424837921250095
-0.0033057572121368006
0.15976384359712403
-0.07240387760771737
0.018798853017608835
0.12820305759490225
0.04898522113084297
-0.06939683181188595
0.029649546527975357
-0.0962021045735487
-0.10667991310574519
0.005653078235914932
0.13245278425573298
-0.14997420502277542
0.13309961417427568
-0.03980681300239228
-0.08049439533908827
-0.11485272241859124
0.09987281576306212
0.08624045624959048
0.02449318243143392
-0.12211123803658744
0.1491578935352516
0.10016081238979685
-0.06596922546712848
-0.14888708257278768
0.061289159759231576
-0.027639773609079765
-0.0023447340328276445
-0.04843886760565842
0.11217886598538335
-0.08464274606551099
-0.12276950940428949
0.015672525401332543
0.03442087953430728
-0.15754283584680082
-0.11248585518805115
-0.07670284188269605
-0.15198175222039356
0.1099242631311747
-0.026268285644622552
-0.15749107210078422
-0.018315032940104115
-0.13733840051328178
0.08369145154798918
-0.06929330746853826
0.1059960680073187
-0.11192519249887878
-0.07065399872446639
-0.09439500175086797
-0.13996037656629215
-0.04578966660317921
-0.09360987218773759
0.13796357850400326
0.0036250143021303582
0.07288944347119938
0.14980518259140502
-0.05166897114996348
-0.04751743089467038
0.03988387594626064
0.048105596943811196
0.028367606148592378
-0.11521516943724672
0.05156468508781992
-0.0443150604391709
0.04827199663196782
0.05281428055634993
0.048290735475189306
-0.09775267312993198
0.09654063673469826
-0.08949526683931695
-0.12176168303952264
-0.1532930607624158
-0.09926488643724528
0.046777554970721585
0.1269046775425236
0.04143103870154055
-0.012403558158041172
0.13456865445580718
0.1076798884413932
-0.14169538974287896
0.1181004873250065
0.053895331614251724
-0.04388212401305211
-0.09889188438430552
-0.06134857189185722
0.11496651092876031
0.11672693096758507
-0.05037935586257086
0.09141379064429833
-0.06032715871190107
0.04437854159622101
-0.09575385327401664
0.020809060703453036
0.079791367573672
-0.07606363825814343
-0.016592176446203172
0.0328620696654727
-0.02678400278085835
0.15960493914447588
0.05564732375512271
0.09996184677050735
-0.15068656268540337
0.12597143657828125
-0.1448791339709006
0.03182032522895317
-0.01686250367869846
-0.08848737669279846
0.12759638747892438
-0.0009636231092863545
-0.14075963826257726
-0.0717742458164072
-0.1138051012038272
-0.03918395999020291
0.14289558627998433
-0.14292751530698025
-0.12157592535436255
-0.10840043413020678
0.12935136832060184
0.019581575862497064
0.023510404024782938
0.014460242707329596
0.020118873815532123
0.021846203856871416
-0.02190396288339816
0.05755218801665235
-0.003955248144596635
-0.12427657198896255
0.13794152903658113
-0.015282875081976288
0.05664673952157295
-0.027712456110497358
0.13709661331168305
-0.05741658421442156
-0.16089284130320702
0.050087805051367756
-0.0508301141163925
-0.1474173603331701
-0.0018505239429160991
-0.1450273160794868
-0.03482586300681689
0.10384230502142072
0.005885743528171672
0.014333079770300683
-0.0333715745839083
0.10515594542003098
-0.06145283435583153
-0.10389026573172735
0.11265327800824049
0.08915397701972183
-0.0627187204173541
-0.0965102986934421
-0.11010352990993888
0.1069650682627476
0.032167218867545117
-0.11298151863344633
0.09626437433704677
0.11716285473659305
-0.03954893437706629
-0.043455526599723335
-0.16195818905367274
0.05832175098230097
0.023956868765739908
0.08090578762126935
-0.029623782797203263
0.05939246389550831
-0.060298557488076665
-0.07310643338192248
-0.15515803345322465
0.050300977969461425
-0.06894010441019569
-0.06343660655856942
-0.007218373054816402
0.003432338435651383
-0.09561901828829965
0.1455935718031161
0.10846255958938583
-0.05209600810342074
0.008629908395166475
-0.02904416499018464
-0.1443289819587777
0.06387212575354462
-0.028107524668646855
0.06450236329877992
-0.14097245882874665
-0.05515402245150622
0.08839455276850694
0.15947820024219161
0.1416974862464399
0.04230462752966563
-0.08110824588630501
0.06128992686756479
-0.09580155136686244
0.039691791507254076
0.12790181339317075
0.0007838772709580222
0.0030541017058396402
-0.06162242950789938
-0.07790513501435149
0.1588349727128473
-0.07023824196312066
-0.15412033359075514
0.0857841244446563
0.00029036860021233735
-0.03056131875508805
0.05385036353691103
0.16204018180764318
-0.15777852612613263
-0.12326224988969245
0.04797049469565476
0.10249178507539947
0.10504155843082191
0.10713416003808413
-0.0651577345463898
0.1593697141292883
0.020048799867361244
-0.14247805384154189
-0.08969655291539091
-0.09679900251488989
-0.10907090476855658
0.05593300633816592
-0.0158267088479577
0.03064889450210842
0.15510967151584798
-0.07526326209194523
0.13387204336408048
-0.02071626782985156
-0.013660636280837857
-0.012743525523176563
-0.03858101613579226
0.05437171331433138
-0.022226404216085266
-0.04560071424111706
0.014910446951654999
-0.02741836145179416
0.1557773994351201
-0.023350238753038127
-0.11552164918685157
-0.08655599077385406
0.09144309520759519
0.04161487729051569
0.02391615001000877
0.11048789769808232
-0.16019960952692652
-0.05714427631808569
-0.034094185209179284
-0.106221102796446
-0.11671858225785173
-0.030471249985234955
-0.12422127830174613
-0.023605990975210017
0.08049592556211738
0.14740933131266243
-0.07377923574942033
-0.06066999446806587
0.021786873875958318
0.14990591461356567
-0.019484635723127447
0.09788392031693693
0.05596960706996093
0.12007301920911856
0.15414767564196452
0.09981720122384574
-0.08934053722230419
-0.12909036577646432
0.11159912828495022
0.06003290342192
0.040895621076198985
-0.1359964313183923
0.11304632418157329
-0.05341786752515247
0.06837941945301587
-0.15097586424113957
-0.11605848036019062
0.14492947903984837
0.01998170763009291
0.14513502153990998
-0.146678078928017
0.13562400574339734
0.00888841282710845
0.04583258546894525
-0.07192653289681854
-0.15435316727026882
-0.02290441368412266
0.08350919627266237
0.04014576584222221
-0.03317347689322869
0.005705861857880912
-0.025730445389021667
-0.1381844108792159
-0.1458913070603961
-0.012240204653669595
0.04611561396665595
0.053360440615082466
-0.08259477817589414
-0.02793393847812442
0.08485624379507523
-0.09022891397148904
-0.09073352831046091
0.10703650288988537
0.06129813447466956
-0.1604369995849924
-0.06670134362290482
0.03945809724064345
0.07760664839240047
-0.10364507532696846
0.00659264266235432
0.12474503452566527
0.016654967063233106
-0.04835037244307987
-0.1606860689690103
-0.028635908901380347
0.1575886032477301
-0.13121810498546016
-0.14318601548753165
-0.07385340612139922
0.04321277978406768
-0.14170230393644867
-0.041884293472820106
-0.15028920435719437
0.01925182127378286
0.07071889441131432
0.10175332126746023
-0.031477181838675344
0.03511415830262063
0.018668494396755414
0.10435142924937552
-0.09959964698730293
-0.03694873663557671
-0.08325183956498548
0.055714160426433734
-0.09670203563648701
0.04920794495497752
-0.03138971933257939
-0.134418178221033
0.13651681309889263
0.05837263693557074
-0.016715094433797872
-0.1133706227361988
-0.10442444361579314
0.004801395787578849
0.0831424347111823
0.06475748685723709
0.011360831585723069
-0.14123441360154426
0.07612730117878194
0.06899367578931248
0.11064350740150125
-0.07502574444520989
0.06989246919825504
0.03210053057859763
-0.01501389343083176
-0.09994162977780374
-0.12971096633081966
-0.0005341817334375276
-0.13507024009496452
0.07553434313986623
0.03634542294425333
0.05493654163821099
0.09046711022473958
0.11914547904444656
0.026745932517579174
0.13302775716461607
-0.06212261705232332
-0.00024051935846330919
-0.08721158919253562
-0.0401145372169632
0.16108251389164324
-0.11425116807239336
0.10614799477360409
-0.01443677438456728
0.04096442175094636
-0.06974571689464047
-0.06161518226750126
-0.09243970075299612
-0.13168005362848184
-0.014687548012783741
-0.11204412105374709
0.13200946140772102
-0.12553411512179344
-0.025462630026076155
0.07816770766571582
-0.11041015744526994
0.07646222718923498
-0.14305439835977712
0.011175891362981971
-0.09918118995618419
0.00604350433103959
-0.12104137681581395
-0.03525903002705824
0.0386684437992072
-0.1595039423004579
-0.0616121791205507
-0.023069069004404363
-0.025626995181005863
0.15978716097635903
0.03399140655681493
-0.09699266061011666
0.11528834299022417
-0.11405813580695805
-0.1153016518623513
-0.13595999261497071
0.011214536755524446
0.09476987614789828
0.019497715310546393
0.07808010031126689
0.1581471677515418
-0.043680413702669285
0.01609640612383692
0.08819273968036834
0.16059622485177155
-0.03303050787523859
-0.15809025662223122
0.012023928712747323
-0.08088971974445326
0.15825786558318727
0.11365053242488332
0.1359490609669547
-0.09280830860433717
-0.15538942019518906
0.12089653807627132
0.02977652905068262
0.08011604427518731
0.06989274837015802
0.07934051732385089
0.16261989257454174
-0.09864566768280894
-0.018946275176080413
0.02464415763571512
0.03861203748968678
-0.10671649616178916
-0.07569952686151128
0.009020019331069662
-0.08222129837614943
0.013532208251858607
-0.07289601943937167
-0.06194628447355312
0.06821176717878344
-0.05252091747092465
-0.07841505785391277
-0.061271273118178315
-0.01525307653338015
-0.1021354149539786
0.06779055563052852
-0.07107723748234665
-0.14040472525567088
0.12225260164098883
-0.1320504642832615
0.1274873149863917
0.13428448791921987
-0.0031586079062179695
-0.15598297867193536
-0.051260088303110574
-0.09277822383507782
0.04581252932520988
-0.015157354998098643
-0.02335707262790107
0.075412474348068
0.0788307900215601
-0.07254302057523133
-0.05777617328572755
0.14850255802429668
0.03716025707811754
0.13035307213732567
0.1345310123648269
0.10240804879708182
-0.022512603688836563
0.100535585777286
0.11181380147742703
-0.024050639521740164
0.004417773097225963
0.10270619547598153
-0.13496234871617052
0.03222673128288692
0.09264271756001147
0.100317471660195
0.15158370431594426
-0.07947818505217852
-0.026302594452295797
-0.018682667283142634
0.04075754762732592
-0.02965874687782158
-0.059399749141348226
-0.15841132996064047
-0.1416232531436968
0.07522418889790697
-0.034850806129218176
0.10742560267007678
-0.1144736278660951
-0.09251061276089302
0.02267327702478039
-0.14996663317547912
0.09817447947473901
0.11898393821940811
-0.09155266819261883
0.10077832299975331
-0.015863449825594872
0.10979063422388302
-0.0784254259057079
0.04597888161132491
-0.0011755860324552947
-0.13191044504553517
-0.022260249816216743
0.07248533881335512
-0.1150467299116058
-0.004450702138017848
0.04944753912521216
-0.15948604144964176
0.07175605598935422
0.054271775114432846
-0.15711060086941633
0.06387796387757033
-0.11849779936548574
0.011086663095886629
0.158571530594445
-0.0295455479152838
0.0019038640771680826
0.052924992923862824
-0.08996386469761639
-0.0035197732823041006
-0.025491057236728787
-0.047843821710198506
-0.14992787337379784
-0.15415166467639407
0.10915034934057438
0.05243576614646864
-0.014581656889665479
-0.02764560944819236
0.003169010279932466
-0.00857344186567413
-0.14283307436375361
-0.04160490088694045
-0.11926317468558965
-0.01776531506999149
0.03354369965443085
-0.09663214661032285
-0.07817272482784912
-0.10321124509856451
-0.12916393881161117
-0.1158465610155784
-0.03147324898725168
0.08829054717737977
-0.03644227340569786
0.05828204236014664
0.013809053128861548
0.1600445656808802
0.06041750789623693
-0.04449314880303197
-0.028502799046017963
0.09656579059679904
0.10613577973573096
0.03210093880994391
0.09982609236253459
-0.00039192160509790575
-0.04933105211872291
-0.13166924949866282
0.02118066456381637
-0.01045518934545217
