-0.3475328672151199
0.4187469007779415
-0.375143863035598
-0.36801363597304043
0.10759385512641306
-0.10886185516139685
0.08730025824778997
-0.28398172981168734
-0.2809795838709191
-0.477547785980468
0.0038987802217942402
0.436982351561811
0.44950056719840914
0.30838328895810563
0.3071665378069396
-0.062247345287496036
0.28638443102102074
0.3111743238271012
-0.3082950428038255
0.016691244520864013
-0.1179372078845844
-0.4093798643319448
-0.48815879950881685
-0.4440014828609132
0.2687609464570706
-0.4999145955845824
-0.31043180568909257
-0.19941185459749144
-0.35688185966491376
0.07559873944740592
-0.36943080082111446
0.21590525228737423
-0.12770127554809274
-0.3362783194328921
0.29279951939176163
0.07369560409460862
-0.33204783002784827
0.16123865464035214
0.3924457018044383
-0.08809216348910093
-0.29867748276284906
0.47320334456989943
0.44330447363695946
-0.4936675893934686
-0.3618247075899871
-0.19999616084278588
0.056165367370253017
-0.02263166421367846
-0.2668718773262132
0.4868426195118932
0.3308582902925117
-0.35116097676724234
0.10532886047687018
0.5005810235843978
0.3726752962799711
0.006872810896679349
-0.028885083171621473
0.4545299821674217
0.09743687706232917
-0.2493257862750577
-0.2922055985239682
-0.02403614854405084
0.2549085153755295
0.46323881500938313
0.49377950833075246
-0.2049349105074863
-0.015934088323226736
0.05449122539357887
-0.09562002228655525
-0.46306560936285235
-0.0012360975130665253
0.22681946249843055
-0.40214076230417567
0.031616602498488966
-0.02349555950255522
-0.2080499503141885
-0.3331718828835041
-0.3412417003864583
0.17909994957563447
0.3641827274514182
-0.2969915653336467
-0.25953669650795036
-0.205986125499786
-0.026854991150236374
-0.29300467320923396
0.34271567333838526
-0.06722895897048353
0.4770567883341956
-0.15729126734292886
0.4434269143658768
0.3014840397254319
0.07361254318313493
-0.23864202851794358
-0.16957048639061706
0.40469983838149615
0.1963855940005912
0.40168878909972916
0.4117622448032412
-0.007917602291891757
-0.003025499497382067
-0.21394981588588763
-0.20237541552040933
0.1907778489087838
0.09201424356989152
-0.318567705406416
0.4695538949445447
-0.19287367167159092
-0.2786561490867093
-0.033950676331508
0.316645565209578
-0.372366523406561
-0.03714107515744719
-0.18629393868561778
0.16146403280714006
0.5166879001993968
-0.22080196950449021
0.21039548824331944
0.11474302412356996
-0.347770888267237
0.5220450486623237
0.4548332239686109
-0.0990116330445
-0.04575441574500161
0.20375219779306397
0.28258244631757823
0.1722372711785709
0.09426193163014984
0.25940146345250115
-0.48356398515559995
0.46494589093977623
0.24596056479900508
0.3454581319481046
-0.03869405177105162
0.1297824447542283
-0.2151778457409893
0.39140845458170004
0.4407133416200717
-0.19949523258576995
0.2786407329590771
-0.06720117417474841
0.09876661677174703
0.4226553938702432
-0.35382698788088296
-0.024839772982821917
-0.24277927429074742
-0.39874239141398626
0.38101514836538697
-0.43115691844744397
-0.06538516993528948
-0.1620337510908006
0.03942192780716358
-0.16111194193186157
0.08320048722668694
-0.10346571191903936
0.16705914549935552
-0.14960188495884963
-0.23884119722486896
0.3704320718717794
-0.48467068822657516
0.4253069617267129
0.1529133800498852
0.3200780912884784
-0.3412631948763777
-0.5021566666706239
0.4977977649133595
0.5009793769284677
0.4597381837374134
-0.46495380019146826
-0.2033345973552082
0.3907300299155819
-0.3923393883379067
-0.06171787708068294
-0.04012907351762801
-0.06544889819217165
-0.36642360074710034
0.47093920124825683
-0.22316341861392025
0.36807180652601956
-0.026799652691851805
-0.45027910346781697
-0.3586168002301897
0.47411859006930734
-0.08061812131299728
-0.2537046605823231
0.15831242144118218
0.1511357179190581
-0.42304009142079524
0.518297662010074
-0.08090319597296275
-0.34826973748678547
-0.40755021324644186
0.10617800010608536
0.4900902437876312
-0.23763689433407376
-0.4833456436218284
0.1655045094139721
0.47320616401101356
-0.09949629935215093
-0.010335885313871085
0.2870198325355734
0.24827014886006182
0.2767345437498918
0.06506762831969093
-0.06028936268735319
-0.4619289955320538
0.3130525209341095
-0.28133046183806987
0.05398195082775736
0.2579226068296493
-0.24227228651263888
-0.10217505973833957
-0.3718939677375332
-0.3153887148315597
0.2711395621726024
0.1862997465943378
0.1922085980782774
0.37750127703974834
0.46844095320423307
0.34574429754413183
-0.36874826278889916
0.16914070801859937
-0.35212545560978276
-0.10270994819262924
0.4863455927859389
0.3777347410620615
0.26123359571948435
0.15209199115992278
-0.10443258990623694
0.23248191805155483
0.3187195092201508
-0.08245711519801802
0.055937205035796356
0.017230310502132085
-0.004066589244076546
-0.4824444275350351
-0.5066644305570044
-0.3094210579989316
0.17357896042691623
-0.18065758620974487
-0.2517858041389354
0.09501763186090251
0.02926851570801292
0.03989501692438968
-0.17530608091604566
-0.26396262125862174
-0.16226491164127294
-0.15840988252111127
0.22442564942498167
-0.1678409721816312
-0.09314876190974025
0.1774362224355065
-0.011896526495806303
-0.08510621123334411
0.4313134456055654
0.040005305349295806
-0.1696614522394349
-0.1324378023822
-0.41469845368920455
0.46526318743944306
-0.05233632182865333
-0.0026844756063889585
-0.43141327531918094
0.196957085047755
-0.28040994315908474
-0.5112878884296103
-0.22678441720553372
0.17147082456994578
-0.49227393431364186
-0.17253769044226375
-0.2467267580432707
0.3465144617493081
0.17868917821671826
0.3449463460394351
-0.3093948663771969
0.16986282656487395
-0.32276706117346177
0.497168590431048
0.3228795027985314
0.46994285180408724
0.07403704634518027
0.11655865023192424
-0.013326326630735963
-0.4218462467784319
0.3703584641904504
0.4077361461611837
0.05961475286988671
-0.1799070186491719
0.4477921036634209
0.06664688975451971
-0.03922476980535777
-0.40173997565978536
0.05404980324639275
0.32135456207297797
0.3972767795583344
-0.4002278397360103
-0.2832932436763599
-0.10753294686451986
-0.2877967661355689
-0.11690733522225105
0.037869840413861544
-0.4948090826244898
0.02479467813056524
0.5124814631286639
0.19769360903569444
0.15450205091997882
-0.3038354934771098
-0.07343391481691952
-0.36472872241558885
-0.517875562028025
-0.2723566318583372
0.36271187483405243
0.5124582524254685
-0.06873718455831934
0.1214824664295665
-0.39285829100058445
0.48949359859419694
-0.5146436328433218
0.07116933383180435
-0.46390797753669133
-0.2995257907556206
-0.24165349379282308
-0.46090203768604354
-0.4247026165965011
0.41967764871101976
-0.09725134540491137
0.3180875929690191
-0.29677267676887065
0.246457277311267
-0.47519858981463575
-0.06280097498586035
0.004888055382556211
-0.3565211014554397
0.09819216914734608
0.45677954642893026
-0.14894038432484435
0.4432499140411087
0.47332382063594003
0.1873279402358453
0.052805288295165176
0.06262799278133635
-0.1991349881235876
-0.0977686142675167
0.12782021683706857
0.504927921110997
0.5061127530099793
0.22475898500613378
0.2628417954467098
0.12288730145290705
-0.17340272599620327
0.3375039797380943
0.5213533803794855
0.38764179518176
-0.29898438738073496
0.29379920959145855
-0.2749036966544157
0.3718536814665292
-0.37563897439666105
-0.48543076052372486
-0.08051442117530055
-0.031560329167270806
0.09831945628453376
0.35292424162202785
0.43167279488611177
-0.3221293189203952
-0.3281695594372601
0.4737571622803428
0.45414988781988086
0.48587551103446047
-0.33476977164044613
0.1359888406051688
0.05340970813843926
0.16305486064607277
0.20912138612103037
0.5081569296408842
0.2708779980736221
0.07158814886830323
-0.22645200377019337
-0.4536534397037251
0.32894694254832557
0.5081564128565402
-0.42230935828665117
-0.3350430440470129
0.1803124149236487
-0.028022043397482987
0.04187433424259568
0.22053360886933737
0.3630608063431737
0.4350326366220403
0.3586715979320326
0.11042401656461565
-0.19621635042328817
-0.3077718069507648
-0.41109179204646895
-0.45589713967849743
0.10792849964838569
0.190800389592092
0.3332695860991487
0.12006690442222534
0.17745487191711518
0.14550967754233568
0.1478763334509523
0.44216816613159904
-0.4026648270959726
-0.0913614937154289
-0.4737761902146604
0.14507955814490137
0.305257792356771
-0.4299173299687117
0.21788190045034006
-0.01848702806793312
0.14862731112617034
0.17630715482376103
0.0971611085015528
0.17291898121727622
-0.31960246609837256
-0.18059153954486273
-0.3135008558342395
-0.5067381766811615
0.5085259087378856
0.43693320141137837
0.4986859495383059
-0.17824209923754197
-0.06845408297045141
-0.3736629684333692
0.38594948977671795
0.1896675796758992
-0.4250324500770502
-0.2292201677109189
0.3783124053471665
0.3903356238115874
-0.20823905208115623
0.49142447595633076
-0.36724146372934696
0.5212129164239786
0.28510134204404125
-0.12115893631799857
-0.28864724807765474
-0.3835202883861711
-0.3382632830674498
0.1179672531784316
-0.48531476737734275
0.17857742530859633
-0.3456547763888572
0.07012293064642217
-0.49867393154902806
0.027488002036215153
0.0818745484619916
-0.41624716377375554
0.42047890507188135
-0.4787509408444023
-0.19604038260742263
0.3358094906000977
0.058065820227540255
-0.011370177541979998
-0.06312580620206093
0.004831955059354742
0.08018022317396467
-0.3426000003675545
-0.002754013808547451
-0.17538861683502638
-0.41530359075348533
-0.5210189174601658
0.02201037163405184
0.2262673967591351
0.470896753477261
0.0628557453093831
0.06259471959025142
-0.2737692102924836
0.0660444275716161
0.27018483896443746
0.038674975085418506
-0.29402660824337745
-0.36225308038472537
0.08712821170248752
-0.21069331783169265
-0.28848897905773824
0.24190634367313002
-0.456083702842925
0.027442135093276976
0.28353545660292157
-0.36767718081858275
-0.3071994157224568
-0.047994864014085925
-0.1962601658682131
0.09654451040651635
-0.47872046899477594
-0.2310662519478871
-0.0315022269730319
0.18212768455080475
0.006544940007820799
0.4960640115945233
0.49610088913065786
-0.2391876235950311
0.22895342371603944
-0.4044680600838401
-0.19398404263343227
0.23453900884589585
0.08298664270185063
-0.5178184598852963
0.08119010258810155
-0.3085890589704604
0.23120904188508262
0.21722738548590892
-0.3638296471778165
0.14471331445438973
0.3785869858428773
-0.4230507986619481
0.28067636000210583
0.22604614885678564
0.19337975199590696
-0.394363234644894
-0.29946204921121045
0.09636009720458527
0.3132474120680404
-0.4178199761408719
-0.27705795477541384
0.47965391739776486
0.006721125694339136
0.11286457471924971
-0.2911476234587028
0.273748658091298
-0.41306301022462766
-0.4637694223439682
0.08526954254322716
-0.030772896856338938
-0.48107066918074826
0.0632903683337841
-0.19132915949323837
0.406986926752524
0.40322721234629033
0.08001600197145309
-0.2952067610977428
-0.32030632865373954
0.06897790583159924
0.3660037562911549
0.38759579956639867
0.33703511623502036
-0.2507461537763298
-0.0026150494436028016
0.4399793693658336
0.28979338133262145
0.3069072482164853
-0.46437687647679515
0.45013303448898145
-0.4308928970776571
0.19404100011566705
0.06759112271588141
-0.24374204453955317
0.14520134231163584
-0.26379932069766887
0.1765318605340369
-0.24549603615725712
0.3213004627163317
0.5018767136453047
-0.5182031392797772
0.24344443445237407
0.39374389680910227
-0.4439206845030464
0.13224159959789805
0.4893515949468207
-0.2830965794584583
0.4975056544113313
0.04337522920356496
-0.431799554060926
0.12527562101957646
-0.21043196602213754
-0.20950010300458582
0.2832561043257754
-0.08345760494187493
0.1908771783658405
0.069518232743498
-0.2551341926948218
0.25243067014069454
0.47634149188866004
0.5178887362171197
0.23872332406147279
0.45509691274610675
-0.0013015122234002474
0.057414605134665786
-0.22936052735897045
-0.47325827083716854
-0.39423963923447436
0.1026812487675054
0.1891439360229611
0.0025418393039622345
0.10865356195493414
-0.4777908432101185
0.05297561990564503
0.31322912963541727
0.4537628107958914
0.07723591747424263
0.27895346006799604
-0.09914785240294632
-0.1580657476919448
0.5137724737745347
-0.07550537140963393
-0.1913450863122328
-0.21980926073733514
-0.3900923816156881
0.1751626828803896
0.1937149086713198
0.04752686349299906
-0.19913424469696017
0.5124660188344933
-0.43921675201814236
-0.11417819639681165
-0.2699714018103504
-0.4258906225061876
-0.4252807992719469
-0.28983945672368516
0.32397255354965004
0.4596577077172994
0.27218297923873824
0.25699155679753405
0.006915178833175717
-0.21091113820600016
0.3539352530044535
-0.1353238480099192
0.11598377554131756
0.4516503624432229
-0.05348508413734088
0.4174295709735444
-0.4740838927946588
0.04355244934126201
0.42630389889226905
0.2546714892346479
-0.40077945665402653
-0.292221537262185
0.045298954996821905
0.423162569618697
-0.4918781193468462
0.10891422802375683
-0.42178558768589003
0.49570974051561445
-0.38560584556502486
-0.42603916885073667
0.2021885647552265
-0.4435945611306007
-0.05916814817258853
-0.4063351708492177
-0.27829428995621586
-0.42380261633728555
-0.1689624844808129
-0.15385856687933985
0.4651582209773101
0.43405005616431636
-0.49416964204227765
-0.18607792955686886
-0.00041819476058446714
-0.006598077726857388
-0.09242322036559436
-0.2402603268840176
0.10690949589734255
0.0006491488087070341
-0.37156534284860143
0.03248482497463423
-0.3792557648309054
0.0988528546273707
0.47996180720772796
0.4262014220988083
-0.12717937715913297
-0.1129593073317966
-0.11181356171179752
0.36974386126540604
-0.2030966366009665
-0.21703460034324484
0.03835287325868286
-0.2553060545151008
-0.07184245540748024
-0.39829162042067456
0.2859361891400294
0.3981280960842163
0.2071224485940356
-0.3739260704368196
0.1158483841058201
-0.11358080905709089
0.3524515825534297
-0.02717098191679823
-0.3904500079913775
-0.4222188514267441
-0.3902378830772426
0.338135106021469
-0.44602556446370334
-0.2731690066920408
-0.09193239135933579
-0.12313207446178448
-0.4823242259808198
0.1527780320400859
-6.788768870569228e-05
0.4052305405221326
0.4736052838048257
0.45666412258102274
-0.36322373866923574
0.05558952355156299
0.40919611933189415
0.2139506244651873
-0.40183007494069134
-0.45838925326016644
0.3761885600378403
-0.2863261629140963
0.026774621615651584
-0.3881212384922933
0.4918714763563373
-0.28469638044077195
0.35277039158455537
0.11630114012739912
0.33828625046371497
-0.14992688940460597
-0.027902430810878398
0.04129837522747448
0.09698010953103398
-0.39278995212213264
-0.018898947715003334
0.23529086804342436
-0.045593098345345584
0.1406803446454511
-0.1113167469056846
0.16896360137350253
0.2140184704935837
0.12165042632835976
0.1412597568244286
-0.4220510982047466
0.029251932960616567
-0.2934599393109886
-0.37202774480299744
0.20356575075649153
0.28465052438689575
-0.3186061163717714
-0.13284527128233042
-0.39929011689044713
-0.14097349178577184
0.002223287088182313
0.5101504040288903
0.07266675919926435
-0.46538300702789925
0.3560469901468083
-0.41273250434047015
-0.4387211572261547
0.07425163529594692
-0.09137065411178552
0.49948858016173003
0.46454612455974664
-0.34320645612971334
-0.2664672350966905
-0.48134794248797125
0.15517364824312285
0.026606323004235266
-0.1711012439900801
0.03852520384821889
-0.13891344248384918
-0.07934381100767618
-0.21338931720353677
-0.17704170837595856
0.0965269702283994
-0.16798292537468745
-0.3972188460176337
-0.2587786824191902
0.42949256209535136
0.18716374290957438
0.005127869234945792
0.36814404917205634
-0.4562803624428013
-0.0382464341544303
0.4279883468088239
0.46040686228347083
-0.13200666104466446
-0.3451925959306764
0.41278226059903844
0.21084812101681594
0.36113581491139113
-0.012457829181069191
-0.11802825542235446
0.1955202565616615
-0.4155722252558041
-0.36664419964499334
0.25927980894866554
-0.15280146643455073
0.1828843130243597
-0.1497506250829858
0.5018632858508837
0.289037235859107
0.3672629048113608
0.22444830320286402
-0.10917245970437367
0.10519407076665788
-0.43833628142489545
0.14123895726210622
0.02595492578871217
-0.4260101039168604
-0.11263603659782084
0.41769219277843306
0.023104047975789688
0.0013621790404199086
-0.2170467678070987
-0.23056362862383878
0.05901412830285535
-0.41210269620050943
0.2654736090625327
0.07914529087580002
0.08684398131861171
-0.14494959273712693
-0.18609914570577313
-0.15139383919745458
-0.2714902480070319
-0.361440029033169
0.42654763397902373
-0.058121461605066704
-0.12571360768406448
0.20936790313394993
0.4732448766142259
0.27232873557090276
-0.0457379690590336
-0.26054306621082757
0.23578072408457584
0.33529718632292693
-0.40595983445672074
0.17832422775389756
-0.3619178411054089
0.2831949404177835
-0.5067028139218548
0.49257325626179693
-0.31812615869118877
-0.43946145491846705
-0.10556206723732359
-0.02652410854157844
-0.24783305688801238
-0.3320169507067474
0.029587304229179878
-0.36673182519585623
-0.12751809372871653
0.3483313765533218
0.028726089427390855
0.343814471722272
0.06709010519631387
-0.040567216718280785
0.14888650818968918
-0.5170847263924027
-0.050423118027936475
-0.07187311132829977
-0.2535144432342194
-0.4889773899514893
-0.3805210253193182
-0.2611716144127503
0.44020222025831335
0.44473598376799006
-0.36546341252037773
0.3384597096081926
-0.33308463642368014
-0.11498383972694115
-0.27387954704078465
-0.4266996210250273
-0.29169793889725426
-0.27668773112407097
-0.25325975262872463
0.35962977553874553
0.5184798477660041
-0.4064854060260902
-0.45551362371102083
0.45466341971482716
0.2130299888904995
-0.3194039487992695
0.46450758825817773
-0.2454928870638507
-0.27540333372379533
-0.11154534534930649
0.34509895052456874
0.2243843544705656
-0.4824829725171017
0.33081551095109074
0.5192672417113701
0.207240470209054
-0.14488059432589462
0.13629801725031665
-0.37294771003585836
0.12005754591500184
-0.12231575755122115
0.4188880075286704
-0.46485021367525503
0.4260728194203939
-0.07669233312457646
-0.3397212466672656
0.10530881013818649
-0.30836401310148115
-0.4347410250725341
-0.31443041850114406
-0.06711044799691768
-0.3745486591913994
0.3015988889471056
0.3122943634587493
-0.07356407907385565
-0.19263801097978883
0.45274677291596
-0.31936573373451266
-0.30659561521426504
-0.3082616251599437
-0.48273523888884107
-0.3368426496256945
0.5073159866047355
-0.32512990013595927
-0.06176553522952971
0.1467711361682027
-0.07209259126417189
-0.1591976887312498
0.4719835084792203
-0.18321413363100914
0.10706400311707376
0.5117640901020856
-0.5169332573022146
0.13622243812932522
-0.4348606532188833
0.2549806155346298
0.20406628858040698
0.015466441169832645
-0.17240001269868077
-0.44534987889001293
-0.2669733180398307
-0.11722616786442103
0.42262690991582774
-0.5103921759640212
-0.4547103715354852
-0.1253607714757039
-0.4656009953609355
0.015746395521524237
0.47624310833649675
-0.23585536251010414
-0.4897894109324426
0.2222672287227524
0.28247479938563835
-0.16087378749473474
0.2755664930417271
-0.5218134208696678
-0.5101080134426187
-0.29476409893488986
0.255938943222379
0.10081049485597382
0.46016607207000537
0.3479339834979903
0.21889730081127956
0.42212838184872525
-0.32664663452212217
0.2736829863764241
-0.42641625011008877
0.11705884793249122
0.0769040933759223
0.16943329497031756
-0.2782398407342148
-0.10625533974714807
-0.15725820801737594
0.4007639755405984
-0.053705007627873835
0.336960686407512
0.476144869750159
0.2676650813165088
-0.24477726432143598
-0.049510437126809415
0.08929036036955929
0.40056009433382733
0.0293204021218616
0.280290556054828
-0.3185992138530027
0.37659569999247344
-0.4555776584067368
-0.41942123010036264
0.03703851844667172
-0.29244086298505234
-0.44378807497465284
-0.1524352611890471
-0.10330952435134722
0.004790082672228135
0.047501221412672545
-0.3331053033997421
-0.5102044893999125
0.5098038598341325
0.36277003049761436
-0.4181511847413687
-0.20246309089675874
-0.17222969049268366
0.16076293092143623
-0.11369447914971348
-0.45276608965375603
0.4576254086979
0.44244597464116375
0.2846024557277773
-0.1401696480046155
0.10626650030649132
-0.3297662721987042
-0.05510136185205222
-0.258648821566045
0.17158366860421703
-0.5156277519427401
-0.1039457359233727
0.007236810505496294
-0.49703393357804576
-0.392551265546971
-0.05531789255520747
-0.5105095697555849
-0.2917222809080008
-0.13126697659006237
-0.019326633286351314
0.4685566941626941
-0.41857952371654
-0.5063706775122958
-0.10249631523428082
-0.04900810419332624
0.3626238015006509
-0.1413127679344115
-0.49604187560630353
-0.4079101068616567
0.05595526655814553
0.1844677909689073
-0.48763463516263905
0.4715098889104199
-0.3837045198081903
-0.3041612855882254
-0.4840184826816841
0.45353216965319465
0.19788019039048665
-0.09746806938081054
0.3294451919829853
-0.38919993074366044
0.2672033107149878
0.09197512883204317
0.3693577725936972
0.35831239345389654
0.49359971393443647
-0.35668445463713605
-0.022899182196277235
-0.11112480027731331
0.3589386579356403
-0.3503596783476537
0.008306252830257321
-0.12242858394243777
0.1687986896391238
0.1468081071427727
-0.3902482678986451
-0.516220149546041
-0.020417033942157436
0.5124082495171606
0.5026696108007017
-0.2291391740303687
0.426885226004322
0.28651159819235006
-0.48529771278842126
0.3950407494144008
-0.05651199889647057
0.011056352539624892
0.09766938955088178
0.29829470537755787
-0.4377112666413606
0.15574865469852994
0.2534388877364381
0.2627062026017507
-0.44810010253416127
-0.4915192191471756
0.09896436303704881
0.05082795994624545
0.09042042175053155
-0.2574242378675362
-0.3627093417071777
-0.14527276101410735
0.48267723116269823
-0.4469792325806807
-0.20278481934133868
0.39151360763273857
0.31315324124579247
-0.42388031042907937
-0.08103134684030805
-0.27425430183684524
-0.34360890540991523
-0.17679113506499822
-0.3319119686199826
-0.07701520974493226
-0.011454963352601655
-0.4535784669853876
-0.12018706090855258
-0.08444847294250368
0.05823802835897629
-0.3538103196998896
0.2423552362704544
-0.353333221206256
0.05725103817368804
0.46470422605594996
-0.3439710414819035
-0.4575692383106416
-0.20992825242710783
-0.19805359837741537
0.07212450661158343
-0.49556131155547073
-0.3796665992310806
0.4383000107618954
-0.4053719335651756
-0.4872628026288217
-0.12144319088152156
0.3811618908341615
0.2901278607049458
0.2179999876541182
0.2675322480469059
-0.13732481700006455
0.032861731988005016
-0.2819323395491835
0.029880300917425773
-0.11334170065255733
0.3510379688643325
0.48021784937702006
-0.13906871806187227
0.20515107506927255
0.35344839666678374
0.4189052218509651
-0.003500390019669064
0.41574330264785075
-0.4517220412337971
0.17750676040034452
-0.030552627813493494
0.49509103616921013
-0.4495599739651454
-0.07686301413960189
-0.3198532149971771
0.20723659279224416
0.03548554792115233
-0.5051549635458313
-0.12294750000761917
-0.2763223159118402
-0.22380947552146724
-0.008562927771913142
-0.3980747074285444
-0.39370848906823896
-0.37278529861031284
0.4410645030713872
-0.00470804839182104
-0.5109233110123447
0.3576661050980018
0.27207972843385
0.3931041867222267
0.11384024719871522
0.24445959181435206
-0.10243176600383086
-0.4101450978845583
0.22305798264848065
0.22788676224584192
0.4037150939207337
-0.11087660489582013
0.31275876512949663
-0.22865265384595945
-0.034501091788965876
0.3106087959213666
0.06909332402952473
-0.038742552035044786
-0.3487826873911367
-0.3333624478371595
-0.10777765203814044
0.2460502179699421
0.32326535375774934
-0.4707663410272564
0.23929291947333797
-0.15266055272032575
0.27216424717478405
0.4804887509545951
-0.12610246663292646
-0.31130276855155037
0.2977673959109468
-0.5138634672643186
-0.21038055483013512
-0.4398595336440414
-0.017374289367190543
-0.24967159144429119
-0.24498006413500573
0.23826772739528246
0.4680963671249301
-0.13168176979945628
0.22243171722810418
0.1638550767475957
0.2082802773680119
0.4344191461203294
0.26833493541283326
-0.3529832038281157
-0.5095033505254413
0.17779202931034344
-0.3436249789777386
0.04172314169661362
-0.46920265214625884
-0.32639555584638524
-0.15458274906863712
0.013628853292595222
0.4361582136413238
-0.24804749386391012
-0.3668749261951407
0.33820221850028365
-0.4644671393763167
0.334522517258352
-0.37782567675257833
0.15570910418741435
0.23067983651781343
0.12320446750410763
-0.4186143404022964
0.17128781633963286
-0.1108917977204879
-0.3108662519789781
-0.42273813655388515
-0.014004205245552237
-0.4791793322031411
0.3151241302465022
-0.5107448547379548
0.41850247622047476
-0.24007284831358788
0.4754088790836677
0.5201647085982518
-0.19330572206899954
-0.35718147930896105
0.005833580906098534
0.35997271601232395
0.5198226266524907
-0.017658246310484627
-0.17008315020423603
0.24243673577362435
0.02474510966393617
-0.325258078581442
0.5065366138507325
0.28228347348678684
0.5013401151124096
0.20157865677178466
0.4880445821869358
-0.5072393590600731
0.4045925760401028
-0.3950335813380983
-0.019521818468538732
-0.22524153432035232
-0.08122055166142916
-0.08054065542083139
0.1517270649126219
0.4104513642847616
-0.2053205033399419
-0.05763615783210718
-0.13746199125033837
-0.2710291790656925
-0.14703031225097757
0.188696487620573
-0.21719433452728493
-0.3438649978774122
-0.481327397065229
-0.3279096027550727
-0.17873671536366437
-0.1956676114558663
0.39526083866169703
-0.05004573263100692
-0.17965108273005248
0.4619470642080544
0.2566630166750258
-0.3190180074580611
0.4026822921937563
-0.3080732529093011
0.008760302352724625
0.11060400000164006
-0.17193455356686016
0.06074400330770757
0.4209412356496329
0.18161448002670333
0.17535975353809807
-0.17342255302783977
0.1950646048005812
0.20237576443925664
-0.41131510506548963
0.0970927477064506
-0.5070007452555199
0.49239448253004936
-0.22759755719040298
0.38854623909898534
0.2741753924658801
-0.1089180339058542
-0.1192669842209379
0.14579602578262774
0.2655105486475763
0.30209671760078927
0.4836657141034132
-0.12172407851742484
-0.11829771860971405
0.07839226895225337
-0.09839151018944892
-0.46050591874924235
0.4070255929265375
-0.3596436020312074
-0.17585165046677104
0.4292030194465909
-0.34615655386845723
0.49632716263311993
0.470557241819467
0.35717901892951887
0.1892313460189855
0.5119371329365582
-0.27581518148972245
-0.0532420195193416
-0.26174780826941924
0.48153869046784437
0.1925897901145418
0.023307432399802153
-0.4951298575535372
0.30829637326974857
0.45929302015055185
-0.06236635519498179
-0.2449948016331825
0.2271534548971771
0.37626229340431083
0.39810524975492034
-0.34467310798188966
0.30289194715862877
-0.34060376775391893
-0.26461852742776365
0.20310260825749704
0.47241654217558793
0.11753955495407364
0.015499987011554306
-0.2685768422230984
0.1443442637456882
-0.09524409670110279
-0.24025046479608575
-0.2990646001597461
-0.4179248211366122
-0.18435212034199272
0.09043148129487
-0.3612683816780774
0.24041626915650394
-0.29483783442319655
-0.23634599122212785
0.247072377538765
0.5020603152945772
0.020339800952493436
-0.37472963793924846
0.19056215744277116
0.2681310985492764
-0.21406385037279785
0.26225531385482415
-0.18268161118628456
0.27655868911478987
-0.005660474718984121
-0.07002789138936277
0.4537997799510899
-0.43835073349194126
-0.46137415009338134
0.5005372789028742
0.3544861622023686
-0.4821242424400047
0.29737066820492475
-0.46859560330860067
0.515727343576646
-0.4925719944918163
-0.2739557571571014
0.37667427145787624
-0.3806555229365015
-0.12897717061533814
0.32074417822829426
0.39704222993936433
-0.13892007024164316
0.40285139904666467
-0.3877717078479499
-0.03814602161595937
-0.12431017837440411
0.5207390539758466
0.41420202154928343
0.044128196576046386
0.4188159894672625
0.4186490995148804
0.46652497828125894
0.2180851263418524
-0.42703579213224335
-0.4681021975090482
-0.19667778752594045
-0.06220159393925473
0.22100073313471336
0.40227495527136103
-0.1815487083309057
-0.3245590145408511
-0.18562661656110108
0.09120362385327563
-0.4373732639234238
-0.10468769879529188
0.08298305607087186
-0.018283505276335044
-0.05922101001641883
0.2100464835585194
0.3275606237101223
-0.14948044682514833
-0.030293445429904697
0.07741490830309827
0.0362705784924634
-0.12642338436671996
0.5202641846508783
-0.4846761545795512
-0.13510218155314307
-0.30159950309559613
-0.03934973746552378
-0.030612443182527982
-0.21673430994892307
-0.3359790159061506
0.014682044288606422
-0.43287306481560633
0.31764976448887106
0.05814253344995146
0.229426429362392
0.05048245366660975
-0.031918996522337595
-0.14078658727656967
-0.40273740079218223
-0.3994103741723288
-0.313473129354093
-0.06006014579142166
-0.18726502683021484
-0.4984646212267498
-0.13102770878443332
-0.24316113088240116
0.2988182297676175
-0.484222238338366
-0.5167466742127906
0.12094493011774854
-0.07197860061298333
0.37806159306623566
0.3337911596342591
0.29478259541156093
-0.020599892472205394
-0.042812926869626844
-0.26823652670013276
-0.30996200337470414
-0.4544971289568217
0.21585533216598018
-0.15347741303648815
0.3707386612455883
0.256066315052659
-0.377344379070448
0.3509192652003539
0.009488226503893471
0.4890869157612535
-0.21138950750648022
0.5061628468339664
-0.36168120863684217
0.08810333808252946
0.22569330054987857
-0.32098692130124884
0.4702412442833278
0.10052584499106754
-0.058798976249752
-0.2845179188364434
0.31172573111659063
