0.4422834507420256
-0.25128572205681543
-0.1364823285149434
-0.23867412297695118
0.215029208484655
0.08205948294933785
0.4441493603949789
0.27759880346829924
0.44992316790125475
0.21815463229822296
0.4161566459507632
0.2636240145070111
-0.14256644775015498
-0.06393598747345497
0.26925113827014613
-0.23527540355602983
-0.264481149705847
-0.406134261176784
0.2747895458134395
0.4246885535991942
0.4196770358332703
-0.48078740758142324
-0.31278298330658955
-0.04576981385909906
-0.32974117872951403
0.045578939483104985
-0.10930612371822485
0.20036735212559476
-0.40950968780920227
0.08305962878186024
0.09071775466392618
-0.4440727974992814
0.41887497578532995
-0.46256955766111496
-0.26447027800127626
-0.07110283078444651
0.38367430644143896
0.25667453447544986
0.15969435277065458
0.3108046192879623
-0.1885924332415294
0.21075151214807963
-0.2679831513465373
0.20013561902968713
-0.31048537007297883
-0.04660865302705808
0.14452340121828788
0.2702501743609459
-0.5219764152670138
0.10711731593403673
0.1618052177468401
0.29141609589082207
0.13274667367979898
-0.4345730944714758
0.4458174857536791
-0.07889834618741004
-0.0859013669374829
-0.2724071053583146
-0.030490666016558254
-0.36627560824770367
-0.4766183542589356
-0.3827282163941506
0.03959001805678053
-0.12530471547973215
-0.3518330471639306
0.1716386861900534
-0.23199269057904015
0.04668282179199168
0.06988462681827734
0.45673203888886815
-0.520111522032568
-0.5210932724869789
0.1731516424867955
0.38648633185386605
0.06684491917684077
0.01778694992529395
-0.16343719955893588
0.11177113615115952
0.2110138870737588
0.4953179338700805
0.49584791489617264
0.26400564920186675
-0.19393897041094638
-0.37732073082352013
0.31151435535727034
0.4296946812482958
0.2721674390964294
0.30251058870816117
0.374949935502085
0.19218903172078472
0.5202166367869238
0.2793940987857697
-0.4539205818683374
-0.24498452626057476
-0.16410907293410626
-0.22929555513121463
0.2704875451461628
-0.26655223680178763
0.05527637782085537
-0.18336793865366474
0.09322891615754769
-0.0991316288662995
-0.47985232684698315
-0.23231642633122607
0.35266099510370896
0.3119887005306349
0.07540526882356913
-0.05141928555067449
0.3409453677340496
-0.012455233034827873
0.4696825801786153
-0.3837315085892706
0.39902553024135445
0.29992791904981586
-0.36894885158631835
-0.34987201348141833
0.2431731767437122
-0.10740109923969693
-0.3951527278194146
0.1978807360696755
0.34033072184515556
0.4178578479140207
0.06187446151308729
-0.06107994449049764
-0.2032958870150261
0.24648601960662098
-0.4601857016321109
-0.1951053640811442
0.46924307842368307
-0.16658739073852225
-0.48824313817184867
0.2808586166293793
0.14279816242529209
-0.5182486027198003
0.27449167978672595
0.08658403157709837
0.15127097118106392
-0.3505453249405054
-0.14766677458091965
0.23589300216770703
0.14593212884501694
0.45877160867213285
0.10693525073659116
0.29741929949812373
0.05782713505170889
-0.4590988212020054
0.18603239841600894
-0.14518147721774877
-0.05795972688283135
-0.30723675870191813
-0.28616570831927735
-0.25892930895784105
0.2890169933269058
0.11322930647606522
0.45464380074805144
0.005144520575977363
-0.29011703309603476
0.34056141916576776
-0.40835854146484174
0.07771513482251491
-0.14616250965547112
-0.24458261726333969
0.22772660576448134
-0.3390980990696925
-0.49181207751812933
0.2410741155259456
-0.14963050175158288
0.1505943722536881
-0.42915822683044946
0.04573091917345584
-0.4819994646057942
-0.27747481494233395
0.09015647718661157
0.23698062789956897
0.20038350437761798
-0.36320651640465274
0.11767860508147854
-0.21267896696341348
-0.3526067317193996
0.3270741944504819
0.3633784775468393
0.2722355754613577
-0.24648064032608497
-0.46628045738800505
0.4566285065725294
-0.22043607884480665
-0.2915902513214905
-0.45348224662529096
-0.10647465975045278
-0.4600731362654916
-0.5145350058685121
0.06352589986560286
-0.3915580960858942
-0.21274251744149475
-0.015920992066655093
-0.13579304023071676
-0.12509448130935807
0.001040883032700446
0.23643531187253908
-0.20190463689843052
0.4772580116607176
0.15642088025949852
0.19537499894503652
-0.39694698501972325
0.07474134715592651
0.1853308913097772
-0.4363492209314438
-0.4530090958664175
0.3699148587988639
-0.022665405492319934
0.06581495963845707
0.2696006895227374
-0.25682243658287524
0.34255552900194064
0.11128069925842987
-0.29118533545737624
0.42996060538187275
0.24674734795152253
0.15188520849535414
0.42387303299784396
-0.026953128057766063
0.1612716327258814
0.47104883968777034
0.400496461116582
-0.09125029737571555
0.4350611835766478
0.4766314815593956
0.38869253059672293
0.24017689558349198
-0.31757611145854736
0.46176995595520753
0.23508410059870644
0.10143001887607495
-0.19419753524272976
-0.008060701145898741
-0.4176933724898553
-0.038250788929441726
-0.07023287810438966
0.22402667059850034
-0.2940565096259247
0.4924633477246142
0.2099993168013925
0.08590609850281272
-0.311290631000127
-0.08441996827385712
-0.15014917686955082
0.09012542001659374
0.31527515820574614
-0.5161430176168283
-0.26561799459843877
0.043005999739881284
-0.011221911361695702
-0.38280505149875665
0.42880695473280983
0.4110763886459925
0.4503314942095501
-0.13832273741426093
-0.11042737486544885
-0.10020456169669711
-0.52056465915589
-0.41477588586348874
0.18483187956085168
-0.013767901077164302
0.15803108132382626
0.5206860544878781
-0.04682401558617233
-0.44063859057528587
0.0657003201197317
-0.43196419679429016
0.48703407240120933
0.4225907926043383
-0.20112131159286722
-0.2282011385151182
0.11451339333281974
-0.3229191795812778
-0.16252299133194914
-0.4632518500945956
0.40375023978753155
0.10899796611541956
0.087190458724282
-0.12685419920675933
0.12827491715035477
0.18772110801110187
0.4612352730677459
-0.1430707065574494
-0.011875970213300668
-0.34010926084625037
0.03899587049685338
0.1304497614180613
-0.4666304322498348
0.0018464610454779207
-0.03258138148547879
0.29500849410069774
0.4142767786173226
0.4137240340281836
-0.29237114385799534
-0.3409441252655243
0.1427769721606662
0.15298059497707217
-0.44940129154953673
-0.39368194955092894
-0.2870905173649253
0.4066350544546644
-0.2025631516295347
0.14476192949343702
0.1945958263337254
0.13605235145764927
-0.07406112234435475
0.4796459357791726
-0.19569376658111803
0.17946501512388902
-0.0180834946947942
0.30753147467310704
0.5190249143989994
0.22948443127424978
0.20942372423634803
-0.27097534206438023
0.2881004567076799
0.4875633415780626
0.33148613906192625
-0.3134939617998576
-0.48039712792651157
-0.3640706883554882
-0.08560400395374412
-0.17699174739697937
0.35236120533658555
0.33712569551240656
-0.046589345214271605
0.4894404207975468
-0.1221222359307309
-0.15998591133945989
0.36295105297590136
-0.3918335345256746
0.00762714262559705
-0.5097224885263583
-0.49205231033995706
0.4084192622235788
-0.015269436380815016
0.4768874269408153
-0.4042516528757017
0.5041949690018998
0.44297987063294453
-0.4301922115318492
0.22389874266962573
0.5103253945274354
0.28718608537201484
0.4752893129785636
-0.5157742186053192
0.10034098848436557
-0.16857587460917495
0.3265661487253816
0.4563604541885975
0.1407487389217611
-0.40689901875649
0.360947083568691
0.0825314831800803
-0.17429554540551806
0.45767393572343795
0.1770472303865328
0.20472881597240333
0.07131771333436876
-0.4375362957725203
0.20868012168842798
0.09342812704317405
0.4336379038589441
0.23259600587086005
0.4726473690038935
-0.3404769719590899
-0.14503395240757305
0.21996157256402737
-0.3228854048999547
0.11968766943693487
-0.006059068976913218
0.3288828406957086
0.08604209708262633
0.04616833328258452
0.34225436286959
-0.33327029895789284
-0.487540536804917
0.42429343303520484
-0.3466432810888588
0.18084789060279072
-0.26808476042065443
0.11825924320758985
-0.008492716262161304
-0.24863527832106547
-0.48158754002800597
-0.3735070320199882
0.19327158874245243
0.345865631746479
-0.18948250375799192
-0.2503079035209754
0.18678343053296043
0.0705701023749753
0.4421700782304696
0.17169748423790554
0.2759708079719563
0.049139163433072675
-0.39121275614639117
-0.019296901318434756
-0.408984895701875
0.3753222970812671
0.18057234675968337
-0.34349658460545507
0.4051117405756862
0.22056804618490333
-0.21671277570594533
0.30067191230341717
0.18057453101853949
-0.48977137951991767
0.2482765178815386
0.13954703642680588
-0.3721967215241838
-0.4929528947263476
-0.5186012756450306
-0.2080326946525416
-0.11345089561809707
0.2010009348634172
-0.4463501937551697
-0.3597548980401146
-0.24119101366391504
0.31639441591038897
0.4508856997527738
-0.10955328852337148
-0.15636290258008528
0.4980962211623311
-0.3930246382157424
-0.4309928857708256
-0.10918692119992535
-0.22470279064651377
-0.4331685984703612
0.1930439814555921
-0.1968348624965961
-0.1179504839737634
0.36734901622211136
0.06913443094391558
-0.2519239348377531
0.40387098057147375
-0.12373559067945483
-0.25890652739567716
-0.35796714418174935
0.20762989975109192
-0.16695602653238545
-0.4111605946007919
0.12491170076994629
-0.026925499988230017
0.021322938050123974
0.025493090714072797
-0.20318090525181104
0.19879174155234414
-0.5187436449235652
-0.17749660041647214
-0.3606157827638712
-0.3507203470327976
-0.07530408471557598
-0.1891679119580742
0.23065060755097433
-0.11147566536840398
-0.0358602601121627
-0.34535871475323593
0.40842971587393506
0.19999825802617066
-0.2706581171490181
0.32521572282642186
-0.1604010817354649
0.5069756652217802
0.4399264751506443
0.5131335547438632
-0.5006913711240263
-0.2667254126410413
-0.44940123024888096
-0.27426402978144065
0.4092800194476802
-0.39656395138532685
0.2530136280986024
0.033668836249121314
-0.29303536682400705
0.02259341305750051
0.129899296423447
-0.1232864440619762
-0.47135926851696086
0.33621525262217944
-0.18370767464377086
-0.05741434015460534
-0.021002622137596627
-0.5052868282637227
-0.16203935170344058
0.24672657871292691
-0.4809784606211298
0.39992610419499697
0.021927226532348798
-0.5050226827367915
0.40593049651553303
0.2448438181721041
0.3768293978486533
-0.18525995148469482
0.09768440731499728
-0.43248450574819586
-0.38345640212795545
0.06505742508165735
-0.49481790638690787
-0.4089479286242309
-0.17852840675274256
0.4917829026136594
-0.4321667097362205
0.38610633312364506
-0.29041027869723346
0.3571852834304309
0.1450480411724756
-0.20994703380682522
-0.17764414819792218
-0.15201934133705153
-0.2066845219469205
-0.4303289923305938
0.02371115410180713
-0.11588407162853054
-0.030620392684011677
-0.05418041471386981
0.044953402284093724
0.28794964746273033
-0.39808887579693236
0.023830780787472028
-0.14798779767195736
-0.01768414898835513
0.11536223360600528
-0.22011385647363102
0.37249014796353275
0.4555160018229143
-0.39159359533730637
-0.022454711818193362
-0.09972746071938499
0.37519593277005514
0.5171940247986812
-0.32017634359660874
0.1463416366606325
-0.5165098030999771
-0.224231479220586
0.37289200317601334
-0.18251412269490214
0.4919417582800668
-0.48634258737192787
-0.059893107921554056
0.0675313659526725
-0.2996541388065987
-0.38428080996596514
-0.025637394996996965
0.0002821675429450776
0.3334617332722636
0.30267706471084144
0.13629374957026075
-0.35696928251474386
0.4392972403582788
0.053030068096563854
0.2858896352499688
0.1816090736080036
-0.037631194520581
0.11908621015731269
0.4969726743564754
0.3482581408280663
-0.2579046427687526
-0.5055852928537133
0.2361429679322875
-0.24685859918252068
0.4714813000279342
0.49247954389823134
-0.3890190118413903
-0.4413020959324657
-0.03097629914183564
0.12734113554849757
-0.3386928110414982
0.23606226600622038
0.12455121824097126
0.13931820415394047
0.0941247347543206
-0.272895225889286
0.330776557438078
-0.17978569380507992
0.48525999510729967
-0.24178199585199905
-0.11433471157846176
0.3711515182425349
0.04954418681544137
-0.33388716429950266
0.21372461861305692
-0.28911300886557456
-0.21795541189717121
-0.42088735712761716
0.4423781906688018
-0.1327255111408845
-0.3868131118385264
-0.4344210177246136
0.021339603724408907
0.4743530097680394
-0.07442856081862687
0.22500735829259588
-0.035307772043581764
0.38649877267091015
0.19455400653626498
-0.05707527660193046
0.3464244483841603
0.09544358590563196
0.10536312099703338
-0.028006061151512274
0.13959443166142882
0.33424390203484167
-0.15450683419987227
0.3240704725159891
0.43894754091064614
-0.0635759644444242
0.006858795084541236
-0.11040476380396402
0.3705571852195728
-0.28005187508999296
0.12382085615534599
-0.06259975037452181
-0.39404362202307086
0.4590799295972722
-0.172660070809327
-0.39066733131451886
0.2626920103256307
0.3653189485860059
-0.4909313665379213
-0.4020973815128118
0.3637527078286964
-0.5127289565935975
-0.10202299848133595
0.025826567888868168
0.05454749032258088
0.3773925806230488
0.0494184681959301
0.024755143735327834
0.11445967219902187
-0.33134920630980813
-0.06198049804622402
-0.4749230381108068
0.4322103648961999
-0.03182082149557591
0.2658263673587027
0.38875908571793305
-0.004337083903145134
0.4986998499774461
-0.13771810971322612
-0.4824761963362632
-0.26424960519733104
-0.33370475298919844
-0.3362323470047358
-0.10547241985485556
0.16384409178993098
0.5156354402655362
-0.26953013385017077
-0.37202039668235776
-0.32929804466390067
0.20455709291283342
-0.2695510207466201
0.421542730307398
-0.21182598939877095
0.39805494303499767
0.095447470224161
-0.33947682796437123
-0.2864491574642468
0.24563162291102658
-0.17736975500543617
0.06129647983042863
0.45164029444282217
-0.075668752427489
0.459414272390015
0.1917888343597809
-0.024072140321244162
0.5096687845392117
0.506917740923604
-0.5032834268177202
0.43898449427719977
0.04664395018470768
-0.4910323274838116
0.1678927562096041
-0.006901652725837648
-0.25571754869705554
0.2955860987887141
-0.15715593330649458
0.2986069759984312
-0.18438066756300853
0.19739438635671713
0.14313548173104174
-0.19735801338622788
-0.34145522714851967
0.19132368923547893
0.23828962248294838
0.07981309442766105
0.36669634864294254
-0.43563218993969477
0.3022061949833741
-0.18679919061732142
-0.08487690066817566
0.21064814518186203
0.3584123534458351
-0.22853529466225847
-0.3348887683190577
0.44324970708460354
-0.05277519943147263
0.33401038165124863
-0.44787031783416703
0.4585080158126895
-0.0350274482653799
0.1932250025519151
-0.30641666625040853
-0.25081276445428197
-0.4943564187952058
-0.21800429979082392
0.03051761000890274
0.31078883360635456
0.0939266850911381
0.18611839545946396
-0.11585866868461159
0.16414331144138683
0.47433604071090063
-0.20877389450128253
0.059429830526379956
-0.2576724922828825
0.11389577146547758
-0.21499164560201572
-0.34243804919151977
-0.5011299691068118
-0.3543074595765858
0.13806694632612015
-0.08078668712802717
0.42663793979310827
0.22976929395443468
-0.025810541283800115
-0.3568616539766378
0.19876401812118827
0.04177608506518826
0.31328050888287506
0.1985834400308164
-0.216096790221869
0.2500548310016609
0.2674989271248942
-0.287592549816924
-0.4166650288251874
-0.5158445526769972
-0.4824106513224974
0.45504902719827434
0.5128204504809698
-0.09033707400494073
-0.12020735416427264
0.3503686181728056
0.26246966905192826
-0.48000265335162723
0.18935381546091368
-0.07559342803947122
-0.303316662990532
-0.37041826541859846
0.11862975131052378
0.05525176185806757
-0.3512302565261952
-0.21311962313773447
0.30762053482365603
0.33981000326947897
-0.4955005595679272
0.14697721579860967
-0.034037618820883464
0.2701528675280416
0.21714903532015628
-0.1918877162699188
-0.26723967728725906
-0.2791247582083263
-0.1577583797641819
-0.19205593380938485
-0.40587523964209804
-0.04591676933894806
0.10003755246815815
0.14695109175998
-0.21355307798219825
-0.1968155319167587
-0.37431017238399467
-0.38249494355939023
-0.1255292419764268
0.0071522532119108195
0.2394902131915242
0.48283949291479933
0.34811250918523207
0.2074651228718476
0.3105921456449947
0.44966598617203823
-0.37276248596194844
-0.3497121870314486
-0.4861866654743051
0.35482405290828634
-0.5197353257112288
0.37663897730290785
0.10473053209373362
0.4620223074136889
0.4035924019835748
0.34991647234978873
-0.26508084992969294
0.030270070416502537
-0.1886193690087965
-0.46199273419097797
0.09154979141203212
0.43080492660684744
-0.44414150365626576
0.08308376692859876
0.02990393672777525
-0.172068198852305
-0.18498387793193088
-0.2201693264952132
-0.4205588632163112
0.49228958160123837
-0.4564540949999015
-0.4895585514535705
-0.47949208227457396
0.3715408593154732
-0.3443080073241811
-0.2400289476261564
0.019409656246670903
0.47833011708258033
-0.22858734036292017
-0.30753224113260025
0.5140954408481101
0.06275376285592882
-0.356960614666999
-0.23581259717975145
-0.2942749498595946
0.4347044007931514
-0.23616636978763816
0.4857606640539699
-0.2717642447794989
-0.3968729295334599
-0.32281384256777224
0.31366376829079845
-0.30094702817948993
0.16635747175225157
-0.30932455285714094
0.48825965921963077
0.1882820820647122
-0.2381490154354
-0.0621657047009726
0.05297526295869881
-0.0043826866812956
0.06379534060653469
0.5198663875536237
-0.15290822357026873
0.06085622222897036
0.2334926868041376
0.24236400719426998
-0.4776105700625084
0.19992231715924424
-0.19345812819831798
-0.318699677928007
0.05623806195932801
-0.17766925893990182
-0.1309193372372549
0.4128311963998196
0.4845910736703637
0.16959044331502982
-0.42547378739436686
-0.3995654525395757
0.39156171722057975
0.4637753367742312
0.01325849772292187
0.36499918366384654
0.3117027442532889
0.3030208196021359
-0.5128728593629986
-0.4254203968563313
0.4666236087849708
0.21966782458869027
-0.3321455006143561
0.12852341674572232
-0.06601452377433858
-0.2497645455120927
0.16067588850173542
0.05648303781082986
0.29733820748288353
0.2623265664277442
-0.24784008021120635
0.5026731826259673
-0.48634701186764684
0.06263020819994602
0.0627021250837333
0.2848037036183605
-0.49307049759796895
-0.25597172875200885
0.18233581903706475
-0.35341522939224385
0.4573482220332308
0.24459403474242203
-0.4115838139621796
0.0033644161601085187
-0.39658383705033196
-0.4923530096245846
-0.3494579417050972
0.2617389510402416
-0.025622948610302343
-0.17826252826280414
-0.029310843164111533
-0.19547067342847907
0.18508942875607848
-0.3049827500040185
-0.48453985306618125
0.5178282223775078
0.1751652534561765
0.07267421068960522
0.24655769999579102
-0.2355206392364118
0.36297498675324036
0.0972342613489704
0.2531172235983111
0.3251770445033326
0.5173006522623383
0.09833901806166367
0.38161962470733146
-0.1466860600680152
0.05582715916734837
-0.28710769349176446
-0.47470507167902326
0.34168138436780493
-0.4789024862530877
0.20184291699229806
-0.49923979292534254
-0.26357076015469344
-0.3061625259536034
0.37114483807792986
-0.44783893585282397
0.15895394293722365
0.22256051411509348
-0.44454804245559815
0.4958269434411785
0.09384868355271869
0.13705445471777744
0.4911706763529936
-0.1286611225139619
-0.5087025455097457
0.24112944815422088
-0.2238909649378068
-0.3359100896509011
0.3182415615795944
-0.18040672331115615
-0.011487430955790412
-0.056647787363801494
0.46830769130725525
-0.24210505792466164
-0.409521581113247
0.48105490079635105
-0.0799221700483505
-0.3353908410962817
-0.370621170068298
-0.0939883691301549
-0.017364567487487936
0.012929151788753979
-0.07081889943199904
0.0037264706860445918
0.004360316442245438
-0.30981701324808647
-0.2739337536746011
-0.1842492334902906
0.030038109348657582
0.3841372280626598
0.3928084375269617
0.27945436788576805
0.03042408933384466
-0.1486594347689814
0.3630804950405194
-0.08407473633080087
-0.293335455152101
-0.1847658143239344
-0.293233734838327
0.364400185764016
-0.10081713057871544
-0.2896968811671936
0.2943538644355551
0.10092772866821786
0.37074252562912435
-0.31212787435658024
0.5211188685373979
-0.2888812083329072
0.2788769119726179
-0.17015174909148328
0.28655433977216616
-3.0196502810442283e-05
-0.3692695883903435
0.02767116787123336
-0.248837247349671
-0.4647246654640057
-0.19739266979426734
-0.26743548784299526
-0.014042209271689976
0.1687196602352682
0.06953284168412088
-0.46665488853957054
-0.057538097887958994
-0.033180280471657275
-0.18036395930286014
-0.20579486297348681
0.09907715578818355
-0.07185967783215741
-0.24609411035016282
0.12823492465504882
0.21597395152506582
-0.020701112114437037
-0.009636697666223104
-0.42801735952617503
0.06776094765025065
-0.4138086058235632
0.3127434725319048
-0.49010486920567153
0.44047231963936906
0.0039192160660852515
-0.4914559608234179
0.2825148861086023
-0.438485485913009
0.3203666449662711
0.05128712408111202
0.2664165772079976
0.5181689514936588
0.21506632540737503
-0.15388633229212995
0.3573196469050647
-0.126229095503612
-0.2506537750065445
0.2698666969031508
-0.33535448700534365
0.17909833337607473
-0.24648698545754677
-0.2737160107166837
0.4994836398009651
-0.29690819468296903
-0.15197709858322622
-0.4312938838991305
-0.11506162651111596
0.24853515504247425
-0.43129257995755654
0.23760759470773385
0.2818103761800681
0.29288666685478426
-0.38805195375201224
0.4273148503996058
0.02263406055747097
0.17942224409831287
0.08569196813327329
0.27420242956504803
0.06564230797727277
0.34466456769256126
-0.3258502280664779
0.20902146792947995
0.10314948755234388
0.3705908640204396
-0.16515801716526196
-0.14628270049076758
0.2101315977841839
-0.24135701131666482
-0.24744742436248535
0.11034464332872373
-0.4140466275240895
0.22753970333928808
0.3626246041458917
-0.45881312742605196
-0.4004625322647552
0.2994925780666554
0.5123990638436345
0.43637453902130874
-0.42179839147846376
-0.21752328009360677
0.001773591901171656
0.052595875095109434
-0.28721432552356096
0.01513624881900899
0.35916781037840806
0.4130370630580401
-0.5200791393957568
0.024623417134061576
-0.4202101734800032
-0.1790585688604866
0.32349282568745674
0.4428268875577617
-0.40667099434751586
0.16667008726004184
0.45377243454144167
0.39639379954002996
0.31974809150608297
-0.3219810931079031
0.3643509043190132
0.503824300522837
-0.35730740015702434
0.28654680881618466
-0.3832055042631466
0.14539419444784696
0.35668155471621465
-0.039299302635132816
0.3271278658973187
0.3810609583936332
-0.10948802948116576
-0.14473937458338043
0.19008187252882702
0.3207733728723281
0.297159047198408
-0.2283459674110716
-0.35240896449434234
0.40878326140400845
0.4066021494899015
-0.40247749394654186
0.018945910780920117
-0.38128089210185867
0.21047123638788556
-0.22006329058628887
-0.4431092332649761
-0.5031886363619356
-0.27232077298822427
0.4243807472497647
-0.5159331437854766
-0.418361291244905
0.26126119757596067
0.4520545647214782
0.4196827835961049
0.4775138709417929
0.2711156561778023
-0.030154770553384003
-0.15459636072913863
-0.09295378641417257
-0.20621131289408418
-0.08126366156562409
-0.41272181949174885
-0.3861449741924948
0.009573120704516436
0.20555619292816174
0.43166746016605817
-0.00023055135262961546
-0.31563844691710463
0.3667273052755654
0.31982146575015546
-0.4543413254820104
0.5217200669724616
0.25113066409058604
-0.1436256326720824
-0.16438086097773535
-0.207820023317971
0.2570450925975647
-0.2800297057982211
-0.32598779747665196
-0.11708775345119332
0.3498563051792116
0.4122750357125361
0.15990576635513698
0.3618303905803506
-0.3434220686958121
0.4245380759453914
0.17264942026484487
0.5073303894724918
-0.041900740356142496
0.07907108034041377
-0.09014212415042089
-0.4238403834516872
-0.34729748902752333
0.11697322803955068
-0.3895245833857315
-0.4610986259654184
-0.44817524787453544
-0.3782314314345467
0.2584331472052951
-0.28758445371890584
0.4471751834933083
-0.4074873159103618
-0.5018465500949572
0.2041926657389943
0.3697315012972805
0.19908383694216025
0.40950267108864813
0.33850812935059305
0.4102962057430847
-0.3310303249880502
0.12115603739207592
0.42106801187240595
0.4898296748077685
0.3857821802307968
-0.4016213325275514
0.4546240253499816
-0.09595061445520686
0.10610417619312351
0.22111542576290744
0.19424600585911278
0.35071785369736597
0.20787302588506995
-0.1410784492074313
0.16053134332763486
-0.1771384425433799
0.3806805689159992
-0.37383005628807353
0.3024061289093182
0.45926214583277913
0.11481921700318809
0.35135759119208876
0.2935263505478679
0.3563821359028241
0.13990892189378867
-0.3370511561321915
-0.03231035514923153
0.007966966081264681
0.15189229142911465
0.10369886361635328
-0.20915254501077535
0.37948061874181915
-0.4873390137541092
-0.3707411544576457
0.024676274758794414
0.1537288152599917
0.41086978317697054
0.31644354805915975
-0.30494705481310314
0.28456051202470656
-0.028743927483201037
-0.26177545728970325
0.1935117324032064
-0.17270777981301916
-0.4363326560593148
-0.4106486135626938
0.42143853997564995
0.1631226282958368
0.004880391891449065
-0.044120580528846765
-0.2813038388383349
-0.2906370708049175
0.21575303798718726
-0.4567707890188188
0.5083569655333576
0.31625349704393113
-0.4773844238376737
-0.07957667663615892
-0.033990711732481915
-0.473070594147732
-0.41912635177955554
-0.3366722594586654
-0.4009890225328928
0.39235546889151274
-0.09647328718300341
-0.31920100545587876
0.04174632964037461
0.12324028360293693
-0.13936734499988312
-0.34282602212854474
0.0359953277991687
0.02933431832761435
-0.22531671985688584
-0.38329220581728973
-0.48020293459398633
-0.4508904124811951
0.42816875546126776
-0.30568571902172254
-0.18194127457576115
0.10477034357056503
-0.41788560446933987
-0.057735419693794365
0.08659502681783604
0.11532613090649424
-0.503932165678389
-0.3578034219589683
-0.14805381118197525
0.29591771812046364
-0.30840584435239426
0.41787412324236306
-0.42113405208692667
-0.20830244484186367
0.08168685556381361
-0.4192340209279997
-0.2620632358322071
0.08923238834717007
-0.37831782763628297
-0.41105692220638157
-0.13379881453942016
-0.473355192558238
0.0020749962597595983
0.27311820830374045
0.10551464324658022
-0.05449348602636528
-0.4216216649233758
-0.15699286820141833
0.07551935615720784
0.36976082039733416
0.1799964527740363
0.39526143208437525
-0.39412692176740516
0.2623345527697366
0.2881979681627591
0.4891175803610096
-0.013358084376198898
-0.07027929260696364
0.09679541631000699
0.32761075755682356
-0.4169649645118869
-0.5182883375432765
-0.3599550253443232
0.4493740153853807
-0.48158958221347575
0.13193257171974682
-0.04878002824480421
0.12653950462372532
0.48655976087244424
-0.19522764973236556
0.48728576166881765
0.3336637845817043
-0.26734458026648333
-0.3348697575658924
0.36948151201248147
-0.2657813345575072
0.3603474079560399
0.26320119757929816
-0.45392006903912285
0.0851242383812919
0.1448017038782553
0.07820603531545789
-0.21407480910282206
0.2897029214752098
-0.029067103596902455
0.31434613801261513
0.3017173799477475
-0.3316081297559787
-0.35015457026439334
-0.4022007330586559
0.03220945213973925
0.5148517372068578
-0.437761590865747
-0.5194088909670337
0.027391122454798245
0.17150095740399385
-0.17444795239771282
-0.3560957693986423
0.31261138431187596
-0.14780464073639216
0.22922731922430872
-0.28745201652911445
0.129872644508079
0.05305835653980584
0.2999441526293374
-0.38805278518809627
-0.382319256668533
-0.3776045466716167
0.20465786001684838
-0.33245504941926707
0.09511712974078412
0.44135332559573703
0.12723167503414023
-0.3208667359854006
0.1870134877956806
-0.2402502776504521
-0.28019840274901686
-0.07117778719713586
-0.33429183245137173
0.12853547751561
-0.3708437029075624
-0.08403684979013926
-0.2147701447803146
-0.07555327551977847
0.01455186584486956
-0.15868741146537535
-0.28897114527862044
0.013341072531347642
0.304090106381383
0.35202483091514036
-0.16222933118918087
0.34146011478067684
0.09786231534140888
-0.059934002518765794
-0.5125482019728224
0.14599298370895797
-0.06293553197211826
0.40835129750856425
-0.28723745532838174
0.23529803607119104
-0.44426452025695684
0.2588586825008381
0.340975704185841
-0.19662665345269276
0.4113813446280934
0.11315723347756279
-0.011105721348716457
-0.07285376332173771
0.12909155529063077
-0.039533731302221875
-0.29813366825430043
0.44613528394184565
0.26672177724555945
0.0708527277423816
-0.4592332566120518
0.36222365725485983
-0.20540181791958273
0.29275226073670013
0.3574758993883592
0.3394236075037097
-0.1760286836890229
-0.46233099275311684
-0.18639615437849544
0.30014486558866904
0.08619354694536241
-0.3127543270717877
-0.040425904210401875
-0.25283589478739477
-0.016665425299390524
-0.0872439275835199
-0.15836686823442808
-0.34950325473003974
0.13049330142021487
-0.22126382466756167
0.3525576798976138
0.3885602201944166
0.21933509893613645
0.04169984266848825
-0.35800015821541165
0.20119757069131594
0.5016883169785363
0.10898034388620292
0.17514259857588554
0.30958328071255314
-0.3477041106689326
-0.4551343558429819
-0.48680072570413513
-0.08600680733895222
-0.1444300490001713
0.00844835255444476
0.35313879823752103
-0.37242005466235284
-0.34678623587842916
-0.5109111532298946
-0.05669390722255119
-0.2346573375969223
-0.2935177749460897
0.21970649079589555
-0.4259273972132192
-0.4162007058049301
-0.3929776171593945
-0.1491775150115805
0.26592772691593713
-0.00352392726308981
-0.448586970227171
0.2834030901537945
-0.4847833094149232
0.49547842258472297
0.18002383120810983
-0.015389240008670257
-0.21635189483138306
-0.41427052543989984
-0.4070528014919196
0.39026677080516015
