-0.3909413539895341
0.4156812674824928
-0.41193739409022634
0.6009919720070072
-0.24306763827931
-0.09785369293376966
-0.059355934784183106
0.38246579836196504
0.6682516664105764
-0.061371510917252015
-0.4212070323460744
0.35048884563513916
-0.5827043154591188
0.20499576744909043
-0.0514862043680252
-0.5530311544191837
-0.12263829708116414
-0.25699036197764413
0.23581694542362075
-0.3860563869807661
-0.02176654728862537
0.07731889641337708
-0.18555058690428272
-0.4044688589246354
-0.5274878527249016
-0.11048178556259125
0.10778621337103444
-0.5555056024329166
0.2522542805722756
-0.27639368728198266
-0.5034445442870418
0.5663712801734679
-0.23583228426018743
-0.15491426895955418
0.46315598676722747
-0.3067476813381125
0.031513519842232274
-0.6108324995937556
-0.09751295655359715
0.4594659316100411
0.22616581976120742
0.10085230027094205
-0.6327894967392589
-0.6165342379309161
0.29155234360156757
0.2197384347268918
0.3424009556696874
-0.4283084896741359
-0.18610922501056648
0.5429172179665676
0.5575449866805358
-0.32980583724192064
-0.4907285123123861
-0.6510033540312538
-0.10775336070937713
0.3623038949720616
0.4113444277831926
-0.28935607197008717
-0.08797374259688284
-0.36210962082259124
-0.08801658124505907
-0.0043083578019631474
-0.6240756649831589
0.013341164279189965
-0.40718790207379923
0.4131748862882414
-0.3456411325868928
-0.30792572960178455
0.20690451365505613
0.44919962166262617
0.24829186630959477
-0.5927814332078585
0.02939498167354182
0.41000214376581057
0.47647636361165935
0.06794884095166909
-0.5626127622510277
-0.2896484443078904
-0.5753137407447617
0.0786080477387392
-0.43753533026741837
-0.4702092983096495
-0.2185494189127435
-0.1159901347598824
0.5060318005445565
-0.34493962463487904
0.64354811542745
-0.1348810731990675
-0.6671126906271164
-0.08299289351750572
0.11947652267740583
0.5363479103548985
0.4404987516479939
-0.16256214834171412
-0.6719027036117367
0.6689376159199742
0.3785660788894283
-0.2468393185501056
0.2271387709009297
0.49219734727877507
0.5997458210330335
0.1735555826436137
-0.11743274839803552
-0.502240884471189
-0.5059773393109526
0.4278979482852949
-0.4185541221696436
0.3477903497117518
-0.1790309713954188
-0.05553717354483201
-0.32834130698860203
0.305272038803861
-0.5361363034869528
-0.5058781087674117
-0.6623158586137372
-0.3371186014807411
0.615417462721159
0.2735429522536992
-0.2221960156837099
-0.0022163201300121615
0.5960294527588583
-0.3055079191458372
0.3261224375066065
0.5688321897676214
0.3433824159362868
-0.619293859964485
0.014099184533868936
-0.32848660055523243
-0.37163181865440686
0.22510758179016643
-0.09569231543221346
0.4734027647619816
0.36628561884200983
-0.10596154362838317
-0.0023503052351049325
0.19545131293963047
0.5873814549112228
0.6622583192971028
-0.6323314792651513
-0.48982540662426965
0.34626274960692593
0.2993128635175831
0.35963557486624054
0.5053932001571686
