000000010010010000000001100001100000000011100010111111110011111100000000001101100000000000001110
000000000000000000000000000000001111111110111001000000011101010011111111010100001111111000110010
000000000000000000000000000000000000000000000000000000000000000000000000000000000000000000000000
000000000000000000000000000000000000000000000000000000000000000000000000000000000000000000000000
111111110101100111111110011001111111111111110110111111110010001000000000011000110000000101001110
000000000000000000000000000000000000000010111110111111111010110111111101100001010000000000100010
000000000000000000000000000000000000000000000000000000000000000000000000000000000000000000000000
000000000000000000000000000000000000000000000000000000000000000000000000000000000000000000000000
111111110010111111111101101011010000000010100111111111110100101111111111110111011111111100110010
000000000000000000000000000000001111111011101011111111111011111000000001001001011111111101010010
000000000000000000000000000000000000000000000000000000000000000000000000000000000000000000000000
000000000000000000000000000000000000000000000000000000000000000000000000000000000000000000000000
000000000000000011111101001101110000000111011101111111101111001011111110011110010000000110101100
000000000000000000000000000000001111111111101101111111111110010100000000001001000000000000011111
000000000000000000000000000000000000000000000000000000000000000000000000000000000000000000000000
000000000000000000000000000000000000000000000000000000000000000000000000000000000000000000000000
111111010110001111111111010111110000000011110001000000011110000000000001110101111111111101100011
000000000000000000000000000000000000000010011101111111111110101111111110010101111111111100110000
000000000000000000000000000000000000000000000000000000000000000000000000000000000000000000000000
000000000000000000000000000000000000000000000000000000000000000000000000000000000000000000000000
000000001101000011111111111111011111111111000001000000000011000111111111010110010000000000110110
000000000000000000000000000000000000000010111100000000001111110011111110010100011111111111011010
000000000000000000000000000000000000000000000000000000000000000000000000000000000000000000000000
000000000000000000000000000000000000000000000000000000000000000000000000000000000000000000000000
111111101101110011111111110000100000000011110000000000000011010100000000011100001111111111101010
000000000000000000000000000000000000000011010000000000100110010111111111101101001111111111000000
000000000000000000000000000000000000000000000000000000000000000000000000000000000000000000000000
000000000000000000000000000000000000000000000000000000000000000000000000000000000000000000000000
111111100001011100000000101010000000000111000011000000001110000111111111111011111111111010111010
000000000000000000000000000000000000000100011011111111011010100000000000111001110000000111001000
000000000000000000000000000000000000000000000000000000000000000000000000000000000000000000000000
000000000000000000000000000000000000000000000000000000000000000000000000000000000000000000000000
111111101101011011111110101100010000001011111100000000010000111011111111111100101111111101111010
000000000000000000000000000000000000000010101000111111101101111111111101101100101111110111111011
000000000000000000000000000000000000000000000000000000000000000000000000000000000000000000000000
000000000000000000000000000000000000000000000000000000000000000000000000000000000000000000000000
000000010100000000000000011111010000000100111011111111110010100000000001000101001111111001011100
000000000000000000000000000000000000000111101110000000011100000100000000110111001111111001010000
000000000000000000000000000000000000000000000000000000000000000000000000000000000000000000000000
000000000000000000000000000000000000000000000000000000000000000000000000000000000000000000000000
111111110010110111111100011110001111111010100101000000011011001100000001000011110000000101000001
000000000000000000000000000000001111111100010100111111101101110011111111111001011111111110101111
000000000000000000000000000000000000000000000000000000000000000000000000000000000000000000000000
000000000000000000000000000000000000000000000000000000000000000000000000000000000000000000000000
000000000011110000000001000010110000000110000110111111110011101011111111111010011111111010101111
000000000000000000000000000000001111111010111100111111101000100000000000100001010000000011100101
000000000000000000000000000000000000000000000000000000000000000000000000000000000000000000000000
000000000000000000000000000000000000000000000000000000000000000000000000000000000000000000000000
000000011000111111111111001100101111111110000111111111111101100011111100100111100000000100101110
000000000000000000000000000000000000000101110110111111111100000011111111101001000000001011100001
000000000000000000000000000000000000000000000000000000000000000000000000000000000000000000000000
000000000000000000000000000000000000000000000000000000000000000000000000000000000000000000000000
000000011101000000000000101001101111111110101001111111011101010111111101001000000000001010000000
000000000000000000000000000000001111111111101110000000001111100111111111010001010000000100011111
000000000000000000000000000000000000000000000000000000000000000000000000000000000000000000000000
000000000000000000000000000000000000000000000000000000000000000000000000000000000000000000000000
111111101011011011111111101000100000000110010011111111101001110000000010101100101111111011110101
000000000000000000000000000000001111111111111000000000000100010111111111110001100000000101111011
000000000000000000000000000000000000000000000000000000000000000000000000000000000000000000000000
000000000000000000000000000000000000000000000000000000000000000000000000000000000000000000000000
000000010100011000000000001101111111111011000011111111110111101111111111111101010000000011000100
000000000000000000000000000000001111110111000111000000000010111111111110101100111111111111010100
000000000000000000000000000000000000000000000000000000000000000000000000000000000000000000000000
000000000000000000000000000000000000000000000000000000000000000000000000000000000000000000000000
111111110111011111111110011110011111111100100100000000001001111100000000100110100000000001010001
000000000000000000000000000000001111111110000101111111100010011100000000010011101111110111001000
000000000000000000000000000000000000000000000000000000000000000000000000000000000000000000000000
000000000000000000000000000000000000000000000000000000000000000000000000000000000000000000000000
111111100100100011111111001100111111111101100011111111111111010000000000111100001111111101011011
000000000000000000000000000000001111111011000000000000110010101100000000001111010000000000010001
000000000000000000000000000000000000000000000000000000000000000000000000000000000000000000000000
000000000000000000000000000000000000000000000000000000000000000000000000000000000000000000000000
111111110010000000000001101101101111111101011000000000010110110011111110001100010000000000100010
000000000000000000000000000000001111111010011100000000000001001111111110001010001111111100010100
000000000000000000000000000000000000000000000000000000000000000000000000000000000000000000000000
000000000000000000000000000000000000000000000000000000000000000000000000000000000000000000000000
111111110110000100000000100011111111111010101110000000001100110100000001111001011111110111000011
000000000000000000000000000000000000000011110101111111111000101011111111100000010000000000110001
000000000000000000000000000000000000000000000000000000000000000000000000000000000000000000000000
000000000000000000000000000000000000000000000000000000000000000000000000000000000000000000000000
000000011001111100000001001110011111111101111000111111101101011100000001000000000000000010110001
000000000000000000000000000000000000000001110001111111100101001011111110011011101111111110111100
000000000000000000000000000000000000000000000000000000000000000000000000000000000000000000000000
000000000000000000000000000000000000000000000000000000000000000000000000000000000000000000000000
111111111001001011111111001001000000000110110111000000000011110011111110100010001111111111010110
000000000000000000000000000000001111111100110000111111111101100100000001111011111111111110111100
000000000000000000000000000000000000000000000000000000000000000000000000000000000000000000000000
000000000000000000000000000000000000000000000000000000000000000000000000000000000000000000000000
000000001011100100000000011000101111111010101100000000001101011111111111101110011111111001001111
000000000000000000000000000000000000001001101001111111011101001011111111100010010000000010000101
000000000000000000000000000000000000000000000000000000000000000000000000000000000000000000000000
000000000000000000000000000000000000000000000000000000000000000000000000000000000000000000000000
000000001010000011111110010101001111111000110010000000000111011011111111110000110000000000111010
000000000000000000000000000000001111111001011111111111111000101100000001110100111111111011110000
000000000000000000000000000000000000000000000000000000000000000000000000000000000000000000000000
000000000000000000000000000000000000000000000000000000000000000000000000000000000000000000000000
