000000000001010000000010000100110000000010111101111111100000000000000000011110001111111110000110
000000000000000000000000000000001111111111100010000000000111101100000000101010110000000100001101
000000000000000000000000000000000000000000000000000000000000000000000000000000000000000000000000
000000000000000000000000000000000000000000000000000000000000000000000000000000000000000000000000
000000001011111011111111110010011111111100110111000000000111000011111101111010111111111101110101
000000000000000000000000000000000000000100010010111111110001010011111111010111100000000000011111
000000000000000000000000000000000000000000000000000000000000000000000000000000000000000000000000
000000000000000000000000000000000000000000000000000000000000000000000000000000000000000000000000
000000001010010111111110100111110000001000100001111111111010010100000000100010101111111100010110
000000000000000000000000000000000000000101000111111111111010111000000000000101010000000110010001
000000000000000000000000000000000000000000000000000000000000000000000000000000000000000000000000
000000000000000000000000000000000000000000000000000000000000000000000000000000000000000000000000
000000001101011111111101110001101111111101001010000000100110000011111111100111100000001000101110
000000000000000000000000000000001111111111011111000000001001110100000000011101010000000000001101
000000000000000000000000000000000000000000000000000000000000000000000000000000000000000000000000
000000000000000000000000000000000000000000000000000000000000000000000000000000000000000000000000
000000000001000000000000101011101111111110010000000000000100111000000001001010000000000100000001
000000000000000000000000000000001111111101111010000000000001000100000000110101011111111110001111
000000000000000000000000000000000000000000000000000000000000000000000000000000000000000000000000
000000000000000000000000000000000000000000000000000000000000000000000000000000000000000000000000
000000001101000011111110110110110000000000110111000000010010000111111111001111111111111111001000
000000000000000000000000000000001111111100111010000000001100100100000010011001101111111011110010
000000000000000000000000000000000000000000000000000000000000000000000000000000000000000000000000
000000000000000000000000000000000000000000000000000000000000000000000000000000000000000000000000
111111100101011111111111010001000000000001011100111111111001001111111111101110000000000101001010
000000000000000000000000000000000000000000001110000000100000010011111111000011010000000001101100
000000000000000000000000000000000000000000000000000000000000000000000000000000000000000000000000
000000000000000000000000000000000000000000000000000000000000000000000000000000000000000000000000
000000001101011100000000001110000000000010010110111111111100111111111111110000101111111101010010
000000000000000000000000000000001111111111100011111111100111100111111110101110111111111001100010
000000000000000000000000000000000000000000000000000000000000000000000000000000000000000000000000
000000000000000000000000000000000000000000000000000000000000000000000000000000000000000000000000
000000001111101011111110101001000000001011101011000000011101111000000000100111110000000000000110
000000000000000000000000000000001111111101011110000000000100111111111111110100011111111101101001
000000000000000000000000000000000000000000000000000000000000000000000000000000000000000000000000
000000000000000000000000000000000000000000000000000000000000000000000000000000000000000000000000
111111110000110111111111100110010000000111110101000000001010000100000001000000011111111111101100
000000000000000000000000000000000000000011110100000000001100111111111101010010101111111011110000
000000000000000000000000000000000000000000000000000000000000000000000000000000000000000000000000
000000000000000000000000000000000000000000000000000000000000000000000000000000000000000000000000
111111111101100000000000010001000000000001101111000000001100101100000000101111110000000111011000
000000000000000000000000000000001111111110100101111111110010011111111111100101010000000011010100
000000000000000000000000000000000000000000000000000000000000000000000000000000000000000000000000
000000000000000000000000000000000000000000000000000000000000000000000000000000000000000000000000
111111110010110100000001001000011111111101000100000000100011011011111110111111100000000001111011
000000000000000000000000000000000000000001001101111111100010101000000001110011001111111001011100
000000000000000000000000000000000000000000000000000000000000000000000000000000000000000000000000
000000000000000000000000000000000000000000000000000000000000000000000000000000000000000000000000
000000000101001000000010000000100000000001111000111111111010110000000001010000111111111101010000
000000000000000000000000000000000000000101111111000000010101000011111110111110001111110100110011
000000000000000000000000000000000000000000000000000000000000000000000000000000000000000000000000
000000000000000000000000000000000000000000000000000000000000000000000000000000000000000000000000
111111100111011100000000000000000000000101111001000000000110010100000000010000101111111010000001
000000000000000000000000000000000000000111111001111111101110110011111111110100001111111011111101
000000000000000000000000000000000000000000000000000000000000000000000000000000000000000000000000
000000000000000000000000000000000000000000000000000000000000000000000000000000000000000000000000
000000101110001000000000111100110000000001101000000000001101100000000000001100100000000001110010
000000000000000000000000000000000000000111100100000000000011101000000000100001111111111101011011
000000000000000000000000000000000000000000000000000000000000000000000000000000000000000000000000
000000000000000000000000000000000000000000000000000000000000000000000000000000000000000000000000
111111111110110100000000101101110000000001111011000000010111000100000000110001001111111001011001
000000000000000000000000000000001111111101100011000000001001011011111111001000001111111110010011
000000000000000000000000000000000000000000000000000000000000000000000000000000000000000000000000
000000000000000000000000000000000000000000000000000000000000000000000000000000000000000000000000
111111110000000111111110111100101111111111110100000000010010100100000001010111110000000010001111
000000000000000000000000000000000000000101011001000000111010000011111110101001010000001000000010
000000000000000000000000000000000000000000000000000000000000000000000000000000000000000000000000
000000000000000000000000000000000000000000000000000000000000000000000000000000000000000000000000
000000001000010000000000101010101111111110010000111111110010000111111101110011111111111101000100
000000000000000000000000000000001111111011101011000000010001110000000000010011101111111110110110
000000000000000000000000000000000000000000000000000000000000000000000000000000000000000000000000
000000000000000000000000000000000000000000000000000000000000000000000000000000000000000000000000
111111110101000000000011011101100000000011010010111111101110101111111110110010110000001100011111
000000000000000000000000000000000000000100110111000000000010110100000010111100010000000101000000
000000000000000000000000000000000000000000000000000000000000000000000000000000000000000000000000
000000000000000000000000000000000000000000000000000000000000000000000000000000000000000000000000
111111101101101000000000101010001111111101011001000000100100101011111111110001001111111100001110
000000000000000000000000000000001111111110011100000000010011000000000001001111110000000100111100
000000000000000000000000000000000000000000000000000000000000000000000000000000000000000000000000
000000000000000000000000000000000000000000000000000000000000000000000000000000000000000000000000
000000000000110011111110001100110000000011011100000000100110011000000010000100110000000010100000
000000000000000000000000000000000000001000110011000000100001101000000000101000010000000000110011
000000000000000000000000000000000000000000000000000000000000000000000000000000000000000000000000
000000000000000000000000000000000000000000000000000000000000000000000000000000000000000000000000
111111111000010100000000001001111111111000000111000000001000110100000001010001100000000011001000
000000000000000000000000000000000000000001110111000000000111010000000000000001000000000010110100
000000000000000000000000000000000000000000000000000000000000000000000000000000000000000000000000
000000000000000000000000000000000000000000000000000000000000000000000000000000000000000000000000
111111100001100000000001100111011111111010010100000000000110110011111111000110111111111111110010
000000000000000000000000000000000000000001001010000000001100010100000001101111101111111110101000
000000000000000000000000000000000000000000000000000000000000000000000000000000000000000000000000
000000000000000000000000000000000000000000000000000000000000000000000000000000000000000000000000
000000001101111111111111011011011111111011001101111111101001001000000000100111101111111100011100
000000000000000000000000000000000000001000010111000000100000100111111110110110010000000100010010
000000000000000000000000000000000000000000000000000000000000000000000000000000000000000000000000
000000000000000000000000000000000000000000000000000000000000000000000000000000000000000000000000
