000000000100111100000001000101101111111110011110111111111010101011111110111100101111111101010101
000000000000000000000000000000000000000110010000111111111001101011111111010110100000001011100011
000000000000000000000000000000000000000000000000000000000000000000000000000000000000000000000000
000000000000000000000000000000000000000000000000000000000000000000000000000000000000000000000000
111111100001110111111110111010000000001001011110000000000001000011111111101111101111111110001111
000000000000000000000000000000001111111100111001000000000100010000000001111001000000001000110101
000000000000000000000000000000000000000000000000000000000000000000000000000000000000000000000000
000000000000000000000000000000000000000000000000000000000000000000000000000000000000000000000000
000000001010010011111111010111111111111100111110111111111010111011111111001100010000000101110110
000000000000000000000000000000000000000100001000000000010001111011111101101110110000000011000011
000000000000000000000000000000000000000000000000000000000000000000000000000000000000000000000000
000000000000000000000000000000000000000000000000000000000000000000000000000000000000000000000000
000000010010110111111110011110100000000000011101000000001110011111111111101010101111110110000010
000000000000000000000000000000001111110110101001000000001111100111111111110101000000000111010010
000000000000000000000000000000000000000000000000000000000000000000000000000000000000000000000000
000000000000000000000000000000000000000000000000000000000000000000000000000000000000000000000000
111111011001110011111111101110001111111110001101111111100100110000000010000011000000000100011010
000000000000000000000000000000001111111110000001111111111011010011111111001100100000000001001001
000000000000000000000000000000000000000000000000000000000000000000000000000000000000000000000000
000000000000000000000000000000000000000000000000000000000000000000000000000000000000000000000000
111111111010111011111101010100100000000010011100000000101111111011111110100100101111111111101011
000000000000000000000000000000001111111111011100111111101110011000000000100100100000000101100110
000000000000000000000000000000000000000000000000000000000000000000000000000000000000000000000000
000000000000000000000000000000000000000000000000000000000000000000000000000000000000000000000000
111111111101111000000010000100111111111111001011000000000011101000000001001101111111111010011100
000000000000000000000000000000000000000101111001000000000111111111111110010001011111110101010000
000000000000000000000000000000000000000000000000000000000000000000000000000000000000000000000000
000000000000000000000000000000000000000000000000000000000000000000000000000000000000000000000000
000000100101001111111111101100101111111111100010000000001100011100000000110100000000000010111101
000000000000000000000000000000000000000010010100000000110010000000000000001010001111110001010100
000000000000000000000000000000000000000000000000000000000000000000000000000000000000000000000000
000000000000000000000000000000000000000000000000000000000000000000000000000000000000000000000000
000000011011101000000001000101000000000001101101111111110100101111111111001100101111111100100110
000000000000000000000000000000001111111010000110111111110011000100000000111110101111111110110011
000000000000000000000000000000000000000000000000000000000000000000000000000000000000000000000000
000000000000000000000000000000000000000000000000000000000000000000000000000000000000000000000000
000000110011000111111111011110101111111101111001000000001011111000000000110110111111111100001110
000000000000000000000000000000000000000000001100000000000011110011111100101110011111111111000100
000000000000000000000000000000000000000000000000000000000000000000000000000000000000000000000000
000000000000000000000000000000000000000000000000000000000000000000000000000000000000000000000000
111111110101100011111101101010110000000011101100000000001011111100000000111101011111111101101010
000000000000000000000000000000000000000100101011000000001001100000000000011001100000000010000110
000000000000000000000000000000000000000000000000000000000000000000000000000000000000000000000000
000000000000000000000000000000000000000000000000000000000000000000000000000000000000000000000000
111111101001100011111111110001001111111101001100000000000101011000000000110010001111111111100010
000000000000000000000000000000000000000010011111000000000001000011111110010001000000000110010101
000000000000000000000000000000000000000000000000000000000000000000000000000000000000000000000000
000000000000000000000000000000000000000000000000000000000000000000000000000000000000000000000000
111111100110101011111110110100110000001000110010000000000000110111111111101010001111111010101100
000000000000000000000000000000000000000011101010111111111101101011111110111101000000000001111100
000000000000000000000000000000000000000000000000000000000000000000000000000000000000000000000000
000000000000000000000000000000000000000000000000000000000000000000000000000000000000000000000000
111111111110001011111110011001100000000110010000000000001000100011111111111101100000000111111001
000000000000000000000000000000000000000011001011000000001110000111111101111100110000000110110001
000000000000000000000000000000000000000000000000000000000000000000000000000000000000000000000000
000000000000000000000000000000000000000000000000000000000000000000000000000000000000000000000000
111111100101011100000001110111100000000000111000111111101101110000000001001001100000000100010110
000000000000000000000000000000000000000000000111000000001101011000000001010011011111111010100110
000000000000000000000000000000000000000000000000000000000000000000000000000000000000000000000000
000000000000000000000000000000000000000000000000000000000000000000000000000000000000000000000000
000000010001011100000000111010000000000111100011000000100100000000000001000110110000000101110010
000000000000000000000000000000001111111101101111000000001001111111111101110111000000000001010101
000000000000000000000000000000000000000000000000000000000000000000000000000000000000000000000000
000000000000000000000000000000000000000000000000000000000000000000000000000000000000000000000000
000000000100001100000000001100000000000001100100111111010001001100000001110100101111111110101111
000000000000000000000000000000000000000011010000111111111011000111111111000100011111111100001010
000000000000000000000000000000000000000000000000000000000000000000000000000000000000000000000000
000000000000000000000000000000000000000000000000000000000000000000000000000000000000000000000000
000000001000010100000001111011110000000011101101000000000010101000000000111010100000000011001111
000000000000000000000000000000001111111111111011111111001100011011111111101011101111111000110100
000000000000000000000000000000000000000000000000000000000000000000000000000000000000000000000000
000000000000000000000000000000000000000000000000000000000000000000000000000000000000000000000000
000000001110100111111110001111100000000001101000000000000011001011111110010110101111111011010011
000000000000000000000000000000000000000010100011000000000101011100000010000000110000000000010001
000000000000000000000000000000000000000000000000000000000000000000000000000000000000000000000000
000000000000000000000000000000000000000000000000000000000000000000000000000000000000000000000000
000000100100011100000000111101001111111111100111000000011001011011111110010001101111111011110001
000000000000000000000000000000000000000011101110111111100011101111111111110000100000001000001110
000000000000000000000000000000000000000000000000000000000000000000000000000000000000000000000000
000000000000000000000000000000000000000000000000000000000000000000000000000000000000000000000000
111111100100000100000001011101111111110110011001000000010110010000000000100100000000000000110110
000000000000000000000000000000001111111101110011111111011111110011111101110001010000000000010111
000000000000000000000000000000000000000000000000000000000000000000000000000000000000000000000000
000000000000000000000000000000000000000000000000000000000000000000000000000000000000000000000000
111111110000011011111111101000110000000110011010000000010110111111111111111100011111111111001001
000000000000000000000000000000000000000100001101000000001010101011111110011101010000000011000101
000000000000000000000000000000000000000000000000000000000000000000000000000000000000000000000000
000000000000000000000000000000000000000000000000000000000000000000000000000000000000000000000000
111111011100101111111110000001111111111001110001000000010010101100000000111101011111111010111010
000000000000000000000000000000001111111101110111111111101111000000000001100111011111111001100111
000000000000000000000000000000000000000000000000000000000000000000000000000000000000000000000000
000000000000000000000000000000000000000000000000000000000000000000000000000000000000000000000000
000000000101000011111111100100101111111110111110000000010010110000000001000010101111111010100010
000000000000000000000000000000001111111101111101000000100010111000000010001011001111111000111100
000000000000000000000000000000000000000000000000000000000000000000000000000000000000000000000000
000000000000000000000000000000000000000000000000000000000000000000000000000000000000000000000000
