111111111101001000000010000111111111111110000110000000001101001100000000000000010000000101011110
000000000000000000000000000000001111111111011110111111110100110000000001001110101111111111111010
000000000000000000000000000000000000000000000000000000000000000000000000000000000000000000000000
000000000000000000000000000000000000000000000000000000000000000000000000000000000000000000000000
111111110101111011111111000010000000000001110001111111110100111000000001000011011111111001010000
000000000000000000000000000000000000001010011100111111100111001011111111001001101111111100111110
000000000000000000000000000000000000000000000000000000000000000000000000000000000000000000000000
000000000000000000000000000000000000000000000000000000000000000000000000000000000000000000000000
111111011100110111111101100110101111111001100001111111101101000000000000010110100000001000000010
000000000000000000000000000000001111111101010000111111110010000000000001011010000000000101110101
000000000000000000000000000000000000000000000000000000000000000000000000000000000000000000000000
000000000000000000000000000000000000000000000000000000000000000000000000000000000000000000000000
111111101000100100000000101010110000000101010010000000001101011100000000010100110000000110000101
000000000000000000000000000000000000000001110010000000011101001111111111000111110000000100100011
000000000000000000000000000000000000000000000000000000000000000000000000000000000000000000000000
000000000000000000000000000000000000000000000000000000000000000000000000000000000000000000000000
111111110011101011111111110110010000001000000000000000000111000000000001000110001111111011101100
000000000000000000000000000000000000000001101100000000000010100000000001011000011111111110001111
000000000000000000000000000000000000000000000000000000000000000000000000000000000000000000000000
000000000000000000000000000000000000000000000000000000000000000000000000000000000000000000000000
111111110010100100000000110000111111111001101011000000000111110011111111111010011111111100001111
000000000000000000000000000000000000000011111100111111110001101100000000110010010000000100111100
000000000000000000000000000000000000000000000000000000000000000000000000000000000000000000000000
000000000000000000000000000000000000000000000000000000000000000000000000000000000000000000000000
111111110011110100000001010100011111111110011010000000100000001011111111011100110000000101101001
000000000000000000000000000000001111111011000010000000011000100000000001000010101111111000101101
000000000000000000000000000000000000000000000000000000000000000000000000000000000000000000000000
000000000000000000000000000000000000000000000000000000000000000000000000000000000000000000000000
000000100001001111111111010110000000000010111010000000001011111011111110101100010000000101000111
000000000000000000000000000000001111110100011100000000110101110000000001101010110000000000100101
000000000000000000000000000000000000000000000000000000000000000000000000000000000000000000000000
000000000000000000000000000000000000000000000000000000000000000000000000000000000000000000000000
000000000110010011111110100010110000001000100110111111010101101000000001001010001111111011010111
000000000000000000000000000000001111111110010001111111110000000111111111011111101111111001100010
000000000000000000000000000000000000000000000000000000000000000000000000000000000000000000000000
000000000000000000000000000000000000000000000000000000000000000000000000000000000000000000000000
000000011110110100000000010010011111110111010011000000000100111000000000111101111111111111000000
000000000000000000000000000000001111111100010111000000000010111000000000100101001111111111101001
000000000000000000000000000000000000000000000000000000000000000000000000000000000000000000000000
000000000000000000000000000000000000000000000000000000000000000000000000000000000000000000000000
111111100101010000000000101101001111111101110111111111110111111000000000010011101111111000010110
000000000000000000000000000000000000000000110101111111111101001000000001101010110000000101111000
000000000000000000000000000000000000000000000000000000000000000000000000000000000000000000000000
000000000000000000000000000000000000000000000000000000000000000000000000000000000000000000000000
000000000010000011111101001100101111111101111101111111101110111111111111000010110000001001001101
000000000000000000000000000000001111111000111110111111101111101000000001001101001111111100111101
000000000000000000000000000000000000000000000000000000000000000000000000000000000000000000000000
000000000000000000000000000000000000000000000000000000000000000000000000000000000000000000000000
111111111101101000000000011110001111111100111001111111110000000100000010110010001111111110001101
000000000000000000000000000000001111111111011110000000010100101011111111100011000000000000101110
000000000000000000000000000000000000000000000000000000000000000000000000000000000000000000000000
000000000000000000000000000000000000000000000000000000000000000000000000000000000000000000000000
000000001110101111111110110000011111111111001011000000011000101100000001011010010000000100110111
000000000000000000000000000000000000000011111000000000000011001011111111011010100000000010011010
000000000000000000000000000000000000000000000000000000000000000000000000000000000000000000000000
000000000000000000000000000000000000000000000000000000000000000000000000000000000000000000000000
000000010001111111111111100111010000000010100111111111010110010000000000100110011111111000100100
000000000000000000000000000000001111111110110100111111111101111000000001111011001111111010010110
000000000000000000000000000000000000000000000000000000000000000000000000000000000000000000000000
000000000000000000000000000000000000000000000000000000000000000000000000000000000000000000000000
111111101111010100000000001011000000000101110011111111110111010000000001010010000000000000100101
000000000000000000000000000000000000000100000110111111110011100000000000011001110000000110100011
000000000000000000000000000000000000000000000000000000000000000000000000000000000000000000000000
000000000000000000000000000000000000000000000000000000000000000000000000000000000000000000000000
000000001101111000000010000101001111111001010100111111111011010000000001010001100000000101101100
000000000000000000000000000000000000000010110101000000001000010000000010011011100000000011101000
000000000000000000000000000000000000000000000000000000000000000000000000000000000000000000000000
000000000000000000000000000000000000000000000000000000000000000000000000000000000000000000000000
000000100101100011111111110000110000000001000100111111111101001111111101110101111111111100110110
000000000000000000000000000000000000001011110011111111110101110111111111101011100000000101111101
000000000000000000000000000000000000000000000000000000000000000000000000000000000000000000000000
000000000000000000000000000000000000000000000000000000000000000000000000000000000000000000000000
111111110100000100000001100101111111111010101000000000010100001011111110101000010000000011111010
000000000000000000000000000000001111111110100110111111110101011100000000110101001111110110011101
000000000000000000000000000000000000000000000000000000000000000000000000000000000000000000000000
000000000000000000000000000000000000000000000000000000000000000000000000000000000000000000000000
000000011010111011111111010111111111111010011110000000100111001000000001101100011111111110100101
000000000000000000000000000000000000000110110110111111110101110100000001000001011111111111010110
000000000000000000000000000000000000000000000000000000000000000000000000000000000000000000000000
000000000000000000000000000000000000000000000000000000000000000000000000000000000000000000000000
111111011110000100000001010011001111111001100110000000001000010011111110111000011111111000010101
000000000000000000000000000000001111111000001001000000010010000111111111011000100000000100101010
000000000000000000000000000000000000000000000000000000000000000000000000000000000000000000000000
000000000000000000000000000000000000000000000000000000000000000000000000000000000000000000000000
111111110100000000000000000100110000000000010110000000010001010011111101000001111111111100100010
000000000000000000000000000000000000000010010010000000001101001000000001110011011111111010110110
000000000000000000000000000000000000000000000000000000000000000000000000000000000000000000000000
000000000000000000000000000000000000000000000000000000000000000000000000000000000000000000000000
000000000111101000000000011100111111111011010101111111101010011000000000001110001111111111100101
000000000000000000000000000000000000000000100010000000100011001011111111011001101111111100010011
000000000000000000000000000000000000000000000000000000000000000000000000000000000000000000000000
000000000000000000000000000000000000000000000000000000000000000000000000000000000000000000000000
000000000110100011111110111000111111111000011001111111101001010111111111111110011111111100100100
000000000000000000000000000000000000000001001000000000010011110100000000011010101111111110110101
000000000000000000000000000000000000000000000000000000000000000000000000000000000000000000000000
000000000000000000000000000000000000000000000000000000000000000000000000000000000000000000000000
