111111101001100000000000000011110000000101100100111111110000100000000001011010001111111111010101
000000000000000000000000000000000000010010100000111111101110100011111111101010000000000010100010
000000000000000000000000000000000000000000000000000000000000000000000000000000000000000000000000
000000000000000000000000000000000000000000000000000000000000000000000000000000000000000000000000
111111101001110100000010000001011111111111101011000000000110011100000001100001001111110111101010
000000000000000000000000000000001111111111101100111111110011111100000010001111000000000011101101
000000000000000000000000000000000000000000000000000000000000000000000000000000000000000000000000
000000000000000000000000000000000000000000000000000000000000000000000000000000000000000000000000
111111110111001011111111111010100000001011110101111111100001111011111111110100101111111110001101
000000000000000000000000000000001111111100001110000000001110001011111111100110011111110101010011
000000000000000000000000000000000000000000000000000000000000000000000000000000000000000000000000
000000000000000000000000000000000000000000000000000000000000000000000000000000000000000000000000
000000100011111111111111011111001111111001110101000000001010111000000000011010001111110110101010
000000000000000000000000000000000000000000011001000000010011011000000001101101100000000110010011
000000000000000000000000000000000000000000000000000000000000000000000000000000000000000000000000
000000000000000000000000000000000000000000000000000000000000000000000000000000000000000000000000
111111101011000000000000110111100000001010000010000000000010110111111111010001111111110111100011
000000000000000000000000000000001111111111111101111111101001011100000000110110011111110100000011
000000000000000000000000000000000000000000000000000000000000000000000000000000000000000000000000
000000000000000000000000000000000000000000000000000000000000000000000000000000000000000000000000
111111101110001111111110001110001111111111010110000000000100101011111110100001101111110010110101
000000000000000000000000000000001111111111001010111111111010011111111101010010100000000010110111
000000000000000000000000000000000000000000000000000000000000000000000000000000000000000000000000
000000000000000000000000000000000000000000000000000000000000000000000000000000000000000000000000
000000011100011000000001010100011111111010001001111111110101100111111111001111001111111000001011
000000000000000000000000000000000000001000010110000000001111101111111110110111011111111111010011
000000000000000000000000000000000000000000000000000000000000000000000000000000000000000000000000
000000000000000000000000000000000000000000000000000000000000000000000000000000000000000000000000
000000010110100011111101110010101111111101000000111111111110001111111110111100010000000110111001
000000000000000000000000000000000000000110111110111111111110001100000000011010110000000101010110
000000000000000000000000000000000000000000000000000000000000000000000000000000000000000000000000
000000000000000000000000000000000000000000000000000000000000000000000000000000000000000000000000
111111101011010011111110000100010000000100101111111111111101010100000010100111110000001011010010
000000000000000000000000000000001111111000010101111111101011011011111101101110101111111110000001
000000000000000000000000000000000000000000000000000000000000000000000000000000000000000000000000
000000000000000000000000000000000000000000000000000000000000000000000000000000000000000000000000
000000000101010111111111110111101111111011100111111111100111010000000000011110110000001001100111
000000000000000000000000000000000000000011010101000000110000010111111101100101000000000001101110
000000000000000000000000000000000000000000000000000000000000000000000000000000000000000000000000
000000000000000000000000000000000000000000000000000000000000000000000000000000000000000000000000
111111100100001011111111100011111111111101110001111111111011111100000000011100001111111100011111
000000000000000000000000000000000000000110000011000000010101111100000010001111011111111010011110
000000000000000000000000000000000000000000000000000000000000000000000000000000000000000000000000
000000000000000000000000000000000000000000000000000000000000000000000000000000000000000000000000
111111100101011100000000110111011111111100000110111111110100001100000000000010100000000000101001
000000000000000000000000000000001111111101100010111111110110100011111111110100010000001000000001
000000000000000000000000000000000000000000000000000000000000000000000000000000000000000000000000
000000000000000000000000000000000000000000000000000000000000000000000000000000000000000000000000
111111110010100000000001100101000000000000101011000000010111101100000000010010110000000010010111
000000000000000000000000000000001111111011000010111111101100011111111100111100011111111011010010
000000000000000000000000000000000000000000000000000000000000000000000000000000000000000000000000
000000000000000000000000000000000000000000000000000000000000000000000000000000000000000000000000
111111110001011111111111111100110000001010000010111111101001111011111111100101100000001101111111
000000000000000000000000000000001111111111011011000000001011101111111111101101011111111110011000
000000000000000000000000000000000000000000000000000000000000000000000000000000000000000000000000
000000000000000000000000000000000000000000000000000000000000000000000000000000000000000000000000
000000001110100000000001010101111111111110100100111111110100100100000000110100011111111011100111
000000000000000000000000000000001111110111100110000000010000011011111111101000110000000011111000
000000000000000000000000000000000000000000000000000000000000000000000000000000000000000000000000
000000000000000000000000000000000000000000000000000000000000000000000000000000000000000000000000
111111110011010011111110111111000000000110011100000000010000111011111111111010011111111001111110
000000000000000000000000000000000000001001011011000000010100001011111110100001110000000001100011
000000000000000000000000000000000000000000000000000000000000000000000000000000000000000000000000
000000000000000000000000000000000000000000000000000000000000000000000000000000000000000000000000
000000000000000011111111011101111111111011011100111111111001011000000010001100010000001000100000
000000000000000000000000000000000000000111011001000000001010101100000001001001111111110100110100
000000000000000000000000000000000000000000000000000000000000000000000000000000000000000000000000
000000000000000000000000000000000000000000000000000000000000000000000000000000000000000000000000
111111111110011000000000001111011111110111110011111111111010111111111111101101010000000010100100
000000000000000000000000000000001111111101100111111111010110010011111111010001010000000011111010
000000000000000000000000000000000000000000000000000000000000000000000000000000000000000000000000
000000000000000000000000000000000000000000000000000000000000000000000000000000000000000000000000
111111110001010011111110111010000000000000100000000000101000100011111111110011100000000101101001
000000000000000000000000000000001111111010001110000000000010100011111101011000101111111101100101
000000000000000000000000000000000000000000000000000000000000000000000000000000000000000000000000
000000000000000000000000000000000000000000000000000000000000000000000000000000000000000000000000
111111101100100100000001001010100000000011100010000000001010110100000000101110100000001000000011
000000000000000000000000000000001111111101111101000000011110100000000011010100011111111100110111
000000000000000000000000000000000000000000000000000000000000000000000000000000000000000000000000
000000000000000000000000000000000000000000000000000000000000000000000000000000000000000000000000
000000001001000111111110110101000000000101000101111111101000100011111101110110011111111101000011
000000000000000000000000000000000000000011101011000000100001101100000000111000111111111110010001
000000000000000000000000000000000000000000000000000000000000000000000000000000000000000000000000
000000000000000000000000000000000000000000000000000000000000000000000000000000000000000000000000
000000011011111011111110110010100000001010110001000000000110001111111111101110110000000010111100
000000000000000000000000000000000000000000000111111111110011011100000001110100110000000111011011
000000000000000000000000000000000000000000000000000000000000000000000000000000000000000000000000
000000000000000000000000000000000000000000000000000000000000000000000000000000000000000000000000
000000011000011000000000110010001111111100011000000000001001101011111111001100011111111111110100
000000000000000000000000000000001111110111001010000000001110100011111101101000011111110110110000
000000000000000000000000000000000000000000000000000000000000000000000000000000000000000000000000
000000000000000000000000000000000000000000000000000000000000000000000000000000000000000000000000
111111100001101100000001000101010000000010111111111111100110010011111111101010011111110111110110
000000000000000000000000000000000000000100011110000000100101001111111111110111000000000000101010
000000000000000000000000000000000000000000000000000000000000000000000000000000000000000000000000
000000000000000000000000000000000000000000000000000000000000000000000000000000000000000000000000
