111111110010111011111110111101001111111101001101111111101010101111111101100110101111111001101100
000000000000000000000000000000001111111111111010111111110000110111111111011100000000000100110011
000000000000000000000000000000000000000000000000000000000000000000000000000000000000000000000000
000000000000000000000000000000000000000000000000000000000000000000000000000000000000000000000000
111111100100110011111111101110010000000011111010111111111111010100000001011000110000000001101010
000000000000000000000000000000001111111101110100111111100000110000000000100101100000000001111100
000000000000000000000000000000000000000000000000000000000000000000000000000000000000000000000000
000000000000000000000000000000000000000000000000000000000000000000000000000000000000000000000000
111111101111101011111111110101010000000110001001111111110001100000000000010011010000001001001011
000000000000000000000000000000001111111010101100000000010111011000000000010111011111111010001011
000000000000000000000000000000000000000000000000000000000000000000000000000000000000000000000000
000000000000000000000000000000000000000000000000000000000000000000000000000000000000000000000000
000000001111101111111111111001110000000100100101111111111000111000000000000111010000000000110001
000000000000000000000000000000001111111111100101000000001111110011111110001100010000000100110111
000000000000000000000000000000000000000000000000000000000000000000000000000000000000000000000000
000000000000000000000000000000000000000000000000000000000000000000000000000000000000000000000000
000000000111101000000010110000000000000000110000000000001000001000000000010111100000000010011100
000000000000000000000000000000001111111110001001111111111010001011111111000011010000000011111000
000000000000000000000000000000000000000000000000000000000000000000000000000000000000000000000000
000000000000000000000000000000000000000000000000000000000000000000000000000000000000000000000000
000000010101000100000000010011000000000010000101111111101001010000000001000000101111110110111011
000000000000000000000000000000001111111101000001111111011011100000000001100111100000000010110000
000000000000000000000000000000000000000000000000000000000000000000000000000000000000000000000000
000000000000000000000000000000000000000000000000000000000000000000000000000000000000000000000000
111111111110111011111111100100011111111100110101111111110000011000000001101110000000001011100101
000000000000000000000000000000000000000011010100000000000001010111111101111110100000000010110001
000000000000000000000000000000000000000000000000000000000000000000000000000000000000000000000000
000000000000000000000000000000000000000000000000000000000000000000000000000000000000000000000000
000000010011100000000010000110110000001000010100111111111011111011111111110111011111111010010111
000000000000000000000000000000001111111110110011000000011100001000000001011111000000000010001001
000000000000000000000000000000000000000000000000000000000000000000000000000000000000000000000000
000000000000000000000000000000000000000000000000000000000000000000000000000000000000000000000000
111111110110010011111110100011101111111111111001000000110000010011111111100101010000000000010111
000000000000000000000000000000000000000010111110000000001110010100000000101100000000000011100011
000000000000000000000000000000000000000000000000000000000000000000000000000000000000000000000000
000000000000000000000000000000000000000000000000000000000000000000000000000000000000000000000000
111111111010001111111101101000100000001011101010111111100110110111111111101100001111111010110001
000000000000000000000000000000001111111111011111111111100111100000000000110101100000000011010100
000000000000000000000000000000000000000000000000000000000000000000000000000000000000000000000000
000000000000000000000000000000000000000000000000000000000000000000000000000000000000000000000000
000000100101010100000001111000011111111110011011111111100101100011111111101100010000000001000100
000000000000000000000000000000001111110111100010111111111110001100000000011101010000000010000011
000000000000000000000000000000000000000000000000000000000000000000000000000000000000000000000000
000000000000000000000000000000000000000000000000000000000000000000000000000000000000000000000000
111111110011001100000010111100010000000010010001000000000011101111111111110000100000000000101110
000000000000000000000000000000000000000010011110000000001011100100000000001011111111111100110000
000000000000000000000000000000000000000000000000000000000000000000000000000000000000000000000000
000000000000000000000000000000000000000000000000000000000000000000000000000000000000000000000000
000000000101110111111110100010101111111101110011111111101111001111111110110101111111111010111011
000000000000000000000000000000001111111111110000111111101100110000000010010101011111111111001001
000000000000000000000000000000000000000000000000000000000000000000000000000000000000000000000000
000000000000000000000000000000000000000000000000000000000000000000000000000000000000000000000000
111111101100100011111111001011000000000000101001111111101000111100000000110011010000000010101010
000000000000000000000000000000000000000010101110000000001110100000000000011001100000000100100001
000000000000000000000000000000000000000000000000000000000000000000000000000000000000000000000000
000000000000000000000000000000000000000000000000000000000000000000000000000000000000000000000000
111111111110100111111101111010111111110110001111111111100101001011111111100111101111111100110001
000000000000000000000000000000000000000011010010000000011001101000000000011111010000000001010101
000000000000000000000000000000000000000000000000000000000000000000000000000000000000000000000000
000000000000000000000000000000000000000000000000000000000000000000000000000000000000000000000000
000000001001110011111110110110010000000111011110000000010111011111111110000001011111111100000110
000000000000000000000000000000000000000011011101111111100010000111111110011001010000000001110000
000000000000000000000000000000000000000000000000000000000000000000000000000000000000000000000000
000000000000000000000000000000000000000000000000000000000000000000000000000000000000000000000000
111111111101111100000000111101010000000110001011111111100000000100000010010111110000000100111100
000000000000000000000000000000001111111001100111000000001101000100000000010010000000000111011101
000000000000000000000000000000000000000000000000000000000000000000000000000000000000000000000000
000000000000000000000000000000000000000000000000000000000000000000000000000000000000000000000000
000000000110100100000000001111010000000011011110111111111100101100000000001111110000000100101011
000000000000000000000000000000000000000001001010111111101011000111111101111001111111111110011000
000000000000000000000000000000000000000000000000000000000000000000000000000000000000000000000000
000000000000000000000000000000000000000000000000000000000000000000000000000000000000000000000000
111111101011100111111111011011011111110111101010111111101010001100000001101001101111111011000100
000000000000000000000000000000001111111101100010111111111100101100000000011010001111111101111101
000000000000000000000000000000000000000000000000000000000000000000000000000000000000000000000000
000000000000000000000000000000000000000000000000000000000000000000000000000000000000000000000000
000000000111010011111111000011100000000100011000000000010101011011111101111100000000000100111101
000000000000000000000000000000001111111100001001111111111110011011111110011111001111111011111111
000000000000000000000000000000000000000000000000000000000000000000000000000000000000000000000000
000000000000000000000000000000000000000000000000000000000000000000000000000000000000000000000000
111111101100101000000000100000011111111010000010000000000001010100000001100101111111111101110111
000000000000000000000000000000001111111100110101111111101110000000000000000011110000000110101111
000000000000000000000000000000000000000000000000000000000000000000000000000000000000000000000000
000000000000000000000000000000000000000000000000000000000000000000000000000000000000000000000000
000000000001110111111110100110100000000101001111000000010010101011111110101101001111111111001111
000000000000000000000000000000000000000100010111000000010110001011111111100100111111111101010111
000000000000000000000000000000000000000000000000000000000000000000000000000000000000000000000000
000000000000000000000000000000000000000000000000000000000000000000000000000000000000000000000000
111111111101100011111110010000110000000011110110000000000110110011111111111000001111111000001011
000000000000000000000000000000001111111011100010000000010000111011111110011000111111111101000111
000000000000000000000000000000000000000000000000000000000000000000000000000000000000000000000000
000000000000000000000000000000000000000000000000000000000000000000000000000000000000000000000000
000000000011101000000000101110010000000100111010000000010011101100000000110100011111111100000010
000000000000000000000000000000001111111101101001111111111111000000000000111010010000001001000100
000000000000000000000000000000000000000000000000000000000000000000000000000000000000000000000000
000000000000000000000000000000000000000000000000000000000000000000000000000000000000000000000000
