111111110111001100000010110110000000000000111100111111011011000111111111101000110000000000110111
000000000000000000000000000000001111111011001010111111110111111000000010111000001111111110110100
000000000000000000000000000000000000000000000000000000000000000000000000000000000000000000000000
000000000000000000000000000000000000000000000000000000000000000000000000000000000000000000000000
000000101110101011111111111111010000000001111110000000001011000111111101100111000000000000111101
000000000000000000000000000000000000001111000000000000010000111000000000100111011111111110000111
000000000000000000000000000000000000000000000000000000000000000000000000000000000000000000000000
000000000000000000000000000000000000000000000000000000000000000000000000000000000000000000000000
111111110010110100000000001100101111111001011101000000011010010000000000101101010000000111001000
000000000000000000000000000000001111111011100000111111110111100100000001110100001111111110011010
000000000000000000000000000000000000000000000000000000000000000000000000000000000000000000000000
000000000000000000000000000000000000000000000000000000000000000000000000000000000000000000000000
000000000000000011111110110000010000000101100100111111101010100111111101111000110000001000100100
000000000000000000000000000000001111111100101101111111100001100011111101100111111111111001100000
000000000000000000000000000000000000000000000000000000000000000000000000000000000000000000000000
000000000000000000000000000000000000000000000000000000000000000000000000000000000000000000000000
111111100001100000000001001101010000000010001100000000010110100100000001110000011111111001001110
000000000000000000000000000000000000000011101001111111101001001100000010101111000000000011000110
000000000000000000000000000000000000000000000000000000000000000000000000000000000000000000000000
000000000000000000000000000000000000000000000000000000000000000000000000000000000000000000000000
111111110111011100000001100100101111111110010000111111001111000111111111000100110000000001011100
000000000000000000000000000000000000000001000010000000001010011000000001100100101111111101100110
000000000000000000000000000000000000000000000000000000000000000000000000000000000000000000000000
000000000000000000000000000000000000000000000000000000000000000000000000000000000000000000000000
111111110110100000000000100101010000000000100110111111101010100100000001010110110000000101110100
000000000000000000000000000000000000000101101011111111111110111111111110110000101111111100101101
000000000000000000000000000000000000000000000000000000000000000000000000000000000000000000000000
000000000000000000000000000000000000000000000000000000000000000000000000000000000000000000000000
000000000010011000000000110010101111111110100100111111111100010100000010100001011111111000001100
000000000000000000000000000000000000000001100100000000011000011100000000001001100000001100100000
000000000000000000000000000000000000000000000000000000000000000000000000000000000000000000000000
000000000000000000000000000000000000000000000000000000000000000000000000000000000000000000000000
000000010010100000000001111110001111111010000000111111100101110100000011011011101111111110001010
000000000000000000000000000000000000001000000110111111101110101000000000100110001111111010011011
000000000000000000000000000000000000000000000000000000000000000000000000000000000000000000000000
000000000000000000000000000000000000000000000000000000000000000000000000000000000000000000000000
111111100111010000000000001100100000000000001100000000000000011011111110001110100000001000100110
000000000000000000000000000000000000000001111011000000001010011100000001010011100000001010101000
000000000000000000000000000000000000000000000000000000000000000000000000000000000000000000000000
000000000000000000000000000000000000000000000000000000000000000000000000000000000000000000000000
111111101111001111111111001010010000000100001101000000100011111011111111010111110000000000001110
000000000000000000000000000000000000000101011101000000011101101011111110010101001111111110001110
000000000000000000000000000000000000000000000000000000000000000000000000000000000000000000000000
000000000000000000000000000000000000000000000000000000000000000000000000000000000000000000000000
111111101010101011111111111000101111111110110011111111011001111011111111010111111111111011111011
000000000000000000000000000000001111111101010100000000010111101000000001111100110000000111000011
000000000000000000000000000000000000000000000000000000000000000000000000000000000000000000000000
000000000000000000000000000000000000000000000000000000000000000000000000000000000000000000000000
111111101011010100000001100100011111111101011110000000010001101000000000111001110000000001001001
000000000000000000000000000000000000010000100111111111110101110111111111110110111111111110100111
000000000000000000000000000000000000000000000000000000000000000000000000000000000000000000000000
000000000000000000000000000000000000000000000000000000000000000000000000000000000000000000000000
000000010000001100000000100101011111111110100011111111101000110011111110111000100000000110110000
000000000000000000000000000000000000000111100000000000000010101111111111111101101111111101111101
000000000000000000000000000000000000000000000000000000000000000000000000000000000000000000000000
000000000000000000000000000000000000000000000000000000000000000000000000000000000000000000000000
111111101110001000000001011000010000000011001001000000001110111011111101011101001111111111101001
000000000000000000000000000000000000000111110011111111100001010011111101111001111111111111110000
000000000000000000000000000000000000000000000000000000000000000000000000000000000000000000000000
000000000000000000000000000000000000000000000000000000000000000000000000000000000000000000000000
000000001001000100000001011001101111111001110001111111010001000100000000110101001111111111111101
000000000000000000000000000000001111111011001001111111100101000100000001001111100000000101100001
000000000000000000000000000000000000000000000000000000000000000000000000000000000000000000000000
000000000000000000000000000000000000000000000000000000000000000000000000000000000000000000000000
000000000011011100000000010100101111111101000100111111011100100100000001110100110000000110100111
000000000000000000000000000000001111111101100100111111101011101111111111101110010000000100101010
000000000000000000000000000000000000000000000000000000000000000000000000000000000000000000000000
000000000000000000000000000000000000000000000000000000000000000000000000000000000000000000000000
111111111100000111111110100010000000000010001111000000000100010000000001110100111111111100001110
000000000000000000000000000000000000001000010011000000010011101100000000010001100000000101111101
000000000000000000000000000000000000000000000000000000000000000000000000000000000000000000000000
000000000000000000000000000000000000000000000000000000000000000000000000000000000000000000000000
111111101100100011111101111000000000000100111000000000000000011000000001000100000000000110100001
000000000000000000000000000000000000000001010000000000001000001111111111111010110000000001111001
000000000000000000000000000000000000000000000000000000000000000000000000000000000000000000000000
000000000000000000000000000000000000000000000000000000000000000000000000000000000000000000000000
111111101110101100000000000001111111111101100001111111110110101111111101010100000000001101001000
000000000000000000000000000000001111111001111111000000001010000011111111001000110000000010011001
000000000000000000000000000000000000000000000000000000000000000000000000000000000000000000000000
000000000000000000000000000000000000000000000000000000000000000000000000000000000000000000000000
111111110011011011111111100001111111111001110100000000001000110100000001010111100000000110111110
000000000000000000000000000000000000000000100111111111110000001111111111111100010000000001101101
000000000000000000000000000000000000000000000000000000000000000000000000000000000000000000000000
000000000000000000000000000000000000000000000000000000000000000000000000000000000000000000000000
111111110111011111111110111110000000001000011001000000000010111111111100110111110000000001011101
000000000000000000000000000000000000001100011100000000011101101100000000111011000000000001100011
000000000000000000000000000000000000000000000000000000000000000000000000000000000000000000000000
000000000000000000000000000000000000000000000000000000000000000000000000000000000000000000000000
000000000111010011111101011011101111111111100110000000001001000111111101101101011111111110101001
000000000000000000000000000000001111111011010001111111100100101111111111101111010000001010011001
000000000000000000000000000000000000000000000000000000000000000000000000000000000000000000000000
000000000000000000000000000000000000000000000000000000000000000000000000000000000000000000000000
000000000100101111111111001101101111111010000111000000001101011100000000010100101111111111001010
000000000000000000000000000000001111111100110001000000110011010100000010000011111111111100110001
000000000000000000000000000000000000000000000000000000000000000000000000000000000000000000000000
000000000000000000000000000000000000000000000000000000000000000000000000000000000000000000000000
