111111101011110111111110111101100000000000001000111111110110000111111101011110010000000001110010
000000000000000000000000000000000000000101001101000000000111000011111110010011100000000000111001
000000000000000000000000000000000000000000000000000000000000000000000000000000000000000000000000
000000000000000000000000000000000000000000000000000000000000000000000000000000000000000000000000
111111111010110000000001101110101111111001010001111111110101100100000010010101001111110100001110
000000000000000000000000000000001111111111111000000000001101110000000000010111111111111000000111
000000000000000000000000000000000000000000000000000000000000000000000000000000000000000000000000
000000000000000000000000000000000000000000000000000000000000000000000000000000000000000000000000
000000001011100000000001100101000000000110000100111111110100000100000001001110010000000001000110
000000000000000000000000000000000000000001111111000000000010011111111100111101001111111100001011
000000000000000000000000000000000000000000000000000000000000000000000000000000000000000000000000
000000000000000000000000000000000000000000000000000000000000000000000000000000000000000000000000
111111011000110100000010101000010000000011100100111111011111111000000000101011111111111111001000
000000000000000000000000000000000000001011100100111111100011100011111111111110111111111101110011
000000000000000000000000000000000000000000000000000000000000000000000000000000000000000000000000
000000000000000000000000000000000000000000000000000000000000000000000000000000000000000000000000
111111111100000000000001001111000000000010001110000000000111101011111101001101001111111110000101
000000000000000000000000000000000000000110101011111111111001101100000010000000010000000000111111
000000000000000000000000000000000000000000000000000000000000000000000000000000000000000000000000
000000000000000000000000000000000000000000000000000000000000000000000000000000000000000000000000
000000000000110100000001011110011111110100110010111111001111010111111111100111001111111111111110
000000000000000000000000000000000000000111000001000000010000110011111110100000100000001000101000
000000000000000000000000000000000000000000000000000000000000000000000000000000000000000000000000
000000000000000000000000000000000000000000000000000000000000000000000000000000000000000000000000
000000001011100100000001101000001111111111100010000000010011101000000000110000001111111010111111
000000000000000000000000000000000000000010110010000000100010010000000010001110111111111001111101
000000000000000000000000000000000000000000000000000000000000000000000000000000000000000000000000
000000000000000000000000000000000000000000000000000000000000000000000000000000000000000000000000
000000001110100111111110111111111111111111001001111111010111110100000010101000010000000110010101
000000000000000000000000000000000000000100100001111111111011010100000000011011010000000110001000
000000000000000000000000000000000000000000000000000000000000000000000000000000000000000000000000
000000000000000000000000000000000000000000000000000000000000000000000000000000000000000000000000
000000100001011111111101110010100000000100010111111111111101001100000000001001000000000011111101
000000000000000000000000000000001111111001111101111111110101010111111111101110101111110111011111
000000000000000000000000000000000000000000000000000000000000000000000000000000000000000000000000
000000000000000000000000000000000000000000000000000000000000000000000000000000000000000000000000
111111011111100100000001111110101111111110001010000000011111001000000000100110111111110110011100
000000000000000000000000000000001111111111010101111111100101000100000001010110000000000000001100
000000000000000000000000000000000000000000000000000000000000000000000000000000000000000000000000
000000000000000000000000000000000000000000000000000000000000000000000000000000000000000000000000
111111101010010111111110000110001111111010111000000000101000110000000001111001110000000101010101
000000000000000000000000000000000000000000111111000000000111110100000001101101001111111111111110
000000000000000000000000000000000000000000000000000000000000000000000000000000000000000000000000
000000000000000000000000000000000000000000000000000000000000000000000000000000000000000000000000
111111111001110100000011010101010000000000000000000000110000000111111111010011010000000001011001
000000000000000000000000000000000000000111101011111111100101110000000000011010010000000011011011
000000000000000000000000000000000000000000000000000000000000000000000000000000000000000000000000
000000000000000000000000000000000000000000000000000000000000000000000000000000000000000000000000
111111100010000000000000011000110000001000101001000000010010011100000001001100011111111110111001
000000000000000000000000000000001111111111100100000000001011001111111101101111001111111100110001
000000000000000000000000000000000000000000000000000000000000000000000000000000000000000000000000
000000000000000000000000000000000000000000000000000000000000000000000000000000000000000000000000
111111111110100111111101111010101111111101111110000000001011010111111111101011111111111000110100
000000000000000000000000000000000000000111100101000000000011111011111111101100101111111001110011
000000000000000000000000000000000000000000000000000000000000000000000000000000000000000000000000
000000000000000000000000000000000000000000000000000000000000000000000000000000000000000000000000
000000001011011000000001011000010000000000010000000000010011111111111101100111000000000101111110
000000000000000000000000000000000000000001100011000000000010011011111111110000110000000000101100
000000000000000000000000000000000000000000000000000000000000000000000000000000000000000000000000
000000000000000000000000000000000000000000000000000000000000000000000000000000000000000000000000
000000001110000100000001011011101111111111010011111111101100100111111101111011000000000110111110
000000000000000000000000000000000000000010000010111111111110010100000000011011011111111000010111
000000000000000000000000000000000000000000000000000000000000000000000000000000000000000000000000
000000000000000000000000000000000000000000000000000000000000000000000000000000000000000000000000
000000011110000000000000110111000000000011101111000000001101111011111110101101001111111111101011
000000000000000000000000000000001111111100010010000000010000100011111110011010111111111101010110
000000000000000000000000000000000000000000000000000000000000000000000000000000000000000000000000
000000000000000000000000000000000000000000000000000000000000000000000000000000000000000000000000
111111011111111111111111001100101111111101001000111111110000101011111111010110011111111000001001
000000000000000000000000000000001111111001101101111111111100010011111111101100000000000100100110
000000000000000000000000000000000000000000000000000000000000000000000000000000000000000000000000
000000000000000000000000000000000000000000000000000000000000000000000000000000000000000000000000
000000000101011100000001100100010000000010110111000000011000010011111110011001000000000111001010
000000000000000000000000000000000000000001011010111111110111001011111111111101111111110110001001
000000000000000000000000000000000000000000000000000000000000000000000000000000000000000000000000
000000000000000000000000000000000000000000000000000000000000000000000000000000000000000000000000
111111011101100100000000010110110000000010101001111111100010100000000010000110010000000111000100
000000000000000000000000000000001111111010100010000000001111101011111111010001110000000000100110
000000000000000000000000000000000000000000000000000000000000000000000000000000000000000000000000
000000000000000000000000000000000000000000000000000000000000000000000000000000000000000000000000
111111100110011000000001101110001111110101111011000000011011101100000000100010100000000101000111
000000000000000000000000000000001111111001011111000000001000001011111111010100000000000011010101
000000000000000000000000000000000000000000000000000000000000000000000000000000000000000000000000
000000000000000000000000000000000000000000000000000000000000000000000000000000000000000000000000
111111110111001011111111111100010000000010110100111111111100000111111101011111011111111001000101
000000000000000000000000000000001111111101001110000000000100011100000001101001000000000011010001
000000000000000000000000000000000000000000000000000000000000000000000000000000000000000000000000
000000000000000000000000000000000000000000000000000000000000000000000000000000000000000000000000
111111100010110111111110111111101111111100110001111111010110101100000001001001110000000110001101
000000000000000000000000000000001111111110110111000000010110011100000001101010100000000000100110
000000000000000000000000000000000000000000000000000000000000000000000000000000000000000000000000
000000000000000000000000000000000000000000000000000000000000000000000000000000000000000000000000
111111011011110011111111011101101111111101101001111111101001001000000000001101111111111001101011
000000000000000000000000000000000000001001110010111111110100010011111111011111110000000100001001
000000000000000000000000000000000000000000000000000000000000000000000000000000000000000000000000
000000000000000000000000000000000000000000000000000000000000000000000000000000000000000000000000
