000000100110111111111111100110001111111101111110000000011100001000000000110010001111111001110011
000000000000000000000000000000000000000001100111000000001100101111111110111100111111111100100011
000000000000000000000000000000000000000000000000000000000000000000000000000000000000000000000000
000000000000000000000000000000000000000000000000000000000000000000000000000000000000000000000000
000000101001000100000000011001000000001101010001111111111001100111111101111001100000000011101110
000000000000000000000000000000000000000001011110000000001011100111111110001111101111110110110100
000000000000000000000000000000000000000000000000000000000000000000000000000000000000000000000000
000000000000000000000000000000000000000000000000000000000000000000000000000000000000000000000000
000000001100111000000001101010101111111101111000000000001000111111111110010110111111111101001001
000000000000000000000000000000001111111001111100111111101010110100000000001001000000000000111101
000000000000000000000000000000000000000000000000000000000000000000000000000000000000000000000000
000000000000000000000000000000000000000000000000000000000000000000000000000000000000000000000000
000000001011010111111110111110001111111110010111000000011010011011111110100111000000000100011000
000000000000000000000000000000000000000000111110111111110011111000000001011000111111111110001011
000000000000000000000000000000000000000000000000000000000000000000000000000000000000000000000000
000000000000000000000000000000000000000000000000000000000000000000000000000000000000000000000000
111111100000000011111111011101110000000100000010000000001001011011111101101111001111111010110100
000000000000000000000000000000000000001000111000000000001010001100000001010001011111111111101101
000000000000000000000000000000000000000000000000000000000000000000000000000000000000000000000000
000000000000000000000000000000000000000000000000000000000000000000000000000000000000000000000000
111111101110000011111111011000010000000111101111000000101011010100000000010000111111111100101110
000000000000000000000000000000000000000001010100111111110011000111111110010000011111111100001110
000000000000000000000000000000000000000000000000000000000000000000000000000000000000000000000000
000000000000000000000000000000000000000000000000000000000000000000000000000000000000000000000000
111111110101011100000000011101100000000000100011000000000010000011111101100000101111111000011100
000000000000000000000000000000001111111111000000000000010110000111111101111010111111111101111001
000000000000000000000000000000000000000000000000000000000000000000000000000000000000000000000000
000000000000000000000000000000000000000000000000000000000000000000000000000000000000000000000000
000000011011001011111110001111011111110110100110111111111010111000000001110111001111111101000001
000000000000000000000000000000000000000000110011000000100010110111111110100011110000000100010011
000000000000000000000000000000000000000000000000000000000000000000000000000000000000000000000000
000000000000000000000000000000000000000000000000000000000000000000000000000000000000000000000000
111111111010100000000000010010010000000101001110111111110011110011111111100101111111110110011111
000000000000000000000000000000000000000110001111111111100011001000000000010010011111111110111001
000000000000000000000000000000000000000000000000000000000000000000000000000000000000000000000000
000000000000000000000000000000000000000000000000000000000000000000000000000000000000000000000000
000000000011000000000000101011100000000001011100000000100000100000000000111010001111111001101100
000000000000000000000000000000001111111110011000000000001010000111111111010010000000000101010100
000000000000000000000000000000000000000000000000000000000000000000000000000000000000000000000000
000000000000000000000000000000000000000000000000000000000000000000000000000000000000000000000000
000000000110010011111101101111001111111011100011000000000001101111111111000101100000000110011100
000000000000000000000000000000000000000001010000000000010111101100000001001111000000000011100111
000000000000000000000000000000000000000000000000000000000000000000000000000000000000000000000000
000000000000000000000000000000000000000000000000000000000000000000000000000000000000000000000000
111111100111100100000001001010000000000010101110111111111111100000000001110001110000000111100011
000000000000000000000000000000001111111000011111000000001111110011111110010001010000000011000000
000000000000000000000000000000000000000000000000000000000000000000000000000000000000000000000000
000000000000000000000000000000000000000000000000000000000000000000000000000000000000000000000000
000000000010101100000000011001000000001000001010000000001001011000000000110111011111110111000001
000000000000000000000000000000000000000001110000000000000001111100000001000011010000000011011101
000000000000000000000000000000000000000000000000000000000000000000000000000000000000000000000000
000000000000000000000000000000000000000000000000000000000000000000000000000000000000000000000000
111111010101001011111110111001000000000010001100000000010000011011111101111100110000000101011111
000000000000000000000000000000000000000100101001111111011101110100000000010011110000000000011001
000000000000000000000000000000000000000000000000000000000000000000000000000000000000000000000000
000000000000000000000000000000000000000000000000000000000000000000000000000000000000000000000000
000000010001010011111111101011101111111011101000000000011100100111111101100001011111111100011101
000000000000000000000000000000000000000000010111000000001000011000000001110001111111110101110011
000000000000000000000000000000000000000000000000000000000000000000000000000000000000000000000000
000000000000000000000000000000000000000000000000000000000000000000000000000000000000000000000000
111111100010100011111110110111110000000000101010000000010000110111111111111101011111111001111010
000000000000000000000000000000000000000001010111000000010111000011111111101110111111111100101110
000000000000000000000000000000000000000000000000000000000000000000000000000000000000000000000000
000000000000000000000000000000000000000000000000000000000000000000000000000000000000000000000000
000000010111110011111101011011010000000101001011111111110001000100000000011110010000001000101001
000000000000000000000000000000001111111101100110111111111110110111111110111100001111111110000101
000000000000000000000000000000000000000000000000000000000000000000000000000000000000000000000000
000000000000000000000000000000000000000000000000000000000000000000000000000000000000000000000000
111111100001101000000000011111100000000100001011000000001001001100000000111111100000000011011100
000000000000000000000000000000000000000001110110000000001001101000000010110110001111111010110010
000000000000000000000000000000000000000000000000000000000000000000000000000000000000000000000000
000000000000000000000000000000000000000000000000000000000000000000000000000000000000000000000000
000000011011111000000001000001101111111010111001000000010010100111111111010101001111111100101101
000000000000000000000000000000001111111100010110111111111111000000000001110000101111110010111101
000000000000000000000000000000000000000000000000000000000000000000000000000000000000000000000000
000000000000000000000000000000000000000000000000000000000000000000000000000000000000000000000000
000000010111010100000000100100110000000000101100000000010101111011111111111010101111111101001001
000000000000000000000000000000001111111001111110000000010001001011111110000000100000000000110010
000000000000000000000000000000000000000000000000000000000000000000000000000000000000000000000000
000000000000000000000000000000000000000000000000000000000000000000000000000000000000000000000000
000000011011101100000001101001010000000011011010000000001010110100000000001101001111110111010010
000000000000000000000000000000001111110111000000111111101011001111111111110111010000000011010101
000000000000000000000000000000000000000000000000000000000000000000000000000000000000000000000000
000000000000000000000000000000000000000000000000000000000000000000000000000000000000000000000000
000000011011000000000000001100111111111010101000000000000000010011111110110111000000000100100100
000000000000000000000000000000000000000010001001000000001100111000000001100011000000000110101111
000000000000000000000000000000000000000000000000000000000000000000000000000000000000000000000000
000000000000000000000000000000000000000000000000000000000000000000000000000000000000000000000000
000000100101000000000001011111101111111001000010111111110111000000000000001100000000000100110100
000000000000000000000000000000000000000000111000000000100011000011111110100101001111110111011011
000000000000000000000000000000000000000000000000000000000000000000000000000000000000000000000000
000000000000000000000000000000000000000000000000000000000000000000000000000000000000000000000000
111111101000111011111110110011111111111110111011000000010010011000000000011110101111111111000011
000000000000000000000000000000001111111110110011000000100000010011111110001111100000000011011000
000000000000000000000000000000000000000000000000000000000000000000000000000000000000000000000000
000000000000000000000000000000000000000000000000000000000000000000000000000000000000000000000000
