111111110111110011111101000111111111111111100000000000000001101011111111100011000000001100101011
000000000000000000000000000000000000000110011111000000000111000100000001000110011111111100010010
000000000000000000000000000000000000000000000000000000000000000000000000000000000000000000000000
000000000000000000000000000000000000000000000000000000000000000000000000000000000000000000000000
000000000101100100000001010010100000000011110100000000001011011011111111110101000000000110010111
000000000000000000000000000000000000000100011101111111111010011100000001111111101111111100100001
000000000000000000000000000000000000000000000000000000000000000000000000000000000000000000000000
000000000000000000000000000000000000000000000000000000000000000000000000000000000000000000000000
111111111001100100000000001010100000001000110111111111111110110011111111110100101111111100101100
000000000000000000000000000000001111111110110001111111110110111100000000100111111111111001101110
000000000000000000000000000000000000000000000000000000000000000000000000000000000000000000000000
000000000000000000000000000000000000000000000000000000000000000000000000000000000000000000000000
111111111011100111111111111110011111111101100101000000000101011011111110000111101111111111111100
000000000000000000000000000000000000001001011000111111101000101000000000101100111111110110100111
000000000000000000000000000000000000000000000000000000000000000000000000000000000000000000000000
000000000000000000000000000000000000000000000000000000000000000000000000000000000000000000000000
000000011110111011111111000111101111111011001001000000001011001100000001100010000000000111010010
000000000000000000000000000000001111111110011100000000000110000111111110100010010000001010111100
000000000000000000000000000000000000000000000000000000000000000000000000000000000000000000000000
000000000000000000000000000000000000000000000000000000000000000000000000000000000000000000000000
000000000110110100000001001101100000000001000101111111001011000000000000011001101111111111010100
000000000000000000000000000000000000001010011000000000011000111111111111101100000000000010100001
000000000000000000000000000000000000000000000000000000000000000000000000000000000000000000000000
000000000000000000000000000000000000000000000000000000000000000000000000000000000000000000000000
000000001001101011111111011111110000001001101011111111101101011111111101100011001111111010011110
000000000000000000000000000000001111111101101111000000010001100000000000111001110000000010110011
000000000000000000000000000000000000000000000000000000000000000000000000000000000000000000000000
000000000000000000000000000000000000000000000000000000000000000000000000000000000000000000000000
000000000010001000000000110101110000000000010001111111100011101011111111010000111111111100100000
000000000000000000000000000000000000000011010100000000001010101011111111101001101111110111110100
000000000000000000000000000000000000000000000000000000000000000000000000000000000000000000000000
000000000000000000000000000000000000000000000000000000000000000000000000000000000000000000000000
111111110111000000000000010110010000000110110101000000001000000100000000001100001111111101001000
000000000000000000000000000000001111111111101101111111110101101011111111111001000000000000000101
000000000000000000000000000000000000000000000000000000000000000000000000000000000000000000000000
000000000000000000000000000000000000000000000000000000000000000000000000000000000000000000000000
111111110101100100000001000101100000000000110010111111011001011011111110110111110000000111010100
000000000000000000000000000000000000000011111110000000100101000011111111101001001111111101001101
000000000000000000000000000000000000000000000000000000000000000000000000000000000000000000000000
000000000000000000000000000000000000000000000000000000000000000000000000000000000000000000000000
000000000110001100000000101100000000000001001011111111011110110011111111110011011111111100111011
000000000000000000000000000000000000000001111110111111101110111000000000101001001111110111010111
000000000000000000000000000000000000000000000000000000000000000000000000000000000000000000000000
000000000000000000000000000000000000000000000000000000000000000000000000000000000000000000000000
111111000110101100000010001100111111111000100000111111110011101100000001100010000000000000110000
000000000000000000000000000000001111111111010010000000000110010111111111001000010000000101100010
000000000000000000000000000000000000000000000000000000000000000000000000000000000000000000000000
000000000000000000000000000000000000000000000000000000000000000000000000000000000000000000000000
111111100101101111111111001001000000001001010000111111101000001111111110011011111111111101110111
000000000000000000000000000000001111111100101111000000000111001000000001101000000000001000100001
000000000000000000000000000000000000000000000000000000000000000000000000000000000000000000000000
000000000000000000000000000000000000000000000000000000000000000000000000000000000000000000000000
000000001110010000000010100000011111111010001100111111110110101011111111001111011111111001110100
000000000000000000000000000000000000000100100101000000001101101100000010011100011111111111111111
000000000000000000000000000000000000000000000000000000000000000000000000000000000000000000000000
000000000000000000000000000000000000000000000000000000000000000000000000000000000000000000000000
000000000100011011111111110011011111111101000111000000010001110100000000100011001111111001110011
000000000000000000000000000000000000000000100001111111011010001000000001111000001111111111110100
000000000000000000000000000000000000000000000000000000000000000000000000000000000000000000000000
000000000000000000000000000000000000000000000000000000000000000000000000000000000000000000000000
000000000011010000000000001001001111111100010101000000001101000000000001101000001111111011000001
000000000000000000000000000000001111110111100000111111101001101011111111000001010000000000101011
000000000000000000000000000000000000000000000000000000000000000000000000000000000000000000000000
000000000000000000000000000000000000000000000000000000000000000000000000000000000000000000000000
111111111110000100000001001010111111110111010110111111110101111111111110111000000000000001100101
000000000000000000000000000000000000000000000001000000010010100100000011100011101111111010110101
000000000000000000000000000000000000000000000000000000000000000000000000000000000000000000000000
000000000000000000000000000000000000000000000000000000000000000000000000000000000000000000000000
000000000111110111111111110011100000001010101001000000011101011100000001100100011111111001010011
000000000000000000000000000000001111111010101010000000000000101011111110000010100000000010011110
000000000000000000000000000000000000000000000000000000000000000000000000000000000000000000000000
000000000000000000000000000000000000000000000000000000000000000000000000000000000000000000000000
111111101001010000000001001010000000000011011101000000000001111000000010111111011111111111111001
000000000000000000000000000000000000000001010000111111110110011011111111001110101111111000011000
000000000000000000000000000000000000000000000000000000000000000000000000000000000000000000000000
000000000000000000000000000000000000000000000000000000000000000000000000000000000000000000000000
111111100101110011111110011000110000000011001101111111110010101011111111111001001111111111010000
000000000000000000000000000000001111111000101010000000011000111000000010110010111111111100100010
000000000000000000000000000000000000000000000000000000000000000000000000000000000000000000000000
000000000000000000000000000000000000000000000000000000000000000000000000000000000000000000000000
111111110100111100000001111010010000000110001110000000001101011000000001010010011111111101010100
000000000000000000000000000000000000000110100101111111110010111000000000000101100000000111010111
000000000000000000000000000000000000000000000000000000000000000000000000000000000000000000000000
000000000000000000000000000000000000000000000000000000000000000000000000000000000000000000000000
111111011101011100000000110001001111111110101110111111101111101011111111111100000000001000000000
000000000000000000000000000000000000000100110001111111111010001011111111010101001111111111011100
000000000000000000000000000000000000000000000000000000000000000000000000000000000000000000000000
000000000000000000000000000000000000000000000000000000000000000000000000000000000000000000000000
111111110110001011111110110100000000000010011011000000011101110011111111011100100000000000100011
000000000000000000000000000000001111111111010000000000010110000000000001011001001111111000101011
000000000000000000000000000000000000000000000000000000000000000000000000000000000000000000000000
000000000000000000000000000000000000000000000000000000000000000000000000000000000000000000000000
000000001100100111111111010101110000000001000000111111100011110111111101111101000000000100001000
000000000000000000000000000000001111110100111101000000000100100000000000110011000000000100111110
000000000000000000000000000000000000000000000000000000000000000000000000000000000000000000000000
000000000000000000000000000000000000000000000000000000000000000000000000000000000000000000000000
