111111110100101000000001101000010000000101001011000000010010110111111110111000000000000010010010
000000000000000000000000000000000000000011011110111111101011011100000000110111100000000111101101
000000000000000000000000000000000000000000000000000000000000000000000000000000000000000000000000
000000000000000000000000000000000000000000000000000000000000000000000000000000000000000000000000
000000001110110100000000001101011111111101111100000000001010000011111110101111001111111101110000
000000000000000000000000000000001111111100100011111111011001001100000001010000001111111101010101
000000000000000000000000000000000000000000000000000000000000000000000000000000000000000000000000
000000000000000000000000000000000000000000000000000000000000000000000000000000000000000000000000
000000000110100100000010011001110000000100011001000000011001111111111111000011010000000011000110
000000000000000000000000000000001111111111000100111111010000101100000000110100001111111010000011
000000000000000000000000000000000000000000000000000000000000000000000000000000000000000000000000
000000000000000000000000000000000000000000000000000000000000000000000000000000000000000000000000
000000000100111011111110111101110000000001010110000000001010111011111110000111000000000010001111
000000000000000000000000000000001111111001111000000000000111101100000000111100100000000100110111
000000000000000000000000000000000000000000000000000000000000000000000000000000000000000000000000
000000000000000000000000000000000000000000000000000000000000000000000000000000000000000000000000
000000001101100111111101100010100000000111111000111111111011111111111110110000100000001000001110
000000000000000000000000000000001111111011101010000000011010100100000000001111101111111011111001
000000000000000000000000000000000000000000000000000000000000000000000000000000000000000000000000
000000000000000000000000000000000000000000000000000000000000000000000000000000000000000000000000
000000101010111011111110110100001111111101111100111111110101110000000001110111100000000000010111
000000000000000000000000000000000000000010101001111111110010001111111111110101111111111111011101
000000000000000000000000000000000000000000000000000000000000000000000000000000000000000000000000
000000000000000000000000000000000000000000000000000000000000000000000000000000000000000000000000
000000010011110000000001101101010000000000000010000000000110010011111101110110110000001000101110
000000000000000000000000000000001111111111000111111111110110101111111111101000111111111111011100
000000000000000000000000000000000000000000000000000000000000000000000000000000000000000000000000
000000000000000000000000000000000000000000000000000000000000000000000000000000000000000000000000
000000011011001011111110011011101111111011001011111111110011101100000000110001100000000110011010
000000000000000000000000000000000000000100110000111111101111010111111111101010010000000010101110
000000000000000000000000000000000000000000000000000000000000000000000000000000000000000000000000
000000000000000000000000000000000000000000000000000000000000000000000000000000000000000000000000
000000000011010000000000101110110000000100110011000000000111011100000000011101010000000100010000
000000000000000000000000000000000000000000001100000000000001110111111110100010101111111010111110
000000000000000000000000000000000000000000000000000000000000000000000000000000000000000000000000
000000000000000000000000000000000000000000000000000000000000000000000000000000000000000000000000
111111100101011111111111100010000000000110011000000000000011100100000000010011001111111001000100
000000000000000000000000000000000000000000110011111111100100000000000001010101101111111111100111
000000000000000000000000000000000000000000000000000000000000000000000000000000000000000000000000
000000000000000000000000000000000000000000000000000000000000000000000000000000000000000000000000
111111100011000011111101010111010000000000000111000000101010110100000001011000010000001010011101
000000000000000000000000000000001111111110011110000000001010000100000001010001111111111011010110
000000000000000000000000000000000000000000000000000000000000000000000000000000000000000000000000
000000000000000000000000000000000000000000000000000000000000000000000000000000000000000000000000
000000000101010011111110001001000000000101100100111111101001001000000000010011100000000011110001
000000000000000000000000000000000000000100010010111111100100100100000000111000010000000010011010
000000000000000000000000000000000000000000000000000000000000000000000000000000000000000000000000
000000000000000000000000000000000000000000000000000000000000000000000000000000000000000000000000
111111111010111111111111110100000000000010110100111111110101001111111100101110010000000100001010
000000000000000000000000000000001111111100000000111111110011110111111111110101010000000011111000
000000000000000000000000000000000000000000000000000000000000000000000000000000000000000000000000
000000000000000000000000000000000000000000000000000000000000000000000000000000000000000000000000
111111110010010111111111111110111111111110101101000000000110100100000000101001001111111001001100
000000000000000000000000000000001111111001001010111111110010011111111110111100011111111011110111
000000000000000000000000000000000000000000000000000000000000000000000000000000000000000000000000
000000000000000000000000000000000000000000000000000000000000000000000000000000000000000000000000
111111011011110000000000011111001111111110110100111111110001010100000001101100101111111111010001
000000000000000000000000000000000000000001100010000000010010010011111111111001011111111110000001
000000000000000000000000000000000000000000000000000000000000000000000000000000000000000000000000
000000000000000000000000000000000000000000000000000000000000000000000000000000000000000000000000
000000100100100011111110110101011111111000001111000000000010000011111111101111001111111101011101
000000000000000000000000000000000000000100110101000000010110101100000010100000101111110110110001
000000000000000000000000000000000000000000000000000000000000000000000000000000000000000000000000
000000000000000000000000000000000000000000000000000000000000000000000000000000000000000000000000
111111101011011100000000110111000000000001100110111111110101011100000000101101011111111011110100
000000000000000000000000000000000000000000101100111111111010111111111100111011001111111111001101
000000000000000000000000000000000000000000000000000000000000000000000000000000000000000000000000
000000000000000000000000000000000000000000000000000000000000000000000000000000000000000000000000
111111111000110100000001100100101111111110110011111111110100000000000000001101101111111110111111
000000000000000000000000000000000000000000001011111111101010011011111110101111001111111011110100
000000000000000000000000000000000000000000000000000000000000000000000000000000000000000000000000
000000000000000000000000000000000000000000000000000000000000000000000000000000000000000000000000
000000000011101111111101110001010000000000010110000000000001111100000001110110010000000100000101
000000000000000000000000000000000000000011010100000000001100001100000001010110101111111101100101
000000000000000000000000000000000000000000000000000000000000000000000000000000000000000000000000
000000000000000000000000000000000000000000000000000000000000000000000000000000000000000000000000
000000101000110111111110101100001111111110001100111111111111101011111111100111011111111101111000
000000000000000000000000000000000000000001010111111111110111100011111110011110001111111110011000
000000000000000000000000000000000000000000000000000000000000000000000000000000000000000000000000
000000000000000000000000000000000000000000000000000000000000000000000000000000000000000000000000
000000001111001111111111011001010000000000111111000000000101111000000000111000101111111100100001
000000000000000000000000000000000000000001001111000000011110011111111111011001111111111100000111
000000000000000000000000000000000000000000000000000000000000000000000000000000000000000000000000
000000000000000000000000000000000000000000000000000000000000000000000000000000000000000000000000
111111011100000000000001001001100000000101000010111111101000110011111111100011101111111010010001
000000000000000000000000000000000000000000010111111111111110100011111111111110011111111100000001
000000000000000000000000000000000000000000000000000000000000000000000000000000000000000000000000
000000000000000000000000000000000000000000000000000000000000000000000000000000000000000000000000
111111001111011100000001010101111111111010111000000000000101101011111111111001011111111111000010
000000000000000000000000000000000000000100101110000000011000001100000010001000011111111100000110
000000000000000000000000000000000000000000000000000000000000000000000000000000000000000000000000
000000000000000000000000000000000000000000000000000000000000000000000000000000000000000000000000
000000010111111000000001010101100000000101010011111111110001000000000001111001101111111100010110
000000000000000000000000000000001111111010011110111111101100001100000001001000000000000010000001
000000000000000000000000000000000000000000000000000000000000000000000000000000000000000000000000
000000000000000000000000000000000000000000000000000000000000000000000000000000000000000000000000
