111111110100011111111111011011000000001010111001000000000100110111111110010000001111111100000010
000000000000000000000000000000001111111011011101111111110101110111111111011111101111111000001010
000000000000000000000000000000000000000000000000000000000000000000000000000000000000000000000000
000000000000000000000000000000000000000000000000000000000000000000000000000000000000000000000000
111111110101101100000001110000000000000011010110111111100111101011111111001001010000000011110101
000000000000000000000000000000000000000100010010111111101000010111111110001010100000000100110011
000000000000000000000000000000000000000000000000000000000000000000000000000000000000000000000000
000000000000000000000000000000000000000000000000000000000000000000000000000000000000000000000000
000000001000000011111111000110000000000000101000000000100010110011111111110100001111111101010010
000000000000000000000000000000000000000010010000000000100010111111111111110010101111111111110010
000000000000000000000000000000000000000000000000000000000000000000000000000000000000000000000000
000000000000000000000000000000000000000000000000000000000000000000000000000000000000000000000000
000000000011000100000000001110010000001000110110111111111111010111111111000111100000000000000000
000000000000000000000000000000001111111110000011111111011111000000000001011100011111111100011110
000000000000000000000000000000000000000000000000000000000000000000000000000000000000000000000000
000000000000000000000000000000000000000000000000000000000000000000000000000000000000000000000000
000000100001110000000001011110011111111111010001000000010001101100000001100110101111111110010010
000000000000000000000000000000001111110110101110000000011101101111111101111100110000000011100110
000000000000000000000000000000000000000000000000000000000000000000000000000000000000000000000000
000000000000000000000000000000000000000000000000000000000000000000000000000000000000000000000000
111111011110000111111110100010011111111101010000000000001101010111111111010100001111111101111101
000000000000000000000000000000000000001001101010111111111001110111111101101100100000000001111001
000000000000000000000000000000000000000000000000000000000000000000000000000000000000000000000000
000000000000000000000000000000000000000000000000000000000000000000000000000000000000000000000000
111111101000010111111111100011011111111000001001000000001000010000000000001111110000000101011111
000000000000000000000000000000001111111001101011111111110000111111111101010101011111111100011110
000000000000000000000000000000000000000000000000000000000000000000000000000000000000000000000000
000000000000000000000000000000000000000000000000000000000000000000000000000000000000000000000000
000000001100001011111110110100001111111001001100000000010110110111111111000000000000000101010101
000000000000000000000000000000001111110101110101000000001011010111111111100110010000000011000111
000000000000000000000000000000000000000000000000000000000000000000000000000000000000000000000000
000000000000000000000000000000000000000000000000000000000000000000000000000000000000000000000000
111111011110110100000010001010110000001101011000000000101010111100000001101111010000000010100011
000000000000000000000000000000001111111010101100000000001011001100000000100000010000000010000010
000000000000000000000000000000000000000000000000000000000000000000000000000000000000000000000000
000000000000000000000000000000000000000000000000000000000000000000000000000000000000000000000000
000000001111101111111111100011010000000010101001000000000111010000000000000100000000000000110101
000000000000000000000000000000001111111001000001000000010100000011111110100100100000000011101011
000000000000000000000000000000000000000000000000000000000000000000000000000000000000000000000000
000000000000000000000000000000000000000000000000000000000000000000000000000000000000000000000000
000000010010000000000001000101111111111111111110111111101000011000000000110000100000000010101000
000000000000000000000000000000000000001000010000000000100100100100000001010010101111111001001010
000000000000000000000000000000000000000000000000000000000000000000000000000000000000000000000000
000000000000000000000000000000000000000000000000000000000000000000000000000000000000000000000000
000000010001100111111101010111010000000001010010000000001101011100000000001110011111111101101011
000000000000000000000000000000001111111001010000000000001001011000000000110111100000000001111010
000000000000000000000000000000000000000000000000000000000000000000000000000000000000000000000000
000000000000000000000000000000000000000000000000000000000000000000000000000000000000000000000000
111111110110101100000000010110010000000000001101000000001110111100000000011011010000000101111111
000000000000000000000000000000000000001011001011000000010001111111111111111000010000000011100010
000000000000000000000000000000000000000000000000000000000000000000000000000000000000000000000000
000000000000000000000000000000000000000000000000000000000000000000000000000000000000000000000000
000000000001110000000000100001011111111110000101111111111110011011111111100101101111111010110001
000000000000000000000000000000001111111010111111000000010001001100000001010110011111111111101110
000000000000000000000000000000000000000000000000000000000000000000000000000000000000000000000000
000000000000000000000000000000000000000000000000000000000000000000000000000000000000000000000000
111111110001011000000001100101000000000001110111111111110111000111111111111110111111111101110000
000000000000000000000000000000000000000100011000111111111100100111111110010001111111111101111101
000000000000000000000000000000000000000000000000000000000000000000000000000000000000000000000000
000000000000000000000000000000000000000000000000000000000000000000000000000000000000000000000000
000000010010010000000000101000010000000111110011111111100101010100000001011100101111111010010111
000000000000000000000000000000000000000011100011111111101100101111111111011011010000000110010010
000000000000000000000000000000000000000000000000000000000000000000000000000000000000000000000000
000000000000000000000000000000000000000000000000000000000000000000000000000000000000000000000000
111111101011011111111111000110010000000110111011000000000100100111111101111010001111111110101010
000000000000000000000000000000000000000101010011000000011110000000000001000010000000000001010010
000000000000000000000000000000000000000000000000000000000000000000000000000000000000000000000000
000000000000000000000000000000000000000000000000000000000000000000000000000000000000000000000000
111111111010001011111111010001100000000000111100111111110111101111111111101111110000000100101111
000000000000000000000000000000001111111001011010111111100001011100000001010110100000000010111100
000000000000000000000000000000000000000000000000000000000000000000000000000000000000000000000000
000000000000000000000000000000000000000000000000000000000000000000000000000000000000000000000000
000000000111011111111111010000010000000011000110111111101101101111111101011001110000000001011101
000000000000000000000000000000000000000101101010111111111100111100000001100101010000000011000110
000000000000000000000000000000000000000000000000000000000000000000000000000000000000000000000000
000000000000000000000000000000000000000000000000000000000000000000000000000000000000000000000000
000000011000011111111111001010110000001001100111000000000101000100000000100011000000000011001011
000000000000000000000000000000000000000100110100000000011101000111111111101001101111111011100011
000000000000000000000000000000000000000000000000000000000000000000000000000000000000000000000000
000000000000000000000000000000000000000000000000000000000000000000000000000000000000000000000000
000000011000000111111111011000101111111110011010000000000110011111111111110000000000000011000010
000000000000000000000000000000000000000101000110111111110000000011111111001010111111111011110100
000000000000000000000000000000000000000000000000000000000000000000000000000000000000000000000000
000000000000000000000000000000000000000000000000000000000000000000000000000000000000000000000000
000000000100001000000000111110000000000101000000111111110000001100000000000011110000000001010101
000000000000000000000000000000001111111001111011000000001000111011111111011111010000000000100011
000000000000000000000000000000000000000000000000000000000000000000000000000000000000000000000000
000000000000000000000000000000000000000000000000000000000000000000000000000000000000000000000000
111111011010001000000001101010000000000111000010111111110100001100000001110111010000001001001110
000000000000000000000000000000000000000000110001000000101001101000000000000110111111111000100001
000000000000000000000000000000000000000000000000000000000000000000000000000000000000000000000000
000000000000000000000000000000000000000000000000000000000000000000000000000000000000000000000000
000000010010110111111111110000101111111110001011000000000100010100000000111000011111111110000001
000000000000000000000000000000001111111101111110000000101010101111111111101101001111111101111110
000000000000000000000000000000000000000000000000000000000000000000000000000000000000000000000000
000000000000000000000000000000000000000000000000000000000000000000000000000000000000000000000000
