000000110010011011111111000110010000000010001000000000001011110011111110010101001111111001101100
000000000000000000000000000000000000000000010110000000001111001100000000110000010000000111111100
000000000000000000000000000000000000000000000000000000000000000000000000000000000000000000000000
000000000000000000000000000000000000000000000000000000000000000000000000000000000000000000000000
111111011111100111111111100110100000000110010101000000001101000011111110000001110000000001111001
000000000000000000000000000000001111111101001100111111111111001000000000001000000000000010000010
000000000000000000000000000000000000000000000000000000000000000000000000000000000000000000000000
000000000000000000000000000000000000000000000000000000000000000000000000000000000000000000000000
000000011000100111111111110110010000001011101101111111100011101100000000110001101111111110110000
000000000000000000000000000000001111111110110111111111111001101000000000001011101111111001110110
000000000000000000000000000000000000000000000000000000000000000000000000000000000000000000000000
000000000000000000000000000000000000000000000000000000000000000000000000000000000000000000000000
111111101010110100000000001111010000000110101110000000100000000111111111001101001111111111001101
000000000000000000000000000000001111111111110011111111100100100011111111011000101111111001000110
000000000000000000000000000000000000000000000000000000000000000000000000000000000000000000000000
000000000000000000000000000000000000000000000000000000000000000000000000000000000000000000000000
000000010110100011111111001110110000000001101100111111100001110111111111110000101111111110101011
000000000000000000000000000000000000000011001000111111011111010100000000011101010000001011101111
000000000000000000000000000000000000000000000000000000000000000000000000000000000000000000000000
000000000000000000000000000000000000000000000000000000000000000000000000000000000000000000000000
000000000011000111111110111110111111111111111100111111111000000000000001000011000000001010011101
000000000000000000000000000000000000000100010100000000000100100111111110000101101111111110111010
000000000000000000000000000000000000000000000000000000000000000000000000000000000000000000000000
000000000000000000000000000000000000000000000000000000000000000000000000000000000000000000000000
000000000110001011111111101110000000000001011100000000000100110100000010011100011111111010111001
000000000000000000000000000000000000000001010010000000100001111111111110000111100000000000101111
000000000000000000000000000000000000000000000000000000000000000000000000000000000000000000000000
000000000000000000000000000000000000000000000000000000000000000000000000000000000000000000000000
000000011001100000000000111011110000000101011110000000100010000000000000110100111111111100111111
000000000000000000000000000000000000000011101000000000000011000111111110010011101111111101101010
000000000000000000000000000000000000000000000000000000000000000000000000000000000000000000000000
000000000000000000000000000000000000000000000000000000000000000000000000000000000000000000000000
000000001010000011111111011010010000001100000100111111101010011000000000100000111111111010101101
000000000000000000000000000000001111111110011100111111101011111000000001000001111111111011100100
000000000000000000000000000000000000000000000000000000000000000000000000000000000000000000000000
000000000000000000000000000000000000000000000000000000000000000000000000000000000000000000000000
111111110000001111111111010000100000000101010010111111110010100011111111000100111111111101000010
000000000000000000000000000000001111111101001101111111111001010100000001101000011111111010101011
000000000000000000000000000000000000000000000000000000000000000000000000000000000000000000000000
000000000000000000000000000000000000000000000000000000000000000000000000000000000000000000000000
000000000000010111111111001011101111111100000111000000001111000111111111110000000000000101001100
000000000000000000000000000000000000000001110000111111101000010000000001011100001111111011111111
000000000000000000000000000000000000000000000000000000000000000000000000000000000000000000000000
000000000000000000000000000000000000000000000000000000000000000000000000000000000000000000000000
111111011000010000000011001011101111111100010000111111110111000000000010000000101111111110110110
000000000000000000000000000000001111111101100101000000010110011111111111111011100000000000011111
000000000000000000000000000000000000000000000000000000000000000000000000000000000000000000000000
000000000000000000000000000000000000000000000000000000000000000000000000000000000000000000000000
111111101001011100000000011100110000000100011110111111011111010011111111011111001111111000010011
000000000000000000000000000000000000000011011011000000100001101011111111010001100000000110010100
000000000000000000000000000000000000000000000000000000000000000000000000000000000000000000000000
000000000000000000000000000000000000000000000000000000000000000000000000000000000000000000000000
000000010010000011111100010011110000001010001101111111111011100100000000010101001111111110111000
000000000000000000000000000000001111111000001101000000010111100000000000011000111111111111101110
000000000000000000000000000000000000000000000000000000000000000000000000000000000000000000000000
000000000000000000000000000000000000000000000000000000000000000000000000000000000000000000000000
000000001011101100000000010011111111111100010111111111111010011000000000001000101111110110111011
000000000000000000000000000000001111111010100000000000010110000111111111001011010000000111101010
000000000000000000000000000000000000000000000000000000000000000000000000000000000000000000000000
000000000000000000000000000000000000000000000000000000000000000000000000000000000000000000000000
000000000011100000000001000000111111110110010110111111111001100011111110010110001111111101100000
000000000000000000000000000000001111111011101010000000000010101111111101110100111111111010011001
000000000000000000000000000000000000000000000000000000000000000000000000000000000000000000000000
000000000000000000000000000000000000000000000000000000000000000000000000000000000000000000000000
111111111001101000000001000100001111111100001000111111110110110111111110010111101111111100110010
000000000000000000000000000000001111111110000010000000010110001011111110011100100000001000110000
000000000000000000000000000000000000000000000000000000000000000000000000000000000000000000000000
000000000000000000000000000000000000000000000000000000000000000000000000000000000000000000000000
111111110011000000000001011101110000000101011001111111101000011011111111010000000000000110011111
000000000000000000000000000000000000000001011011000000010100110100000001001001100000000101000000
000000000000000000000000000000000000000000000000000000000000000000000000000000000000000000000000
000000000000000000000000000000000000000000000000000000000000000000000000000000000000000000000000
111111110001011100000000001100011111111010000010000000001010000111111100101101100000001000111111
000000000000000000000000000000001111111011101010000000001100100111111110110000110000000110010110
000000000000000000000000000000000000000000000000000000000000000000000000000000000000000000000000
000000000000000000000000000000000000000000000000000000000000000000000000000000000000000000000000
000000000001000000000001111000111111110111110111000000010100010011111110100110100000000000100110
000000000000000000000000000000000000000111100100111111011011111100000001001101110000000101000000
000000000000000000000000000000000000000000000000000000000000000000000000000000000000000000000000
000000000000000000000000000000000000000000000000000000000000000000000000000000000000000000000000
000000010110011011111110000010011111111101111000111111101101111100000001001011100000000010001111
000000000000000000000000000000000000000010011011000000010000111100000010001000011111111111110110
000000000000000000000000000000000000000000000000000000000000000000000000000000000000000000000000
000000000000000000000000000000000000000000000000000000000000000000000000000000000000000000000000
111111011010000000000000011011000000000001000101111111110000000000000000101001100000000001000111
000000000000000000000000000000000000000110001011000000001011110011111110111000011111111100101001
000000000000000000000000000000000000000000000000000000000000000000000000000000000000000000000000
000000000000000000000000000000000000000000000000000000000000000000000000000000000000000000000000
111111111011111011111110011110110000000001010100111111110101101111111111100110100000000001000110
000000000000000000000000000000000000000110100001111111010100110100000001011100010000000101001010
000000000000000000000000000000000000000000000000000000000000000000000000000000000000000000000000
000000000000000000000000000000000000000000000000000000000000000000000000000000000000000000000000
111111101010000000000000111101010000000000101000111111111001010100000000100001110000000010011010
000000000000000000000000000000000000000000001010000000001000011100000001000100001111111100110001
000000000000000000000000000000000000000000000000000000000000000000000000000000000000000000000000
000000000000000000000000000000000000000000000000000000000000000000000000000000000000000000000000
