000000000010001111111101001011010000000100110111000000000110001011111101111010100000000111011010
000000000000000000000000000000001111111100110011000000010110011000000000011001000000001010010100
000000000000000000000000000000000000000000000000000000000000000000000000000000000000000000000000
000000000000000000000000000000000000000000000000000000000000000000000000000000000000000000000000
111111101010011011111111111010100000000010001100111111111011011100000010010111111111111110100110
000000000000000000000000000000000000000010001101111111100101111011111111001010010000000111001111
000000000000000000000000000000000000000000000000000000000000000000000000000000000000000000000000
000000000000000000000000000000000000000000000000000000000000000000000000000000000000000000000000
111111101101010000000010001000010000000000001011111111100111000000000000011100101111111101111010
000000000000000000000000000000001111111111101010111111101011010000000001000000010000000110100111
000000000000000000000000000000000000000000000000000000000000000000000000000000000000000000000000
000000000000000000000000000000000000000000000000000000000000000000000000000000000000000000000000
111111011011100000000001000111001111111111010000000000001001110011111111111100010000000010101011
000000000000000000000000000000000000001000110011000000001010100111111110100111101111111000010111
000000000000000000000000000000000000000000000000000000000000000000000000000000000000000000000000
000000000000000000000000000000000000000000000000000000000000000000000000000000000000000000000000
000000110100000011111101010111001111111000011111111111101101011100000000001010110000000010100101
000000000000000000000000000000001111111100010110111111101010111111111110110000100000000101011100
000000000000000000000000000000000000000000000000000000000000000000000000000000000000000000000000
000000000000000000000000000000000000000000000000000000000000000000000000000000000000000000000000
111111111010111111111111101000111111111110000000111111001111110100000000001100101111111111101100
000000000000000000000000000000000000000111011110111111110101110111111111101111101111111010001110
000000000000000000000000000000000000000000000000000000000000000000000000000000000000000000000000
000000000000000000000000000000000000000000000000000000000000000000000000000000000000000000000000
000000001100011011111111100111011111111111001101111111111010101111111110111110001111110100100000
000000000000000000000000000000001111111111110011000000000010111100000010001000110000000111100100
000000000000000000000000000000000000000000000000000000000000000000000000000000000000000000000000
000000000000000000000000000000000000000000000000000000000000000000000000000000000000000000000000
000000011101010011111111000111110000000001010000000000000000110000000001110111101111111111100011
000000000000000000000000000000001111111001101101111111011110011000000001000100111111111100111110
000000000000000000000000000000000000000000000000000000000000000000000000000000000000000000000000
000000000000000000000000000000000000000000000000000000000000000000000000000000000000000000000000
111111101100001011111111110101101111110111001111000000000110100111111111100111001111111111010010
000000000000000000000000000000000000000100011010111111101010000000000000010001101111111110100111
000000000000000000000000000000000000000000000000000000000000000000000000000000000000000000000000
000000000000000000000000000000000000000000000000000000000000000000000000000000000000000000000000
111111011110000000000001000001110000001001011111111111101101111000000001001001100000000001111111
000000000000000000000000000000001111111011100001000000011101000011111110011001011111111011000011
000000000000000000000000000000000000000000000000000000000000000000000000000000000000000000000000
000000000000000000000000000000000000000000000000000000000000000000000000000000000000000000000000
111111101111011111111110001101100000000100100110000000011101111111111111011010010000000001100001
000000000000000000000000000000001111110111110100000000001011011100000000000011101111111110001100
000000000000000000000000000000000000000000000000000000000000000000000000000000000000000000000000
000000000000000000000000000000000000000000000000000000000000000000000000000000000000000000000000
111111011101011011111111100001111111111101111111000000010000110111111111111010011111111110111011
000000000000000000000000000000000000000100111011000000000010111111111110010011000000000011001010
000000000000000000000000000000000000000000000000000000000000000000000000000000000000000000000000
000000000000000000000000000000000000000000000000000000000000000000000000000000000000000000000000
000000001001111000000010010111011111111100101111111111111011111100000000101111001111111100101110
000000000000000000000000000000001111111100101101000000000111000111111110010001111111111110110111
000000000000000000000000000000000000000000000000000000000000000000000000000000000000000000000000
000000000000000000000000000000000000000000000000000000000000000000000000000000000000000000000000
111111111011100011111110000001101111111110000110000000000000110011111111010001001111111100010010
000000000000000000000000000000000000000111101111111111100111000100000000100011101111111011011110
000000000000000000000000000000000000000000000000000000000000000000000000000000000000000000000000
000000000000000000000000000000000000000000000000000000000000000000000000000000000000000000000000
111111011001000011111101110101010000000010001011000000011100001100000001010111000000000001100100
000000000000000000000000000000001111111110100101000000010010111111111110010010010000000010011000
000000000000000000000000000000000000000000000000000000000000000000000000000000000000000000000000
000000000000000000000000000000000000000000000000000000000000000000000000000000000000000000000000
111111011111111111111111010000111111111011011111111111111000110100000001000000001111111100111110
000000000000000000000000000000001111111111101011111111111000111011111111101110110000000100111000
000000000000000000000000000000000000000000000000000000000000000000000000000000000000000000000000
000000000000000000000000000000000000000000000000000000000000000000000000000000000000000000000000
111111111101000011111111100001100000001100000001000000000000110000000001101101101111111000000010
000000000000000000000000000000000000000011101100000000000110011011111101110101100000000100100110
000000000000000000000000000000000000000000000000000000000000000000000000000000000000000000000000
000000000000000000000000000000000000000000000000000000000000000000000000000000000000000000000000
111111110001111100000001111110001111111001011111111111111000000011111110010101100000000101101001
000000000000000000000000000000000000000001111101111111100010100011111110101111111111111101111101
000000000000000000000000000000000000000000000000000000000000000000000000000000000000000000000000
000000000000000000000000000000000000000000000000000000000000000000000000000000000000000000000000
111111101011110011111111010110010000000100001110111111100010111000000001011110000000000000001101
000000000000000000000000000000001111111100000111111111100000010100000001010101101111111010001101
000000000000000000000000000000000000000000000000000000000000000000000000000000000000000000000000
000000000000000000000000000000000000000000000000000000000000000000000000000000000000000000000000
000000000111110100000000101111101111111010110111111111101001011000000001001110010000000010001100
000000000000000000000000000000000000000011011000111111100111110111111111010010110000000000000001
000000000000000000000000000000000000000000000000000000000000000000000000000000000000000000000000
000000000000000000000000000000000000000000000000000000000000000000000000000000000000000000000000
111111101100100000000001011111110000000010100101111111111000101011111101011101000000000001011000
000000000000000000000000000000000000000010101000000000010110000111111111110110110000000001111011
000000000000000000000000000000000000000000000000000000000000000000000000000000000000000000000000
000000000000000000000000000000000000000000000000000000000000000000000000000000000000000000000000
111111101001111111111110001010101111111100101001000000001000001011111110010100010000000101010000
000000000000000000000000000000001111111101111010000000000000000000000001010001011111111110010101
000000000000000000000000000000000000000000000000000000000000000000000000000000000000000000000000
000000000000000000000000000000000000000000000000000000000000000000000000000000000000000000000000
111111010100110111111101010011000000000000100010000000010100101100000000111100111111111100111001
000000000000000000000000000000001111111101111100000000011001100011111111111110001111111011010101
000000000000000000000000000000000000000000000000000000000000000000000000000000000000000000000000
000000000000000000000000000000000000000000000000000000000000000000000000000000000000000000000000
000000001101001111111110000100100000000000100100000000001011100000000001010011100000000001000010
000000000000000000000000000000000000000010111101111111111100100011111101010101001111111011010101
000000000000000000000000000000000000000000000000000000000000000000000000000000000000000000000000
000000000000000000000000000000000000000000000000000000000000000000000000000000000000000000000000
