000000000000100111111111111101000000000100001111000000001010111011111111111111010000000100101011
000000000000000000000000000000001111111111000010111111111000010000000000000000111111110100110110
000000000000000000000000000000000000000000000000000000000000000000000000000000000000000000000000
000000000000000000000000000000000000000000000000000000000000000000000000000000000000000000000000
000000000000110111111110011010100000000011001010000000000100001000000001001011001111111000101101
000000000000000000000000000000000000000110101101000000000001100111111111110101001111111000000110
000000000000000000000000000000000000000000000000000000000000000000000000000000000000000000000000
000000000000000000000000000000000000000000000000000000000000000000000000000000000000000000000000
000000010000010100000001110110100000000001111111000000000001100011111111001111011111111001100101
000000000000000000000000000000001111111011011111111111101011000100000010100010100000000000111101
000000000000000000000000000000000000000000000000000000000000000000000000000000000000000000000000
000000000000000000000000000000000000000000000000000000000000000000000000000000000000000000000000
111111111111110000000001100011110000000111000111000000000001011111111100010111010000001001110111
000000000000000000000000000000000000000110000101000000000110100000000001101011000000000100011000
000000000000000000000000000000000000000000000000000000000000000000000000000000000000000000000000
000000000000000000000000000000000000000000000000000000000000000000000000000000000000000000000000
111111100000000111111110100100000000001001010010111111110000101100000000111111100000000001010100
000000000000000000000000000000000000000011110000000000001010001100000000001110111111111101101010
000000000000000000000000000000000000000000000000000000000000000000000000000000000000000000000000
000000000000000000000000000000000000000000000000000000000000000000000000000000000000000000000000
111111100111011011111110101100000000000101101101000000010101110100000000001010101111110111000111
000000000000000000000000000000000000000100101011111111101100110011111111110101100000000100100111
000000000000000000000000000000000000000000000000000000000000000000000000000000000000000000000000
000000000000000000000000000000000000000000000000000000000000000000000000000000000000000000000000
111111110100010011111111001010001111111101011011000000010010001011111111100110010000000011001111
000000000000000000000000000000001111111001011000000000000110001011111110110101000000000001110110
000000000000000000000000000000000000000000000000000000000000000000000000000000000000000000000000
000000000000000000000000000000000000000000000000000000000000000000000000000000000000000000000000
000000010001011100000010101111000000000010101011000000010010101011111110010101010000000100001111
000000000000000000000000000000001111111110110100111111110011000011111101110100011111111101100001
000000000000000000000000000000000000000000000000000000000000000000000000000000000000000000000000
000000000000000000000000000000000000000000000000000000000000000000000000000000000000000000000000
000000000100101000000000000101000000000100011100000000100001111111111110010001101111111000101001
000000000000000000000000000000000000000000110100000000001010111100000001110011101111111100000101
000000000000000000000000000000000000000000000000000000000000000000000000000000000000000000000000
000000000000000000000000000000000000000000000000000000000000000000000000000000000000000000000000
111111111100111000000000101100001111111110011101111111100111011011111111111000000000001010000111
000000000000000000000000000000001111111100110110111111100010100100000010110000110000000000100110
000000000000000000000000000000000000000000000000000000000000000000000000000000000000000000000000
000000000000000000000000000000000000000000000000000000000000000000000000000000000000000000000000
000000010100100111111111010110111111111100111000000000001000111100000001010110110000000101110101
000000000000000000000000000000000000000011100010111111101100110111111111000100110000001000001001
000000000000000000000000000000000000000000000000000000000000000000000000000000000000000000000000
000000000000000000000000000000000000000000000000000000000000000000000000000000000000000000000000
111111110010011100000000101100001111111111011001000000010001100011111110011110101111111110011000
000000000000000000000000000000001111111000111101000000000101110011111111111010111111111111100000
000000000000000000000000000000000000000000000000000000000000000000000000000000000000000000000000
000000000000000000000000000000000000000000000000000000000000000000000000000000000000000000000000
111111111111101111111111101011000000001110010110000000001010111000000000010011010000000010010010
000000000000000000000000000000000000000000010100000000010001011100000000111011100000000000000001
000000000000000000000000000000000000000000000000000000000000000000000000000000000000000000000000
000000000000000000000000000000000000000000000000000000000000000000000000000000000000000000000000
000000001101001100000001110111011111111100010000000000011111110100000000011001111111111000110000
000000000000000000000000000000000000000000100011000000000101001111111110111110001111111000010011
000000000000000000000000000000000000000000000000000000000000000000000000000000000000000000000000
000000000000000000000000000000000000000000000000000000000000000000000000000000000000000000000000
000000101010011011111111011101011111110111100100000000000110111000000001010101110000000010111100
000000000000000000000000000000000000000011010111111111101000110100000010001111110000000011110011
000000000000000000000000000000000000000000000000000000000000000000000000000000000000000000000000
000000000000000000000000000000000000000000000000000000000000000000000000000000000000000000000000
111111101111101100000000111101000000000101101011111111111011110111111111110111111111111010110100
000000000000000000000000000000001111111011100101111111111111110000000001101111110000000000110011
000000000000000000000000000000000000000000000000000000000000000000000000000000000000000000000000
000000000000000000000000000000000000000000000000000000000000000000000000000000000000000000000000
000000011111011000000001010010010000000011101001000000000100111100000010110001011111111001111000
000000000000000000000000000000000000000010010101000000000011010011111111000011011111111100111011
000000000000000000000000000000000000000000000000000000000000000000000000000000000000000000000000
000000000000000000000000000000000000000000000000000000000000000000000000000000000000000000000000
000000010110000100000000111001110000000000100001000000000110101100000001011100111111111001110001
000000000000000000000000000000001111111001010010111111101110111011111110010111101111111101100111
000000000000000000000000000000000000000000000000000000000000000000000000000000000000000000000000
000000000000000000000000000000000000000000000000000000000000000000000000000000000000000000000000
111111011011011111111110101110010000000001111110111111101001011000000010011111011111111010101011
000000000000000000000000000000000000000100111100000000011111011100000000101000000000000110010110
000000000000000000000000000000000000000000000000000000000000000000000000000000000000000000000000
000000000000000000000000000000000000000000000000000000000000000000000000000000000000000000000000
111111111100101111111111111000101111111001000000000000000111111100000000101001111111111100000001
000000000000000000000000000000000000000001110110000000010001000100000010101100001111111101100110
000000000000000000000000000000000000000000000000000000000000000000000000000000000000000000000000
000000000000000000000000000000000000000000000000000000000000000000000000000000000000000000000000
111111101110010011111111011000110000000000111100000000001111100011111110110111011111111100100011
000000000000000000000000000000001111111111001110000000010101000000000001001100000000000011001110
000000000000000000000000000000000000000000000000000000000000000000000000000000000000000000000000
000000000000000000000000000000000000000000000000000000000000000000000000000000000000000000000000
000000010100111100000000010001000000000010001101111111111010101011111111100011111111111100011010
000000000000000000000000000000001111111101100110000000011001101100000001111000000000000010101011
000000000000000000000000000000000000000000000000000000000000000000000000000000000000000000000000
000000000000000000000000000000000000000000000000000000000000000000000000000000000000000000000000
000000111000001011111111000111101111111011111001111111110101101011111110101110111111111101010111
000000000000000000000000000000000000000001101110000000011010010011111111100110000000000111001111
000000000000000000000000000000000000000000000000000000000000000000000000000000000000000000000000
000000000000000000000000000000000000000000000000000000000000000000000000000000000000000000000000
111111110101110111111110010111111111111001111011000000100010110111111111101100101111111011000110
000000000000000000000000000000001111111000000111000000000001101000000001101011011111111011111010
000000000000000000000000000000000000000000000000000000000000000000000000000000000000000000000000
000000000000000000000000000000000000000000000000000000000000000000000000000000000000000000000000
