000000010001110111111111111011101111111000101110000000000100110011111111110111001111111100100111
000000000000000000000000000000001111111001101001000000000100001000000000001110011111110011111010
000000000000000000000000000000000000000000000000000000000000000000000000000000000000000000000000
000000000000000000000000000000000000000000000000000000000000000000000000000000000000000000000000
000000011000010100000001111010001111111000100101000000000101101011111110110111001111110110011011
000000000000000000000000000000000000000111101011000000011101011100000000001000010000000001000101
000000000000000000000000000000000000000000000000000000000000000000000000000000000000000000000000
000000000000000000000000000000000000000000000000000000000000000000000000000000000000000000000000
111111100101010000000001110011111111111110000000000000011100101011111110111000000000000010011011
000000000000000000000000000000001111111111001011111111111100111100000000100000000000000000101110
000000000000000000000000000000000000000000000000000000000000000000000000000000000000000000000000
000000000000000000000000000000000000000000000000000000000000000000000000000000000000000000000000
000000000010000100000001011001100000000011001011000000100011110011111110101100011111111100110000
000000000000000000000000000000001111111110101001111111101100101000000000000101111111111110101100
000000000000000000000000000000000000000000000000000000000000000000000000000000000000000000000000
000000000000000000000000000000000000000000000000000000000000000000000000000000000000000000000000
111111111101001111111110110110101111111111010101111111111001010000000000001100011111111110111101
000000000000000000000000000000000000000010111000000000010111100100000000111000001111111100111001
000000000000000000000000000000000000000000000000000000000000000000000000000000000000000000000000
000000000000000000000000000000000000000000000000000000000000000000000000000000000000000000000000
000000010110100100000000111000001111111111010101000000100011000100000000100000001111111101100110
000000000000000000000000000000001111111000110100000000000001110000000000110111000000001000001100
000000000000000000000000000000000000000000000000000000000000000000000000000000000000000000000000
000000000000000000000000000000000000000000000000000000000000000000000000000000000000000000000000
111111111011011111111111000100110000000001100000111111011100011111111110101000110000000001011111
000000000000000000000000000000001111111001101101000000010010011000000000000001101111111110001010
000000000000000000000000000000000000000000000000000000000000000000000000000000000000000000000000
000000000000000000000000000000000000000000000000000000000000000000000000000000000000000000000000
000000000001111100000000010000010000000001011111111111001111110000000001110101010000001001100001
000000000000000000000000000000000000000101100001111111101111101000000001011011000000001010010001
000000000000000000000000000000000000000000000000000000000000000000000000000000000000000000000000
000000000000000000000000000000000000000000000000000000000000000000000000000000000000000000000000
000000011010001111111101101110010000001100011100111111101101000111111111010001111111111010100011
000000000000000000000000000000001111111011111010111111111010110000000001000100111111111000111010
000000000000000000000000000000000000000000000000000000000000000000000000000000000000000000000000
000000000000000000000000000000000000000000000000000000000000000000000000000000000000000000000000
111111111110100011111110000000100000000010110100000000011111011111111110001110100000000101100100
000000000000000000000000000000000000000011100100000000011000111011111111110000111111111010111001
000000000000000000000000000000000000000000000000000000000000000000000000000000000000000000000000
000000000000000000000000000000000000000000000000000000000000000000000000000000000000000000000000
111111110000000111111111111010110000000001010101000000100011000100000001000111010000000000110011
000000000000000000000000000000000000001010000000111111110111000111111111001110111111111111100111
000000000000000000000000000000000000000000000000000000000000000000000000000000000000000000000000
000000000000000000000000000000000000000000000000000000000000000000000000000000000000000000000000
000000010010100011111100101100010000000000000011111111011111001000000000110001000000000010100000
000000000000000000000000000000000000000000111000000000010011101011111111100000010000000010100100
000000000000000000000000000000000000000000000000000000000000000000000000000000000000000000000000
000000000000000000000000000000000000000000000000000000000000000000000000000000000000000000000000
000000000000010000000001000111100000000011111100000000001010000100000001011000101111111001111101
000000000000000000000000000000000000001000101011000000010101001111111110100001110000000011111111
000000000000000000000000000000000000000000000000000000000000000000000000000000000000000000000000
000000000000000000000000000000000000000000000000000000000000000000000000000000000000000000000000
111111110000101100000010011010111111111110101111111111101000001011111110111111010000000100110000
000000000000000000000000000000000000000011101001111111111100100000000000111101111111111001110101
000000000000000000000000000000000000000000000000000000000000000000000000000000000000000000000000
000000000000000000000000000000000000000000000000000000000000000000000000000000000000000000000000
000000100100010000000000001011100000000010001000000000100010010111111111110110110000000010100110
000000000000000000000000000000000000000100001000111111100101010111111110111111000000000000101111
000000000000000000000000000000000000000000000000000000000000000000000000000000000000000000000000
000000000000000000000000000000000000000000000000000000000000000000000000000000000000000000000000
111111110001011011111110001000011111111010001111111111111100000100000000001010001111111100110100
000000000000000000000000000000000000000111100111111111100100111000000001000010100000000000111110
000000000000000000000000000000000000000000000000000000000000000000000000000000000000000000000000
000000000000000000000000000000000000000000000000000000000000000000000000000000000000000000000000
111111100110101011111110111110111111111100001001111111111100100100000000001011111111110111001100
000000000000000000000000000000001111111111100011111111111011001011111110000000100000000001010010
000000000000000000000000000000000000000000000000000000000000000000000000000000000000000000000000
000000000000000000000000000000000000000000000000000000000000000000000000000000000000000000000000
111111011100010011111111001100111111111101010000000000011010100000000000011100010000000010001010
000000000000000000000000000000001111111011110111000000001100100111111111111100110000000100011100
000000000000000000000000000000000000000000000000000000000000000000000000000000000000000000000000
000000000000000000000000000000000000000000000000000000000000000000000000000000000000000000000000
000000001001110100000000111000000000000111011010111111111100110011111101000010110000000010111010
000000000000000000000000000000001111111011010110000000000110011011111111001111111111111100101011
000000000000000000000000000000000000000000000000000000000000000000000000000000000000000000000000
000000000000000000000000000000000000000000000000000000000000000000000000000000000000000000000000
111111111100101100000001001011100000000011100001111111100001110111111101101000010000000110011111
000000000000000000000000000000001111111010101101000000000010010100000001000101110000000000100010
000000000000000000000000000000000000000000000000000000000000000000000000000000000000000000000000
000000000000000000000000000000000000000000000000000000000000000000000000000000000000000000000000
111111111101111011111110101110010000000100111100111111110001000111111110110011101111111011110001
000000000000000000000000000000000000000010111100111111101111010111111111111010100000000000111011
000000000000000000000000000000000000000000000000000000000000000000000000000000000000000000000000
000000000000000000000000000000000000000000000000000000000000000000000000000000000000000000000000
000000010110001100000000101011111111111000010100000000000101010000000011010000100000000110011001
000000000000000000000000000000001111111101110011111111100001100111111110101100011111111100111100
000000000000000000000000000000000000000000000000000000000000000000000000000000000000000000000000
000000000000000000000000000000000000000000000000000000000000000000000000000000000000000000000000
111111101110000011111110110110010000000010110110111111110100111111111101100110110000000010011010
000000000000000000000000000000001111111111010101111111101010001100000001000001000000000001010011
000000000000000000000000000000000000000000000000000000000000000000000000000000000000000000000000
000000000000000000000000000000000000000000000000000000000000000000000000000000000000000000000000
111111101101010011111110101010011111111111100100000000001100001011111111100001101111111111110001
000000000000000000000000000000000000000010010101111111101010011100000010001101100000000101101010
000000000000000000000000000000000000000000000000000000000000000000000000000000000000000000000000
000000000000000000000000000000000000000000000000000000000000000000000000000000000000000000000000
