000000000011001001100000
000000000010101110001101
000000000010101000010010
000000000011111110110101
000000000101011010010101
000000000010111001110011
000000000011001111111100
000000000100001001010100
000000000010111110001011
000000000011100000101010
000000000011111111010110
000000000011101001000110
000000000011100011101111
000000000101011101000100
000000000010001010011111
000000000100000000001101
000000000011011111111101
000000000100111000011101
000000000100010011000000
000000000011110110110101
000000000010111111000110
000000000001110010001111
000000000001111100110001
000000000010010011000101
000000000010111001110110
000000000011000100010001
000000000010010101111111
000000000001100001011000
000000000011011110010101
000000000010001000111001
000000000011010100000010
000000000011100111010101
000000000010101111101100
000000000011011011001101
000000000011111111101101
000000000100010111010110
000000000011010111010110
000000000101000101111111
000000000011000111001010
000000000100111011011011
000000000011110101110110
000000000011100000001001
000000000100101111101110
000000000100001101000001
000000000100001111111100
000000000011100111100100
000000000011101101111111
000000000011110111110010
000000000011100010100100
000000000101010011010010
000000000010101011100010
000000000011001001101110
000000000010111111101110
000000000010101101110001
000000000101110010111010
000000000100100111110001
000000000011001111001010
000000000101000011011000
000000000011010001100011
000000000100001110001011
000000000010100010110010
000000000010000111001110
000000000001101110100110
000000000010001011111101
000000000011100100111001
000000000010011110111011
000000000010010101111101
000000000010101101100110
000000000001110000011100
000000000010011111011001
000000000100011101101000
000000000011101010101000
000000000011011000010111
000000000100000101000100
000000000011110101001100
000000000100001010001000
000000000011001011111101
000000000011010110100001
000000000100101000100110
000000000100001001100100
000000000010100010110001
000000000010110001000011
000000000011100010010000
000000000011100001001010
000000000011100001011000
000000000010100110010101
000000000010100010011100
000000000100001000111000
000000000100100010110001
000000000100000001100001
000000000011001110101011
000000000011001101011110
000000000010111101110110
000000000011001011110110
000000000011001001011011
000000000100010110100000
000000000010111110010000
000000000010101001100000
000000000011100110011100
000000000011101000101100
000000000010010010110011
000000000010111011100110
000000000011000001110011
000000000010111111101101
000000000010101010010001
000000000011001001100010
000000000001111101110100
000000000010101111110111
000000000011111100111110
000000000011010101011011
000000000100111111101000
000000000011001001010011
000000000011000001110111
000000000100101100011101
000000000100001111001100
000000000010110101010010
000000000011100111001110
000000000011000001010000
000000000010110100011111
000000000011011100000011
000000000011011001111101
000000000011000100101011
000000000011010000101100
000000000011011000011110
000000000001111110000010
000000000011010001100000
000000000001111010001001
000000000010011110101010
000000000010011101101110
000000000010010000111101
000000000010100100101111
000000000010010000100011
000000000001111101000111
000000000001011110011100
000000000001011110011010
000000000010010100010011
000000000010010101100111
000000000011001110100110
000000000010100111111001
000000000001111010001010
000000000100001111100010
000000000011001101000100
000000000010000011100110
000000000010111111100010
000000000100100100101110
000000000101000111111010
000000000011100101011000
000000000100101011010011
000000000011001000001111
000000000100100111000110
000000000011100001111101
000000000011000111100001
000000000100010001110110
000000000011110010010011
000000000101011100010010
000000000101010101001111
000000000011110100110001
000000000011001110111101
000000000010100011101100
000000000011001110111101
000000000011010110011100
000000000011001110011000
000000000100101001011111
000000000100000000010011
000000000100101100101001
000000000010000011110010
000000000010101101001010
000000000011100110110010
000000000011100110000111
000000000100001110000111
000000000011101010111111
000000000100000111001011
000000000100111111011000
000000000101000011010101
000000000101011110110100
000000000100000100010111
000000000011110110010100
000000000101000000100011
000000000101011110100011
000000000101010000111000
000000000010101110110010
000000000100111110111100
000000000011001011101010
000000000010111101100110
000000000101000111111010
000000000110001100111000
000000000011010011111110
000000000100111011110001
000000000011011001101110
000000000100000110100110
000000000010001111011000
000000000010110110110000
000000000001110101101100
000000000010101010010000
000000000010011101010010
000000000010010111101111
000000000011100100111011
000000000010010011101110
000000000010011100110010
000000000011010010101101
000000000011101011001000
000000000010111010001100
000000000100000100011110
000000000100010101000101
000000000010111000110001
000000000010100100100001
000000000010001101100000
000000000011101101110101
000000000011110100100101
000000000011101111101011
000000000011111101001001
000000000011000001101111
000000000011001001110101
000000000011001101101110
000000000011100011010011
000000000011111111010110
000000000011001100100000
000000000011000110001111
000000000100111000010100
000000000011011000000101
000000000011000110111000
000000000011010011011011
000000000011111000111110
000000000011101111010101
000000000010110011001110
000000000010000011101001
000000000011100000110001
000000000010010111001010
000000000011011001011101
000000000010100110100000
000000000010111001000111
000000000100111010011011
000000000010001110011110
000000000011101101100000
000000000010000000100101
000000000001100001111101
000000000010010101111011
000000000011010001001100
000000000011011101101101
000000000010111100101111
000000000011000010010101
000000000010110000010110
000000000010000010101110
000000000011011001101101
000000000010100000111001
000000000010111100111101
000000000010001100011011
000000000011000110000100
000000000001110101001101
000000000010011000000011
000000000011001101011011
000000000011010010100010
000000000100000110000001
000000000101110100011111
000000000100110000010011
000000000100110011101011
000000000010110101100100
000000000011010110111100
000000000100110011111011
000000000100110100110101
000000000100001111110111
000000000011011001111010
000000000010110101010000
000000000010100100110111
000000000011010111110101
000000000010101000000111
000000000011011000010111
000000000011001011000110
000000000011011010000100
000000000010111110110000
000000000011100000110011
000000000010001100100101
000000000011001100001011
000000000011011010011011
000000000011100011111100
000000000010010101011101
000000000010001101000011
000000000010101001011111
000000000010010111011110
000000000011101000110101
000000000001100100100011
000000000001100010100010
000000000001110100100010
000000000011001000101000
000000000001110101101000
000000000001010000101010
000000000001111100110110
000000000001110011010010
000000000010011101010001
000000000001110000101110
000000000010000001110101
000000000010100100111011
000000000011010110100000
000000000010111110100100
000000000010001110001001
000000000010001010000010
000000000010011101011100
000000000001010101000110
000000000010011101101100
000000000010001111001001
000000000011010011001001
000000000010011010010001
000000000101010111111010
000000000100000101010100
000000000011010000110101
000000000011010010000110
000000000100101010100011
000000000100001110101010
000000000011011111101001
000000000011011110011001
000000000100101001110000
000000000011111000100100
000000000101010101011010
000000000011100000001111
000000000011111011000011
000000000011100010100101
000000000010111010101111
000000000011010100001111
000000000011101111001100
000000000010101011100001
000000000011011010011111
000000000010101001111101
000000000010110010010010
000000000100001000110101
000000000011011000010101
000000000100001101000000
000000000001101010100111
000000000010010101011111
000000000011111100000000
000000000011011001101101
000000000100011001001011
000000000100100110001110
000000000010000101110000
000000000100101001100111
000000000010100100010001
000000000010001001001101
000000000010100010111011
000000000011101111110100
000000000100000100000000
000000000101100010100000
000000000011010000110001
000000000011111011001000
000000000101011101101001
000000000011100010101110
000000000010110011100000
000000000010111000011010
000000000011010000111111
000000000011100010010010
000000000010001100101101
000000000101000000110000
000000000010011100010100
000000000011101011101000
000000000100001000010110
000000000100000101011010
000000000010010111111110
000000000010111011111110
000000000100001001000001
000000000010111000101001
000000000011111111110100
000000000010110100010010
000000000011101110010001
000000000010111011110100
000000000011011010010000
000000000011100110100011
000000000011000011010011
000000000011010111101001
000000000011010100010011
000000000011011011111001
000000000100011010111000
000000000011100010000000
000000000011001000101111
000000000010010111010111
000000000011001111111100
000000000011110110101101
000000000011010000111011
000000000011010110110101
000000000100001110110001
000000000100001000110110
000000000011111101101010
000000000011011010001100
000000000010111110111111
000000000011101100011000
000000000100100001011111
000000000011111011110001
000000000100101111000000
000000000010100100000111
000000000011101001100011
000000000100100010000000
000000000100000110001110
000000000100100110100000
000000000101100010001000
000000000010000110101000
000000000101100111000111
000000000100000100000101
000000000101010010100110
000000000011011010011011
000000000101110010000000
000000000100010011000011
000000000011101110001010
000000000100100000101001
000000000011110100001001
000000000010000000010111
000000000101001001000010
000000000100011000110010
000000000100010011011110
000000000011010100000011
000000000011100110011001
000000000100011101100110
000000000011110001000101
000000000011010011101011
000000001000000101100010
000000000101001000111101
000000000100101001100100
000000000100001011110011
000000000101111111111101
000000000100110110111011
000000000100110000110011
000000000100001110101101
000000000100110100011111
000000000101101001000010
000000000010101110001110
000000000100010101100000
000000000011100010010010
000000000011100110011111
000000000010010111011110
000000000011000111111010
000000000011001011111000
000000000011011101101010
000000000010110111011111
000000000100000010010011
000000000001100100001000
000000000001111010111010
000000000010100100001111
000000000001100001100100
000000000010010000001100
000000000010001101111001
000000000001011000001100
000000000001111001001101
000000000001011000101111
000000000010011111100000
000000000001111011111000
000000000010010111101011
000000000001100001011000
000000000010010101111111
000000000010010010000010
000000000010111101110100
000000000010000100011111
000000000010010111101011
000000000010001000010100
000000000001111101010000
000000000010011000111111
000000000011001000111111
000000000001110110010101
000000000011011010010001
000000000100011100111000
000000000101110110010011
000000000001110100100110
000000000011001111000010
000000000011001110010110
000000000011000111100100
000000000010100010000000
000000000011001011011100
000000000011101000100001
000000000010100111001101
000000000010010000001001
000000000100000001111000
000000000010001101111100
000000000010110011000101
000000000011000010000101
000000000010110101100111
000000000100101111100110
000000000010101111100100
000000000010100101001100
000000000100001011000111
000000000011111111101111
000000000011100110000110
000000000100001011001101
000000000100101011110100
000000000011011011110101
000000000011111010100101
000000000010001100011100
000000000010100001010001
000000000010000111001001
000000000001110111100010
000000000011011011111000
000000000100010011000100
000000000001111100001010
000000000011011000000111
000000000010011110000000
000000000011110100011101
000000000011100110110110
000000000011111000000111
000000000100101011000000
000000000100100011001110
000000000100000100001001
000000000011110111101001
000000000100101001111001
000000000100001011000101
000000000101000011001001
000000000100010101100011
000000000010110110000000
000000000011010010101010
000000000011010000001001
000000000100001101100111
000000000100111101010111
000000000110001110011111
000000000011101010000101
000000000011011000011011
000000000011010011110100
000000000100000001000000
000000000011010000100100
000000000011100101001110
000000000100000000010100
000000000100011011010000
000000000011100010011011
000000000011110010100110
000000000100010010010000
000000000011101010010000
000000000100011110001001
000000000100000011101001
000000000011101011101000
000000000010111111110000
000000000100101100001100
000000000100111001100100
000000000100100011101110
000000000110000000110100
000000000101101101101011
000000000100101010001010
000000000011111010100000
000000000110100011100110
000000000011011110101001
000000000011111000111010
000000000100110111000001
000000000100011010011001
000000000101000000000001
000000000011001110001101
000000000010111101001010
000000000101010101111011
000000000011010010000011
000000000100100001111110
000000000000111011001100
000000000010001000010110
000000000001101011100011
000000000001100111001011
000000000001010110100100
000000000010001011001000
000000000010000111001010
000000000001011100001011
000000000001110001110001
000000000001101111111001
000000000010011100111010
000000000011010001001100
000000000011010001110011
000000000100001110110101
000000000011010010101110
000000000011010001011000
000000000010111001011101
000000000010111000010110
000000000100000000010011
000000000100000100101101
000000000011100100110010
000000000011111100101101
000000000101101101101111
000000000011101110000100
000000000101000011101010
000000000100000111001111
000000000010110111101011
000000000101110000000001
000000000011111011111111
000000000100011001011000
000000000011010111011111
000000000011001011110110
000000000010000110110100
000000000011111111100011
000000000100101101110010
000000000111010001110110
000000000011000111000000
000000000100011001100101
000000000010111011111101
000000000010100110001011
000000000010001101111011
000000000010010001100000
000000000100001001110111
000000000011011000101100
000000000011110101100111
000000000011110110100100
000000000010100100000101
000000000100001000001110
000000000011100000111111
000000000100101011001000
000000000001111000001011
000000000011000010001111
000000000011000110110100
000000000100001001110110
000000000100100001100100
000000000100000000000010
000000000011001110101000
000000000100000101111001
000000000100111001100111
000000000011100111111010
000000000010111101001101
000000000011110111111101
000000000010010110000001
000000000100001011001001
000000000010010111110101
000000000010101011101011
000000000011001101111100
000000000100010100000010
000000000100010111001001
000000000100000000010110
000000000011101111011111
000000000100100111001111
000000000011101101101101
000000000011101110100001
000000000100010110110111
000000000110110010000110
000000000011100000000111
000000000100011000100111
000000000011111111111011
000000000100101101100100
000000000011101010110001
000000000011101011100011
000000000010110101001010
000000000101000011101101
000000000100101001111010
000000000101010000000001
000000000010010101010110
000000000011010100000100
000000000011010001101010
000000000011110101001101
000000000011001110111010
000000000010100110110010
000000000011101000111010
000000000100001110100010
000000000011010110011011
000000000110100010110100
000000000010110100101001
000000000101001010001001
000000000011110100101000
000000000100101001011011
000000000100111100110111
000000000101101011001001
000000000111001100001010
000000000110101100011100
000000000100011100110110
000000000111001101100010
000000000100110100000100
000000000101110001001110
000000000101010101100101
000000000010110010011010
000000000100011001000110
000000000011000011101111
000000000011010011010111
000000000011001100101000
000000000010110011010010
000000000100010011011010
000000000011000010011100
000000000010001110011100
000000000011000010110011
000000000011100000100001
000000000100001111111100
000000000110100111110110
000000000011100111001111
000000001001011010011000
000000000111010110111100
000000000100000100111100
000000000100101101110101
000000000101001011111100
000000001001000100110100
000000000111100110101000
000000000100010010010100
000000000101000000011001
000000000010010110011010
000000000011000011001000
000000000011101110010100
000000000100011000001001
000000000100001110001000
000000000100010010011101
000000000011100111000100
000000000101001101001111
000000000011010000011110
000000000010100110001110
000000000011010000110111
000000000011011010100011
000000000011001010110001
000000000011100000110101
000000000011111100000110
000000000011101010000110
000000000010100011101110
000000000011010110110001
000000000101010110100001
000000000010100111000100
000000000110001011100111
000000000100100111001110
000000000100011000110010
000000000101100100101100
000000000011110111011010
000000000110000010110011
000000000011100010100010
000000000010111000110001
000000000001111010101011
000000000011000100001000
000000000001101111011100
000000000100011101001100
000000000010001111000110
000000000010000101101111
000000000010011011101100
000000000011000111000110
000000000010100011101010
000000000011110000110010
000000000110101101100010
000000000011000111100110
000000000011101010010111
000000000011111111110011
000000000100001000111101
000000000011010000001011
000000000010110111001001
000000000100101011100100
000000000010101010001011
000000000010011010011101
000000000010110110000010
000000000101101011111001
000000000011100110010111
000000000010110010110001
000000000101001000111001
000000000011110101001101
000000000100010100110111
000000000110101101111111
000000000011110010110011
000000000011010001101100
000000000011101100100100
000000000110000100101011
000000000011010100110110
000000000110111010100000
000000000100010000110001
000000000011100001010010
000000000011101011011011
000000000101101001101010
000000000101010011011010
000000000101101010111001
000000000101001010101110
000000000101111011110011
000000000100000011000110
000000000100011000000000
000000000110010000101111
000000000010101111001101
000000000011101110010110
000000000101010011101001
000000000100101010110100
000000000100110110001011
000000000100100110000110
000000000100100000101000
000000000101100110111101
000000000101101011001100
000000000101000110100000
000000000011101100101000
000000000101000001111011
000000000100110101110111
000000000101111010010111
000000000100000011011110
000000000100011110111110
000000000011000011111111
000000000011101100101100
000000000011010101111001
000000000010011100111101
000000000010011010101011
000000000011010001001001
000000000010011011100010
000000000100010001010110
000000000001111110110100
000000000101011100100010
000000000110110110011011
000000000011001010100101
000000000111101001101101
000000000100101010110100
000000000110101001100110
000000000111100110101011
000000000100100101011101
000000000110001110010110
000000000101100110100111
000000000011110001000011
000000000011110011011110
000000000010001110011001
000000000011010010001111
000000000010110011000101
000000000101010010000101
000000000010101010101100
000000000011011101011110
000000000011100000100110
000000000011100000101001
000000000101110100100010
000000000100001011110011
000000000011100010101011
000000000101010010101000
000000000101000111100011
000000000101010000101000
000000000100101111110010
000000000100001111111111
000000000011100011011111
000000000100101011001111
000000000011000011001010
000000000100000100101110
000000000011101001000010
000000000100001100000111
000000000010111011011010
000000000011110101110110
000000000010100000101100
000000000010101000110000
000000000011011011101110
000000000011011011001010
000000000101011011101110
000000000011100101111100
000000000100100100001100
000000000110000101101001
000000000110001110100110
000000000110011110011110
000000000100111000001110
000000000101001111011010
000000000100000111000100
000000000011011111110011
000000000100000110111100
000000000111000011001011
000000000110110110000010
000000000010100001010111
000000000011100011010011
000000000111100010111101
000000000101111101000111
000000000110011000110001
000000000100000111110101
000000000110000111001101
000000000001111011011000
000000000010000111011111
000000000010001110011011
000000000010001000001011
000000000001110011110110
000000000001100110001010
000000000001010010100101
000000000001000100100110
000000000001110011001110
000000000001110001100110
000000000100010100110001
000000000100111111000101
000000000011110110100101
000000000101101111110000
000000000101101100011110
000000000010110100000001
000000000110111010000010
000000000100011111111101
000000000100101111001001
000000000011101011111001
000000000010110000001000
000000000011000100001101
000000000100000111010101
000000000101000000111000
000000000010111111000101
000000000100100011110111
000000000100011011100110
000000000010100110000001
000000000100100000101111
000000000011000100111001
000000000101000000101000
000000000111010001100111
000000000011110101110110
000000000110110101000011
000000000101111011110111
000000000101100010000011
000000000011110010011110
000000000101111110010001
000000000111001101101011
000000000111011001011000
000000000011011100010010
000000000010011011001100
000000000010010000001010
000000000010101011101101
000000000011100001100100
000000000010011100011101
000000000010011101111001
000000000010011100101111
000000000011010111100000
000000000001110100110111
000000000011001011010100
000000000011000101101111
000000000111011010001101
000000000100000010010010
000000000110001101100111
000000000011110011000100
000000000011100010100011
000000000101010001001010
000000000100010101110010
000000000110110101111101
000000000100110010100111
000000000011110101111100
000000000010101101101100
000000000101000001000111
000000000100110000000011
000000000001110110000011
000000000010100011101001
000000000100111000110111
000000000100100111101100
000000000011100111001000
000000000100100000011010
000000000100001110100110
000000000100100001110100
000000000011100000000100
000000000100101001111010
000000000010011011001011
000000000100011100101110
000000000100010111110010
000000000011111101000100
000000000011011010110100
000000000100001100010111
000000000011011010010010
000000000101100100011110
000000000010110010100110
000000000110000101100001
000000000010111100001111
000000000011100001011101
000000000100110000101111
000000000100001100000100
000000000100010010111001
000000000010101010111010
000000000010000001100010
000000000001110101100110
000000000010011101011001
000000000010001011101011
000000000010110111000101
000000000010010011110001
000000000001111011111111
000000000010100001000011
000000000010001111010111
000000000101111001011111
000000000011101101010010
000000000011001011001011
000000000110010111011100
000000000100000101010010
000000000011111101010100
000000000010100111100100
000000000100000111000010
000000000011001001001111
000000000100010011010001
000000000100110000100101
000000001000011110010011
000000000100001010000101
000000000111110001111111
000000000100100011111110
000000000011110001000011
000000000100100111101110
000000000110111000110001
000000000111000100111100
000000001001010110101110
000000000010101011111101
000000000100011000011110
000000000011011111101110
000000000011010011001101
000000000100100101010011
000000000101010110111101
000000000101100101000111
000000000010111001110101
000000000100110110001000
000000000011110001101001
000000000100001101100001
000000000011110111101000
000000000101100110101100
000000000101101101111010
000000000111101000011101
000000000110111010101001
000000000100011111000011
000000000101111001000100
000000000101101111001100
000000000111011101100000
000000000011110101110001
000000000011010010110101
000000000101010100001110
000000000101000110011000
000000000101011101011000
000000000100011111010110
000000000100010000011100
000000000101100110001001
000000000011101111011100
000000000100101100100110
000000000100011011111110
000000000100000010001000
000000000011001000100100
000000000011100111010110
000000000011011001010000
000000000100111001110111
000000000011010010011101
000000000011110111101010
000000000011000101011111
000000000100010101010000
000000000101111111000101
000000000011110011111001
000000000011010111000100
000000000100101110100001
000000000100001110001001
000000000100000101000000
000000000100010110010000
000000000100010110010000
000000000011010101011011
000000000011101101111101
000000000100011100010110
000000000101100010111101
000000000101110111110111
000000000100001100010001
000000000110000000110101
000000000111001101110110
000000000011110010000111
000000000110110001001111
000000000101011110110110
000000000110011001011001
000000000101000001110001
000000000110011010000000
000000000101010010000111
000000000010110110110111
000000000100101110001100
000000000111010011101001
000000000110011011111111
000000000011110111001100
000000000100101001011000
000000000100111000011110
000000000100001011110101
000000000011010010001001
000000000100011011000100
000000000011111001001001
000000000100001111100101
000000000011110100101100
000000000010000111111101
000000000010100101000110
000000000011110100001100
000000000011010010000011
000000000100000100000100
000000000101000001100110
000000000101101100000010
000000000100101101111100
000000000100101111111101
000000000110000011001111
000000000100010001011110
000000000100001010010110
000000000100110111111110
000000000101000011101101
000000000100011000000100
000000000101000110010011
000000000011101011001100
000000000110111110010000
000000000100111111111010
000000000101010110010000
000000000010111010000000
000000000100111100000101
000000000100001010101110
000000000100101010110100
000000000011100110101001
000000000100010110100011
000000000101010010001101
000000000011001001100110
000000000100010000110111
000000000100111110010110
000000000100101101111100
000000000101100001111011
000000000011001100101001
000000000110010000010101
000000000101001001101101
000000000100010101001110
000000000100100111001000
000000000101000011101000
000000000100000100001100
000000000011100001011000
000000000010011001010001
000000000011001000101001
000000000101010000010010
000000000010111100011001
000000000110111111001111
000000000011000011100000
000000000011110011001000
000000000011001001111010
000000000100011101000111
000000000011010101000100
000000000011110001101011
000000000100000000101010
000000000010011010001111
000000000010100011110100
000000000101100100001100
000000000111011101110110
000000000111100101100010
000000000110000011111000
000000000111011000010010
000000000011010101011101
000000000100101110011000
000000000111100010101000
000000000110001111110101
000000000110110111110111
000000000100100011100110
000000000101000010101100
000000000011001101011000
000000000011100100001001
000000000100110011101111
000000000100100100100010
000000000100100100001010
000000000110001001100001
000000000011100011000010
000000000101111001100001
000000000100001010001011
000000000010101101110010
000000000100011000000101
000000000100000101100011
000000000011111010000010
000000000010100011110111
000000000010111110111010
000000000101110100001100
000000000101001111001101
000000000111000011001001
000000000100101101011011
000000000110001100010010
000000000101010000111011
000000000100000000010110
000000000111010100000101
000000000011111100101010
000000000101011111011001
000000000110001010001000
000000000011111111101010
000000000110101001110000
000000000010010100001101
000000000010101111010000
000000000011010011111110
000000000100010110100111
000000000101100100111010
000000000011000011100101
000000000100000101111101
000000000011011011011100
000000000010110100000111
000000000011000011001000
000000000011100110111011
000000000100101101001011
000000000101101001000010
000000000011101010110011
000000000101000110011101
000000000011100011110010
000000000011110100001110
000000000100101001100100
000000000011111000110001
000000000100011001011010
000000000100010101100110
000000000011001100110100
000000000100001000000001
000000000011000110101010
000000000011011010010100
000000000100001011101100
000000000010011110101001
000000000001110100001110
000000000010101001100001
000000000010110010100110
000000000011101110101111
000000000011011101010011
000000000100001111010010
000000000100001010000100
000000000010010010111101
000000000100010111001010
000000000001111111001111
000000000010011010100101
000000000011000101100010
000000000010110010000011
000000000010110001100110
000000000010100010101101
000000000011000000100101
000000000011001000101101
000000000011111011001111
000000000010111100010011
000000000011001011010100
000000000011010111000110
000000000011010100111010
000000000011000001010111
000000000011010010011111
000000000010110101111010
000000000010101011010010
000000000011110110100001
000000000011011001111000
000000000011100100001110
000000000011100010111111
000000000011110001100000
000000000010001101110101
000000000010111111010110
000000000100100111010110
000000000111010010010011
000000000100101101010011
000000000010101010111100
000000001001111100000100
000000001010110101011011
000000000101110011110101
000000001000101101011101
000000000101001000111101
000000000111011100100101
000000000110110010011001
000000000101010010111100
000000000101010011101110
000000000110001001011101
000000000100011010011100
000000000100101110111011
000000000011110110001100
000000000101101011111000
000000000101000100111011
000000000101000110001001
000000000100010000000011
000000000100101101110001
000000000100001011000100
000000000100000011011101
000000000100110111110011
000000000100011111011111
000000000100011100001111
000000000100111000001001
000000000100011010101111
000000000100000110101011
000000000101001101101001
000000000010000011111011
000000000011100010011110
000000000011101000110011
000000000101100001011111
000000000011100011001110
000000000100110110101110
000000000101011001001010
000000000010111001100101
000000000010110110001001
000000000100110110100101
000000000110000000111101
000000000110001001001001
000000000101000001110011
000000000110100111110010
000000000100111110101101
000000000100001110111010
000000000101101000001110
000000000110000010111010
000000000101100001110111
000000000101011111011111
000000000101000100111111
000000000100101110010011
000000000101001110100010
000000000100010110010100
000000000101110011010101
000000000010111111100111
000000000100111100010100
000000000110001000100111
000000000101100010100010
000000000100010101111100
000000000101101010000100
000000000101010001111110
000000000011111011110000
000000000011111100001101
000000000100111110011000
000000000100010011100111
000000000101001101000100
000000000100000101101101
000000000110011101011100
000000000100110100101111
000000000010101111100001
000000000011010000100010
000000000011100000001100
000000000100010001111011
000000000010001001111110
000000000010101110111111
000000000010010110001100
000000000011000011011011
000000000011100011100001
000000000100011001000101
000000000010100000010000
000000000100111001010101
000000000010010011000110
000000000001100101110000
000000000010000010101100
000000000010111001000111
000000000011100010100001
000000000011000001100110
000000000100000100100000
000000000010010011010001
000000000011111011101100
000000000011100000110000
000000000100010101000000
000000000100001110101001
000000000100110011000011
000000000010010011110000
000000000011101011011111
000000000011111100001000
000000000100001011011011
