000000000011001001100000
000000000010101110001101
000000000010101000010010
000000000011111110110101
000000000101011010010101
000000000010111001110011
000000000011001111111100
000000000100001001010100
000000000010111110001011
000000000011100000101010
000000000011111111010110
000000000011101001000110
000000000011100011101111
000000000101011101000100
000000000010001010011111
000000000100000000001101
000000000011011111111101
000000000100111000011101
000000000100010011000000
000000000011110110110101
000000000011000111100011
000000000001110111010011
000000000010000011100100
000000000010011100111111
000000000011000111010110
000000000011001101110000
000000000010010110100100
000000000001101001101001
000000000011011011000001
000000000010001010101000
000000000011010100000011
000000000011100111010110
000000000010101111101011
000000000011011011001110
000000000011111111101100
000000000100010111010111
000000000011010111010110
000000000101000101111110
000000000011001000101101
000000000100111011011011
000000001011000011010011
000000001101111000010110
000000001011010000000111
000000001110100101110101
000000001000010000000000
000000001011111011001011
000000001011001001110111
000000001011101011110100
000000001000101110111010
000000001000000011111111
000000001101000001011110
000000000101100000101100
000000001010101110111001
000000001001110010011100
000000000110101011001011
000000001010100101111011
000000000111010010101110
000000000111100101101010
000000000111110111000100
000000000111011010000000
000000001001000110100001
000000001011010010000001
000000000110010001011011
000000001100011110111111
000000001011001101001111
000000001010010100111010
000000001001110010010110
000000001000101011100010
000000001111100001111000
000000001010101010110000
000000000111001000110100
000000001011101011100101
000000000100000101011000
000000000111100010010010
000000001001010100101100
000000000110110110101101
000000001000100011010001
000000000110111100110000
000000001001000001011101
000000001010001001101000
