000000010101001011111111001000011111110011001110111111100111101011111111100111001111101011001100
000000010111100111111101101100010000000010010010000000001101001000000011010100110000001001001000
111111010000001111111111011101100000000000001001000000001010011111111111011100001111111110110100
111111110100001111111110010101111111111010011011000000100000101000000000011111100000001011000010
111111111100100000000000010011011111111011110000000000011110110100000001100001111111111101010101
000000000111110000000000101101010000000110010000111111111001000100000010111001000000000110100100
111111100100100100000001110111000000000000000001111111011000100100000000101011010000000010010111
111111101000101000000100101011011111111110001000111111101110001000000000111100011111110110001110
000000001110011111111110000010011111111011011101111111110001000000000001100110001111110000000001
000000100101000011111111101111110000000111010000111111110110000100000011100000100000001000001101
111111101000000100000000010111000000001011101001000000011100111111111111101010001111111000100000
111111011001110000000010011010100000000110101001111111110111111000000000011010001111111110001011
111111111111001011111111110001001111111001011111000000010001000100000000101010010000000100101001
000000011010000000000000010010111111111111011111000000011000101000000001101101100000000000100101
111111110110000000000000100000101111111010101100111111110101111000000000011010111111111011011110
111111101100111000000000000010011111110010111111111111110110101011111111011010000000001100000011
000000001010111000000000010010010000000101101111111111110000110011111110011011111111111100101100
000000001001000011111101100110110000000100010001111111110101111011111101011101011111111001101011
000000000101101111111101011001011111111011011001000000011100101011111101101000100000000011000011
000000100000010111111100000011110000000101110110000000000110010011111111101100010000000010100101
000000010001110011111110100110111111111000110010111111100110101100000000110001010000001100110000
000000001001000100000001010001011111111110000101000000001010111100000000101100010000001011111011
111111111011000000000001111000000000001101111111111111111010101000000000111100101111111110110111
111111011010101000000000110000011111111010011001000000010010000111111111010100011111111101101000
000000101001101011111101111011001111110011111101000000000110010011111111010001001111101111010110
000000000100101011111101111001010000000000000001000000001110111100000011010000110000000010011111
111111010011001011111111100011101111111001010010111111111100111000000000110110111111111110000010
000000001000000111111101010100011111111101011001000000101001110100000000010100100000000101011100
111111111110000111111101110000100000000011111110111111010101111100000001001011110000000111010011
000000100001101100000001011101010000000010110001111111010010010000000000001100000000001101110010
000000101000111111111111011011100000001010000101000000011001110111111111011001101111111111011100
111111101111000000000001110010100000000111100001111111011101011000000000001000001111111000100000
111111111000010011111110010000101111111110011101111111010101000111111110010000010000010000000011
000000010010101100000000011100001111111010100000111111101110110111111101101010101111111110011000
000000101011001111111100000010010000000001010010000000100100100100000000010101101111111100011001
111111101110110011111100110010010000000100011100000000001010011111111110100000000000001100100111
000000110100000111111110111111111111111101000110111111011110100100000001111101011111101101101000
111111111111100011111111010110010000000010001101111111110011000000000001100000010000000111110010
000000000011111011111111011000010000001000110000000000110011100011111111011011111111111010000110
000000000110101000000000011111010000001101111110111111101100100100000000000011001111111001110011
111111111011101111111110110100010000000110011000111111111000110100000001111101001111111101111011
000000011100110100000000010100011111110111100111111111110111100100000001110000110000001010011011
000000101101000100000000110000110000000110001010111111101110101111111101111010111111111011100100
111111100100110100000000110110101111111111100010111111100110100011111110101011111111110111011110
111111011011000100000010000000101111111000001101000000100010010011111101001010001111111101000011
111111110111111111111100111110011111110111001000000000010000110011111110101001001111111000010101
111111100101100100000001000110011111101101111010111111101100100000000000100010010000000011110111
000000010110101011111101111001011111110100111000000000110011001111111111010010000000001011011011
000000001110111111111101111010111111111100101110000000001110010100000001001100001111111010010010
111111110111000000000000110110100000000010101010000000001000101100000100010110110000000100010101
111111110000100000000001110111011111111010011000000000001110011011111110101111001111110111100100
111111101100110100000011010111001111111111001010111111111001010100000000101111110000000000100010
000000000110010011111110011011011111111001011001000000101010111111111110111100001111111111011001
111111111010001000000000000011111111111101100011000000001110011011111111101010101111111111111110
111111011110111111111111111111010000000101000100111111100001000000000000010111001111111111100100
111111011010110100000000001110101111111001011111111111110110110000000000001100110000000011011101
000000011001011111111110010110101111111100100100111111100011010100000011001101011111111111001001
000000001101010100000001010100010000000000100110111111100101101100000001001101110000001100111000
000000010110111100000000000110010000000110011001111111110010111000000001011001011111111011011001
111111011000010000000001100000110000000100000110111111110010110000000000100001101111111000011111
000000000111110000000001011100100000001010100000111111111110011000000001101100011111110001010000
111111110000011111111110111100110000001001010111111111110011001000000001101001001111111011001001
111111110000110100000000110001001111111100000111000000000100001111111111001100110000000011001101
000000010011001100000001001001110000001010010100111111111100010111111111010001001111110011100000
000000101011110111111101100011111111110011111010111111100100110011111110000101011111110110011010
000000001100101111111110010110010000000001101011111111111001111000000010111100100000000100101001
111111010000000011111111011000100000000011011100000000011111010000000000111110001111110101110000
111111010100011111111111101101110000000100111001000000001010110011111111100010110000001101001111
111111111000111000000000110110000000001000101000111111110110011011111111011011111111111010110011
111111101100010011111111100110010000000011011000000000101111001100000000101011001111110110111011
111111100100100011111111101110111111111110111111000000011110111011111101110111111111111011010110
000000010001000000000001011000010000000000010011000000000111100011111111110100111111111010111011
000000001001001011111110011011011111111110011111111111001000000111111111100110110000000110100101
000000010100101100000000101110101111111000001110111111111111111011111111111001000000000100010110
000000010011100011111100011000100000000010001001000000010111011111111111010111101111111110110001
111111101100110011111011110000100000000011000010000000011011000011111111010011100000001000011100
111111111100001011111110010101111111111100000110000000000000101111111100111011101111111001111101
111111101101110111111101111000000000000001101011000000100101110000000001100001101111111011001010
111111011011111011111111010100101111111101011001000000110010010111111110100010101111111001001111
111111110000100111111111001101011111111111010010000000011001111000000000010110010000010011000011
111111110010001111111110111000000000000110111010111111011110111011111111101001110000001111101010
000000011111010000000010001000110000000101001111111111100001000011111110000100000000000001011001
000000011011000111111101111000000000001000010001000000101000000011111111111001011111111011101110
111111101111010011111111011011110000000111111100111111111000001011111111100011011111111010000001
000000001000100011111110101110110000000001110100111111011100110100000001100110100000000001000101
000000001111000000000010010101000000000100111110111111101110000011111110101101000000000111100010
000000010011001100000000011000010000001001100101000000011001000100000000100111001111111010110010
000000001000100100000100000000000000000000100001111111110101010011111110001000101111111011000001
111111110001001100000011001111010000000011000100000000100111001100000001110010100000000111111011
111111101111101000000001111110001111111001101011000000000000001111111101110000000000000010110001
000000010101011000000010011111111111111110100101111111000111110100000001010011110000001011110101
000000001000000000000010101110011111111011010100111111110010100100000000101011111111101110010000
000000101001110111111110101110000000000101001010111111010110100000000000110111001111110000011100
000000010111110000000001001001000000000101011000111111100101001000000001010001000000000010111101
111111111011011111111111010010110000000110101001000000000111111011111111010010001111111011010011
111111101101011111111111110100000000001000100010111111111011101000000000001000011111110100110111
