111111100100000100000000110101110000001011010101111111101101100011111110001111010000000110010110
111111111101010000000001001000100000000101011101000000001000101000000000110100001111111010101100
111111111000000000000001000110001111111001001111000000010011001111111101101010110000000111011001
111111010011101011111110111100010000000001110100000000001111010011111110000101101111111001100110
111111101101111111111111010001100000000011011011111111011101111011111110110110101111111101110111
000000000011010011111111011101000000000101100101111111111100011000000001110001111111110111101001
000000011010110000000000001010101111111111011011000000001101001011111110101111000000000001110101
111111011001001111111111010110010000000010011011000000001010110111111111000101111111110100011100
111111010010000011111100101001010000001011010101111111001111111100000000011101100000001011101101
111111111111000011111111010101010000000110101110000000010110110000000001001100011111111111111010
111111100010111000000000111011101111110110111000111111110100100111111100010000000000001011111011
111111010001001100000000011100001111111100110000000000000001110011111111100011001111111111011111
111111110111001111111111010001010000001010010110111111111100101111111101110000010000000001001101
111111111110111111111111010111000000000001110110111111101100000100000001010101101111111001010111
111111011011100100000001011100001111111011100110000000010000100011111110001111010000000100110011
111111010100011100000000010101001111111010011011000000101101100000000000011111001111111101001110
000000101001000000000010011001101111111110110001000000011001001100000010110110001111111000110000
111111111100100111111111010001010000000011111001111111100010100111111110001111000000000011100110
000000011111011111111111110101000000000000100001111111110110010100000001110011011111111010101110
000001001001000011111111101111101111111000100000000000000100111000000011000111100000000100101111
000000000111101011111110110010011111111000100011111111110010100100000000011001011111111101010110
111111101000001011111111011010000000001001011000111111100101010011111110110110101111110101101001
000000100000000011111111110111000000001001111100111111100010000011111110111100110000000001110101
000000100101000011111111000101000000000000001010000000110010111000000010000001000000000011100011
111111101000000111111111110010000000000000001010111111100100010111111111010000001111111100001111
111111111110010100000011010010111111111000110110000000001000001100000000000011110000001000110011
000000001010011111111110111110010000001001101111111111110010000011111111000000000000000011110010
000000100110001000000000010001011111111111100001000000000001111011111111111001110000000111101110
000000010101010111111111000010011111111100011000111111101010010000000011001101010000000110111111
111111111011110111111110011001000000001111101111111111110101101111111110100100001111111011101010
000000010000011100000010100001010000000100111101111111110011100111111110100110001111111010100010
000000100011100100000000001000011111110101010110000000001000100000000011010111100000001000110101
000000010000100100000000011010111111111010001101000000011111010000000001111110101111111110111111
000000000010110011111101111001100000001011111111000000001010010011111100010110110000000010000111
111111111011110100000000100101111111111010010010000000000100110111111111111001111111111111111100
000000111101100000000000110100001111111100100110111111100011100100000010100001100000001010111010
111111001011001111111110011001000000001011110000111111010111011011111111001010100000000001010111
000000010100100100000000010010110000000011101000000000011001111000000001011010100000001010110110
111111100010101000000000000101001111110111011001111111101011010011111101010001010000001110011100
111111011010011011111111110100001111111110101010111111110010110011111110110000110000000000110100
111111111110001111111111011110101111111001110111000000001011011100000011101000100000000001011001
111111111110110011111110010101000000001100010110111111110000110111111110100110100000000011111011
111111111110010111111111100100001111111010111010000000000101001111111110000110010000000001000111
000000100001011011111110111010001111111001110111111111111101110100000010011100000000000011110100
000000100100111100000011110000011111111111011101000000001110111111111111000011101111111010101010
111111110010101011111111111110011111111101011000111111010100101111111111001100101111111001111011
000000100010111011111110011101000000001101111101000000010000011100000011100101001111110111111110
000000011101000011111111110110010000000001000000000000101011110000000000001100001111111000111100
000000010011011100000001101001110000000001110011111111011101101100000000100100101111111110000010
000000001001111111111110010011110000001100110110111111011001001111111101010110101111111000010000
000000011011001100000000110011100000000100010011111111101110110011111101100100101111111100010001
000000011011100011111111110010011111111100011000000000101010101100000010100001010000000010111111
000000001101110011111111111101000000000010100100111111110011101100000001001010000000001001000011
000000000101110011111110101111110000000001100100111111010010101100000010001010011111111110001010
111111111000101100000001000110111111111111010011000000000000010100000000010000110000000001101110
000000000001111000000000010101001111111111010111000000101000011011111111010010101111110101011000
111111101100001111111101001000000000001111100101111111111010101000000001011100010000001100010001
111111110101011111111111010000100000000000001010000000010110010100000010011000101111111100011111
111111010000101000000010000000001111110011000001000000100010010011111110101101000000000101001110
111111010011100111111111110110001111111010001001111111101000111000000000010101111111111110010110
000000010001010000000011011010011111110101111111000000000100100000000000101011101111110100001001
000000001111000000000000100110111111111110101100000000001011011011111101000100100000001100000001
000000100001000011111101110110110000001001000011111111100110101100000000001011110000000101101101
000001001011000000000000001101011111111011101010000000011011110111111111101101000000000100101100
111111101100100011111111001010100000001001010010111111001110111000000001010010110000000111000110
000000001001000000000000000101110000000110100100000000001100011111111111110010011111111011001011
111111110000000100000010100000001111111100011010111111110101011111111110110000010000000110001111
111111111100010100000000001110001111111000010101000000001100100011111111101101100000000010010100
111111100110101100000000000100000000000001010010000000000001011011111110110111101111110111011111
000000001000001000000010101010101111111011010110000000011100001100000001011101000000001101101011
111111111011000111111110110010110000000001110010111111100010111100000000100111010000000010000111
000000001001100000000010011001100000000101011101111111100011111111111101011110110000000111100011
111111101000111011111101011011100000000010000010000000010101111100000001110100010000001000010101
000000000111111111111111101001000000000000001100000000101010100111111111101101010000000110111110
111111100101100011111111110010111111110111000100111111111110100011111111100110010000000000100011
111111100000011111111111101011001111111011010110111111000100100011111110011110000000000101011101
111111111001001100000001001001000000000000110101000000000011001011111110100011100000000100001010
000000010011011011111111011101000000000110001110111111100110011000000000100010011111111111010100
000000010101110011111111010100100000000111000101000000000000110011111111011111101111111111010011
000000100100010111111111001001110000000010000111000000101010011000000000101101011111111101100101
111111111000110011111110110000011111111010011100000000000001111000000011000011101111111110011101
000000000010011111111111101101000000000111001011000000010100000111111101100111100000000111011111
000000001011011100000001011001000000000110011000111111010111111111111110000011001111111011111110
000000111000010000000001011000011111111011100101000000000001101000000011010000100000000111010001
111111101000001111111110100110101111110101000000111111110000000100000000101101110000000001100011
111111111011111011111111111010000000000101001010000000001110011111111111100100101111111000100010
000000010011001100000001010001100000000011001101111111011001101000000000011001111111111000110011
000000001100110000000000100011101111111111110001000000001010110100000001110000110000000001110000
000000010100110011111110111101000000001010010000000000000110100011111111011111110000000001011100
111111110001011100000001001011010000000001110000111111110010000100000001001111101111111010111110
111111101000011111111111100101111111111101001111000000011111100000000001100001010000000010110000
111111100010101011111110011110101111111010111010111111111101010111111110110011101111111111111010
111111111111100011111110101010000000000100100010000000000100101100000000001100110000000010000011
000000000001011000000001001001011111111101110000000000011111001100000000111011100000001110110011
111111011001101111111111100111101111110110100101111111110001100111111110111101110000001001100111
111111011100110000000000110000110000000001111001111111010101100011111101100001000000001000101010
