000000000111111111111110101110100000001110000000000000110010110011111111111010011111111011000001
000001000001111111111101110110010000000011001100000000010011111011111101010110000000000010100110
000000000111010111111111111100000000000000100110111111101111011000000011001011101111110110010001
111111101101011000000000001100010000000001011101000000011100101100000001000000001111111000111011
000000001010010111111110000101000000000010111000000000101000110000000001011000111111111011011000
111111111101011011111100110101111111111010000010000000000011000111111110001000001111111011101110
000000011110101100000000011011110000001011110100111111011001110000000000011001110000000100101000
111111000111100011111101011100000000000100100001111111110100111011111110101111100000001011010111
111111100110010000000000000100100000000000000001000001000100100000000001101001001111110110101101
000001001000010011111110100001100000000000001011111111011111001111111101011000000000000000001011
000000001011100111111110101110111111111011001011111111100001010000000100100001110000000100001110
111111100000101111111110111101011111111111011010111111110101011100000001101000110000000111111001
000000001000100100000000111101001111111001000010000000000100011100000001101111111111111111001000
000000001100110011111110010000011111111100100110000000100101111011111110000010010000000100101011
111111110010110000000000001101010000000000101100111111100011101100000011010011011111110101101100
000000001000100011111101100111010000000010001110111111110100001111111111110110101111111100101010
000000100101100000000001000000101111111101011101000000001000100011111100111000111111111011000100
000000000111011000000010001111001111111010010010111111011011011100000001000000010000000000010011
000000011111110100000001011111101111111011010011000000000011101111111101001011000000001000011100
000000110001000100000000010110100000000011010010000000000001001111111111010010001111111101011100
111111111011101100000000101100100000000010110110000000000101101011111110011001101111111011100011
000000000111011000000001101101010000000001001011111111111011111011111111110111100000001010111100
111111111110010000000001110100011111111011001001111111110110001000000010100011001111111100110111
111111111001101011111111010100011111111000000101111111110100101000000100011010100000001101010110
111111110011110111111110000010110000001111000110000000010111000100000001011110011111110111110011
000001000001001111111100101000100000000000101110000000010011011011111100110011010000000000111100
000000000110101000000000011010110000000100111001111111101111111100000010001010011111111100000001
111111111000100111111111001111000000001000011010000000101110001111111111110011011111110111111001
111111101111101100000001010101111111111001000111000000001001011011111110010101101111111110100100
000000010011101100000011101011001111111010100111111111000100000100000001100110101111111001100101
000000001100101011111110111100001111110101111001111111101111011000000000001100100000001011000010
111111100001011011111111111111001111111100000101111111011000011000000001110010100000001100011101
111111111001011000000100001110011111111001101001111111001011000111111101110001100000000000100010
111111101100100000000100101001011111111111111011111111110111101000000011101100100000000000100101
111111100001000011111110100111111111111011010101000000011001110100000001011000100000000001100010
000000010001001000000001101110111111111010110111000000010010010000000010100000101111111101111101
111111100011000011111110110011100000000001001110000000010000111100000000000110101111111100101010
000000101101000100000010110111000000000101101010111111100001111111111110101110011111111100101100
111111111111010011111100111111011111110111110110111111111010000100000011100100111111111100100010
111111100000111000000001111110111111111101000011111111111010110100000010100101100000000100111101
111111110111010100000000011001001111110111100110000000101000110100000001001001111111111101010010
000000000000111000000011100101111111111101001010111111011100110100000000000110011111111100010101
111111111110001000000000110001101111111100101011111111101110001100000000100000011111111111110000
111111011101000011111110111001011111111101110110111111100101011000000000011010100000001010001101
000000001101100111111101011010000000000110001000111111010110111000000001011100000000000001110110
111111010010110111111101110001011111111010000011000000011100111011111110111000100000001000111110
000000000100010000000010010011110000001010001110111111111110000111111101010111001111111100110101
000000011111000100000000000001110000000011110111000000101001100111111101010111111111111110011010
111111011001011100000001110001110000000011011100000000000011001000000001011010101111111101100000
111111110110001100000001011010011111111110010011111111101011010011111111100011011111111111010110
000000011010100000000000010101001111111110101111111111100000001100000001101100100000000011101110
111111011101011011111110011010101111111010100110000000001100111000000000001110110000001111001100
000000000100101000000000010011000000001000110010000000000101110100000000110011011111110000111000
111111101100110011111111000011111111110111110010111111101010011011111111011100101111111110001011
000000001111100000000010001110010000001000011011111111111011101111111100110101100000000011100000
111111110000011011111101010111100000000101000010111111101010010111111111001101110000000110010010
111111111010011111111111111011011111110101100000000000111110100000000001111111011111111101011101
000000100001110100000001101100101111111111110011111111101101101100000001000110111111110101000111
111111111011101011111110001101111111111001011111111111100111101100000010011010010000000010010110
111111101000111111111110011000111111111010010101111111001110101000000000110011110000000110101010
111111100000110111111100011111000000001000011011111111111010100111111101111010010000000011101001
000000000110001011111110100111101111111111101011111111100001010100000000011011011111111111100110
000000100010001000000000111100000000000110100101000000000100001111111101011011100000000000111000
111111111000101111111111011011100000000010010000000000011100011011111111001101000000000000111110
111111101110010111111111111100010000000011111011000000010010001000000001010110111111110001010001
000000110111110100000000100000001111111111010011111111001000111111111110110010110000000001010010
000000000111100111111111010101000000000000100111111111100110011100000010111000010000001010000110
111111100011011111111110100011001111111110011011000000000100110000000001110011100000000000011101
000000010001000011111111100001111111111110001011111111110010101100000000111111000000001001010111
111111101100110011111110101100000000000100111110000000101100100100000000001000010000000110110000
111111100101100111111110010011111111111000000011000000100001111000000001101110111111111000001000
000000110111000100000001100111011111111011100011000000001011110100000001010000101111111010000110
000000010010101000000001010010101111111010011110000000001101011011111111110111111111111110101010
000000101000011100000010000001100000000011101111000000011111010000000010101100101111111111000110
111111011001010011111111001001001111110101000001000000000011100100000100000110111111111001011000
000000101100101000000010000101101111111101100000000000000111100000000011010010011111110111010100
111111011110010100000000010011010000000101110101111111100111111000000000001010110000000011101011
111111100010011100000000000110100000000101001101000000110000011111111111110100000000000101111100
111111110110100011111110101101111111111101011111000000010000011000000011101001101111111010011111
000000000110011100000000000110001111111100110001000001000100011000000000101010101111111000010010
111111111101110100000010101100111111110010101000111111100111100011111101010010011111111111001001
000000001000010100000100011000001111111101110110111111010101000000000010110111111111111011110001
111111110111101011111111010110001111111010101000000000000000001111111111001100100000000100111011
111111111001100100000001010010111111111010100110111111011101010100000001100110100000001000100010
111111111111010000000000001000011111111011001101000000010101101100000000010011011111111100010110
111111110111011100000000000000001111110110100011111111100011110000000000010100111111111100001100
000000010111110000000000011000101111111111110111111111011100110011111111110010000000000011010110
111111010010110111111110100110111111111011101111111111001101011011111111111111110000001110101001
000000000001111011111110010011101111111011101111000000000001011100000000001010100000000011010110
111111001100010111111111100011101111110110001000111111111011111000000000010001011111111100001111
000000100100010100000001110100100000000110010110000000000010111011111100001111110000000000100001
111111111110010011111101010010001111111111111001111111001110111011111110101001110000000100010011
000000000010101111111110111110100000000001000010000000110001101011111110101101101111111110100011
000001001010100011111110101110111111111111011011111111100010010011111110110100011111110101000101
000000001010111000000000000100101111111110100110000000000111101100000001011011100000000000101111
111111110110101000000000101011010000000001101001111111100110000011111111101110001111111110101101
