000000001100010100000010000110010100111101100100010000000010010111101000000000011111001100000011100111110111
000010001111101111111100100011111011111101111001001100000000011110001000000011110101001000000001110010100101
000000000010001001000010011011011110111111110001011101000011111010100000000010111010110101000000000010110000
111111010111010110111110000101010100000010100101010001000001001000010001000011110001010110000100011001110010
111100001000100000111100000101010111111111101001010100111110110110010111111100000001111001000011001110010001
000010011111111111111101010100100101000011001110000100111110100011101111111100111100011111111101100001110011
111100010001011001000001100000001110000011101100000110111111110101101010111100010010101001111110001101011101
000000100011011101111101100111100111111110011101010101111100010010110011111111101011110011000010110011100011
111110110101111010111111011001011000111101011100110001111011110110010000000100000011000100000010011011000110
111111010011111100000011101110001110111110111000010000111011101000101101000011010110011100111111000111100011
111110011000100101000011110011100101000000000001000011000000101111110111111101010100100000000100011111001000
000100001001010011000100000000011001000011110100101000000011000010111010000001110011000110111111001111110010
000010100011110000000001110001000000111011111101111010000010100100110111111100000101100101000010000100011010
111110001001100100111101011111110111000001111000111000000011100101100101111101101111111100000010011111011111
111011100111000110111100010110111111000011111100101000111111000001001000000010110101110100111111011101000001
000011010111000011111011100100101111000001011111110110111101011100001000111111101111010000000011111110010101
000010111011111100111101011101110011000001000011001110000000100010111101111101111110011100111101101100101010
000010000100100111111111010011111010000000010011111001000011101011010001111111110010010100000010011101011000
111100001110110101111110111111001010111100001011011111000100000011011101111100000000000010000000110010000110
111011110101110000000011001110100101000010001011010000111111011110000111000011110001100100000001001000100110
000010000011000001111100011111111101111100001011101001000010110010110001111101000000001001111101110001010010
111111010101010000000010000100101111000000010010110111111111110101001111111101001000010100111110010000100010
111100111101011101000000101011001100000000100000001011111110100100101111111011111001000010000000111011101110
111110000011000011111101101111010000111111111111001010000010000110101101111100011110110000111100110001101011
111100010101001000111100110111100100000011110010001010000011100110000011000001001100001110111100110101110111
000011011001101111000001111010000001000000111001110111000011101111000000111101010111111001000000110110000100
000011110101011110000100001001000000111111011000000110111111001111110100111111001111101001000010010000101010
000010001010000000111101010011001100000011000101010001111011111010110011000001101001000101111110011011111110
111110101100001101000100010000010100111111101100001101000011111011010001111110000011000110111110100001010000
111100000110001111000100000111110100111110110011100000000000011011010101111101000010000111111110110110011001
000010100011110000111100001100110111000010110100001000000000001111110010111101011101011000111101001101110110
000011110100010101111011101101101010111100010110111011111101110100101100000000011000101000000001000101110110
000011111111001111111111011101010000111100001111110110111011101111111011111100111001010101111111000001101110
111111111010101101000000010000110101111100100010001101111011101000111010000000110011000011111101101111001111
000100010011100111000010001101001100000011011100111000111111000110010101111111101110100111000001011100100010
111111000000000110000011000000010010000011111011010110000100010000101111111110010001000100000011010001000100
000010001011101100000000000001001000111111111111000101000001010000100010111100100001110011111101000011111000
111101011000000001111101100000001111111111010010111110111100000001011100111011100111000010000010001101100011
111110100110010000000010101100010100000001011011001100000001101100011110111100001011100111111100101101001110
111101110010111100111101101001000100111101001001001010111100100111001101000011111110000100111111010100011101
000000001111001001000000100101101011111111000010100110000010110101111110000000011000101110000011111000100100
000000010000111100000001011101111000000000001101011011111111010110101110111011111011100000111101000001011110
111110001100010111000011100111010100111110110101011010000001110111001011111011110100100110000001001011001001
000001110001110110000011110000110000111111111001001101111100011001111111111110111101010111111101101010100011
111100101001100000111111111100110011000000001111111010111111011110100111000011100100101100000010000101001111
111110110011010111111100000011010000000000010011011000000010000011011010111100001000101101000000011000001010
000001010010010010111100111010101110111111001001101000111110101110010010000010101010111000000000001001110110
000001110000000100111011110001000001000000111001100010111011101011011101000001011101111000111101110111101011
111110010111100000000011001000110110111011100110101101000011100010001001000000101011110000000000000110100100
000001010111000100111101011100101100111011110011100010111101001001111001111101001000100001000010100000101110
000010110010110101000000100011100001111101001010100111111101000110111101000010100000001111000000110000101111
000011011101010001000010000000010111000100011111100100000001011000110000111011110011001000111110110011000011
111100110100011011000000101011100011000000011000001001000010101010101100111110110010110001111110110011100000
111111101010011011000000001110101001000010100100111110000001100001100000000001010011101111000000010001010010
111110010101000000000010110001001000111101010011010010111011101010110000000000000011101110111111101101010011
000001000001000101111101101000001100111100101010000000111100111000011101000000000100010000111111011110110001
000011100011100110111111011111011011111111001101101100111101110011111111111111011010111001111100111000011001
111101101101110101111011101101010100000000111100001010000001111001000001000000010111111001000011001100101010
000001011100010100111101001001011000111100001010000001000011100011011111111100000000100100000001101111100101
000010000111110000000011100100100100000000110110110110111101010101000010111110110110110001000010011010101011
000011101001001000000001100101100010111111000010000000111110000100010000000000101011110011000011001101101010
111101001011001011000001111101001111111101010000011110111110010000101100111100110011110110000100001001111110
111110111101000011111101101010101000000010001000110011000001011000111101000000101101101100000001010001100110
000100011011101100111110000110100110111100101111000101000011000001000010000011101111000110111110001001001011
111111000100100111111110111110111011111101101011110011111101001110101011111100110111010001111101101011000011
000011000001111100111100101000011010000001101110100001000100000010100100000011010001001100000000110111010110
000000111001100001111011100011001111000001100000011001000100010100101001000100001010111110111110111010111001
111110000111000010111110000101010101000000100111011100111110001111100111000001100011001011000011110101100100
000100010010110011111111101101111001000100000011001011111101011101001011000000101110010101111100101100111000
111111011001010110000001101111100001111101010101011000000001010000001110000000001111111001111101001000000111
000010000100111100000010110000011100111111001101111000000001001000001101000000011111111011000011110101111100
111100111111001000000000111001011101000011100010010101000001111101001011111110010001011010111110001001010001
111100111001100101000100001111101011111100011000000110111110100011110001111101011111001101000010111000000011
111100111010101011111101011011100000111011111100000110000011011000000100000011101001001101000001110110110100
111111111100001011000000001011001100111101111100010111000010010100100001111111001111001110111110010110100110
111110100111110000000010001011000000111110011111010111111100110001010101000001011101111111000000101001010110
111110000111100000111110100111000011111101001111101111000001000111101100111100000001000011111111101011010000
111100101011000101111110001101110111111011100001000010000001111011001011000100011100010110111111001101011010
111111011100111011111100101100110010000011110101101011111100000011101100000000000001000111000001100011001011
000010001010011110111101111011001001111110001101111011111100101001010001000100001011111010000011111010001100
111011101000101010111111110101011011111011100010011100000011000101110000111110010011011111111101111100001010
111110100010001000000010111100110101000001001010011100000000111000000001000010111101110110111101101011000000
000011101110111001111100011110011011000000011010111110111011100011101101000011010110110101111110010100001001
000100010101111100000011010001011111000010100111001100111110000101110010000000110100101100000010010010010111
000010000110101100111110011100100100111101110011011011111110101100000110111110100001101101000100010011011110
111110011100110111111011100101010010111011110111000000111100110000111111000011101011011110000001010111011000
000010001110100001000000101110000100111100010000000110111111101111011101111011110001000010111111011000000000
000011111110010110111101111101001110111110000111001101111100011010011011000011011100001001111101011010001010
000000110001001101111100101101101011000010110110001111000000001010110001000010111100101000000010010110100100
000100001111100110111110001110101111000010101110010011000000001111001101000001110000100100000010011001110010
000000010001000111000001011101101111111110000101100110000001100110000110000011001001001100111101011101100100
000011110101110000000011111011000010111101101000111001111100110001100110000100010110011001111011111000110111
000001111110001111000011101100110101000100010010011010000011101011110011111101101111011111111111100011011011
111100100010101000111011111010110010111110001011010111000011001100100001111101110110000110111111110011001011
000001000000111001000001000011001010000010111011000100111111011000100110111110111100110010000011110011111000
000010010101011001111100110111110011000100001111000001111110100111101001000010110001000011000010110001001001
111011101111100110111101010110011011111101100011101001111101011010110011111101111101010101111011101000010101
000100000100111001000010010000100100111110011100011100000010000110111100000000100000000110000011110011110101
111110101110011001000001010000000000111101000001110010111100101110100010000001111000011110111110011111011001
111111011110100111000011110001111010111100001000111001111101110100010001000001100110010001000000001110011110
000010001100110100000010100010000110000011101111101000000000000000100100111111010011111001111100010010011111
000011100111010011111111100000101001000010101001101101000000111110100111111101111101100010111101101000101001
000001101110111000000010111100110101111110010011011011000011111110110010111111001000001010000100011001010001
111011100100000111000011000110110011111100100101011101000000000000100101111111110110011100111111001100100101
000001100100101101111110010011101100111111011111001111000011100011111101000001110100101110000001011100100111
111100100000101010111101001110101000000010010111001010111011100001001010000010100110011100111100000011011011
000000001111011000000001111011100111111111000001111000000010100100011101000011010110111001000010101010000101
000011110101000001111100001100011011111101010001001010000011000010111101000100010110111111111111110111001110
111101000000100001111100100100010111000010111100111011111110000110001010111011111000111000111100010010111011
111111100001101011111100011000010111000001011101000000000000101101101111111110110111110010111011101000101111
111101110101111110000010001011001100111101010100110000111100000110101111111011110010111111000001000111010000
111101101100100011111111001000101111111011111000111111111111000010111011000010010011000010000011001011000101
111101011111000010111101001000000010000010010100001000111100010001100011000001101101001100111111101101010001
000000111000100100111111011001010100000001001010011100111101010011001001111111011101100001111111000101100100
000010010000100110000011000010101000111011110111110110000100010010010010000100010010101000000011110000110110
000010010101000110000011110010110010111111000110000100111110011000011011000011001001010110000100000000011110
000000011001100111000010110011111010111101100001010100111100010001011001000001110010110101111011110000001110
000000100110000011111011101001010011111100110110011111111100011111011011000001101010011110000001100100000100
111101000011100000000000101000101000000001011001111101000100010101100011111100001111110100111100001101100001
111111111001110111000000100011011011000010011111000110111111110101010001000011000001101000111110010010111000
111100000010100101000010111111110111000000001110101011111100100111011011111100011001110010111101010100011000
111101101010000000000000100111010111000001110111101000000011101100111111111101000110001011000011100000010001
000100011001110110000100000001001111000011001010111011000100001000000101111110101101000010000100001001110111
000001101011111100000001011110111001000011111000011101111101011111111010000010110110001111000011100010010010
000001000110111100000011111111011011111100001111101000000000111000101011000010110011010100000010101101010100
111110100011111111000011101101001111111110101001000110111111000000001010000010100100101001000100000101101100
111100010101000011111110001010100110000000001100101001000001111110000000000010011011101011000000111111000101
111101101100011101000001010110101011000001000111011101000001100101000001000010110111101010111111010010110100
