23,10,28,29,13,18,
11,27,0,7,15,24,
5,5,15,4,29,11,
25,22,12,16,7,25,
11,11,28,22,1,17,
28,3,21,25,17,6,
5,25,0,14,29,9,
28,6,26,9,16,24,
9,14,0,10,10,0,
26,9,9,9,0,13,
29,25,26,25,15,26,
24,5,28,20,1,25,
22,19,2,17,15,6,
26,15,7,19,19,14,
18,15,14,26,25,2,
18,27,13,9,25,5,
16,14,3,23,29,1,
25,19,21,17,2,10,
16,11,22,29,9,8,
13,8,21,4,13,9,
20,17,16,5,7,15,
17,25,1,17,7,10,
0,10,26,29,4,22,
9,17,29,23,4,25,
26,18,14,11,25,6,
12,7,8,14,0,28,
13,3,21,24,18,13,
4,8,2,17,2,5,
9,11,11,18,7,7,
19,19,3,1,18,29,
25,6,18,17,8,26,
8,8,15,11,25,29,
23,24,19,9,5,19,
16,6,21,30,26,0,
11,28,15,13,27,3,
28,20,9,25,28,22,
24,14,29,8,29,16,
22,28,22,20,23,25,
27,22,13,9,9,13,
28,18,17,23,9,0,
25,29,0,28,6,29,
21,25,25,3,28,9,
6,18,15,9,15,27,
30,5,28,27,0,10,
25,25,6,5,12,25,
17,3,2,13,0,17,
14,13,11,28,12,28,
9,27,12,23,21,25,
14,15,15,12,30,25,
25,28,4,27,6,21,
17,7,3,19,14,17,
13,27,9,0,13,30,
6,25,30,23,20,10,
30,6,5,8,30,8,
7,23,4,11,27,5,
4,11,6,16,7,24,
24,1,30,10,12,26,
14,19,6,14,29,6,
27,8,2,5,18,13,
11,17,20,18,23,28,
16,18,8,19,5,29,
10,17,1,14,12,15,
27,13,13,15,7,15,
23,15,23,25,24,13,
6,17,9,26,19,2,
29,7,7,10,1,2,
4,22,15,4,15,27,
6,22,16,30,7,14,
17,19,2,9,30,13,
23,29,13,28,21,22,
29,14,21,13,18,14,
2,3,1,2,27,1,
22,27,27,10,18,7,
29,15,8,0,2,21,
17,19,16,8,0,21,
14,21,11,19,4,19,
13,15,25,0,10,19,
11,13,2,6,0,10,
16,7,2,29,23,21,
23,2,5,9,10,27,
16,11,1,28,30,8,
2,23,28,0,16,14,
25,19,12,10,15,1,
7,14,17,6,12,17,
28,30,2,7,3,25,
15,16,7,25,28,19,
13,4,8,16,18,8,
11,0,19,15,7,16,
0,15,19,7,3,11,
30,27,10,29,23,27,
4,28,30,11,28,17,
15,23,19,3,11,3,
29,13,26,21,22,14,
28,23,10,28,21,11,
1,21,3,19,24,22,
14,16,16,18,15,29,
5,9,2,13,8,26,
30,6,23,14,0,9,
9,7,28,7,19,24,
8,24,0,5,2,0,
29,24,2,23,5,18,
29,10,1,11,6,13,
12,9,28,15,30,10,
19,13,2,0,1,9,
11,4,19,9,12,4,
5,17,0,22,24,15,
16,1,18,7,0,20,
25,4,18,13,2,8,
25,26,29,15,19,18,
29,17,25,29,19,29,
9,11,0,21,30,29,
16,10,16,5,30,19,
19,18,4,12,12,2,
20,5,16,24,15,4,
25,30,15,15,7,8,
2,17,26,30,20,0,
28,25,14,24,16,27,
3,11,13,19,30,23,
30,17,28,30,9,28,
27,13,13,15,28,24,
2,19,12,17,4,27,
17,29,23,9,16,5,
11,12,16,7,20,26,
12,2,15,5,0,16,
9,13,22,21,9,26,
5,28,21,5,4,21,
12,28,24,20,24,20,
23,27,25,20,26,5,
14,14,6,27,8,6,
21,14,9,28,11,18,
12,6,19,11,6,26,
11,3,5,30,3,17,
7,5,17,25,30,5,
0,15,3,25,21,5,
11,3,30,27,29,27,
27,30,13,10,3,14,
8,0,20,9,23,0,
17,25,30,13,25,23,
21,6,2,8,19,23,
7,30,30,19,12,17,
24,17,9,7,2,1,
30,0,30,0,8,22,
28,22,2,3,14,10,
26,11,17,27,11,2,
28,1,3,0,10,6,
4,21,0,5,1,21,
0,24,4,6,1,17,
15,30,23,24,5,26,
11,23,19,27,22,10,
1,15,12,27,13,16,
1,20,15,23,29,12,
4,1,20,10,25,15,
30,7,0,27,21,12,
3,18,21,14,27,17,
25,7,7,26,19,30,
22,0,10,2,8,5,
4,12,26,9,25,27,
2,6,18,2,30,13,
24,14,15,24,18,8,
3,30,20,6,24,4,
13,11,17,2,18,9,
7,8,29,25,27,7,
26,21,22,15,24,8,
13,28,11,19,24,28,
17,9,11,5,2,3,
23,1,16,28,16,14,
2,13,26,28,15,27,
9,6,17,4,21,8,
13,27,13,24,19,9,
22,8,8,19,2,19,
30,9,11,12,21,27,
14,4,4,24,18,0,
21,16,17,13,20,24,
3,23,19,5,23,9,
6,3,9,28,4,3,
6,5,21,12,9,9,
22,27,17,8,28,24,
29,28,0,26,29,20,
22,13,27,24,18,20,
6,22,16,11,2,10,
3,25,25,13,1,30,
7,21,15,8,0,28,
23,20,1,23,8,9,
21,13,0,17,12,11,
9,29,25,27,9,28,
28,10,29,25,3,15,
11,26,30,2,13,30,
2,14,1,14,19,23,
18,6,13,7,3,3,
22,15,14,12,29,13,
9,30,29,29,22,5,
22,11,22,12,5,21,
22,28,27,29,27,23,
21,15,6,13,6,13,
5,19,26,11,29,9,
15,29,17,27,11,6,
20,2,0,9,26,7,
13,8,25,18,2,5,
23,2,8,9,20,17,
5,15,10,30,16,0,
14,18,27,10,19,23,
19,27,23,22,26,17,
11,8,14,20,23,10,
28,8,3,11,29,16,
15,0,20,27,12,3,
17,26,1,19,20,0,
13,10,30,13,23,10,
25,9,28,11,19,13,
25,1,23,17,16,25,
26,28,18,9,20,14,
3,26,24,0,1,9,
29,19,0,18,10,17,
22,26,24,26,29,9,
5,15,6,5,8,26,
25,10,5,30,5,3,
22,11,24,22,15,15,
26,28,10,2,24,5,
14,17,19,19,8,29,
18,1,29,25,22,25,
30,4,0,11,16,9,
5,29,9,7,5,2,
15,22,25,22,16,15,
20,26,5,28,14,5,
21,8,14,23,14,17,
12,25,28,0,4,9,
13,26,18,28,29,14,
24,4,19,23,21,11,
7,10,18,19,25,11,
30,15,15,12,17,15,
23,25,9,28,3,15,
19,21,8,19,25,3,
15,22,12,5,8,8,
15,19,17,16,29,8,
24,12,1,18,1,21,
25,1,16,14,3,5,
10,24,3,18,16,10,
22,2,7,1,14,13,
19,27,16,19,11,2,
16,25,19,4,21,6,
9,2,17,30,5,26,
30,1,19,5,16,1,
3,10,5,23,17,27,
3,25,16,14,27,3,
0,21,12,14,20,29,
30,1,12,20,27,24,
23,19,9,12,15,20,
0,18,6,30,10,4,
6,11,10,7,20,26,
6,4,15,28,15,8,
14,16,24,22,5,27,
17,2,27,9,25,13,
25,8,9,24,3,21,
4,26,29,21,10,24,
18,20,14,28,11,1,
7,1,16,8,6,6,
29,3,21,20,7,8,
16,10,16,3,4,26,
10,2,23,9,23,28,
25,8,22,28,17,25,
22,30,7,24,0,14,
1,26,15,23,25,13,
22,4,18,1,27,8,
7,10,11,27,16,29,
5,30,2,16,18,26,
25,15,15,18,7,22,
18,2,10,23,16,7,
3,16,2,10,15,18,
27,27,1,8,23,30,
14,19,25,19,6,9,
3,25,2,20,26,16,
28,13,6,15,15,16,
29,19,2,4,12,29,
9,3,7,6,13,25,
7,15,19,26,27,3,
17,12,27,21,29,28,
14,15,15,27,12,0,
8,23,12,17,21,6,
19,22,2,5,13,30,
7,7,27,6,4,22,
3,21,11,1,2,17,
28,24,1,22,14,17,
5,30,28,9,18,4,
9,26,6,13,5,24,
23,29,14,9,26,5,
13,0,10,10,24,24,
18,18,29,20,11,28,
22,16,8,19,10,4,
10,24,3,30,26,14,
