111111111111111101110011
111111111111010110101010
000000000000110101111111
111111111101110101001010
111111111111111010110010
111111111101100000011011
000000000000010010110010
000000000000010000001000
000000000000110000111000
000000000011011010111111
000000000010000000000011
000000000000001111110010
000000000000000001001001
000000000001100001011001
111111111111100011110101
111111111101110001010110
111111111111010111101110
000000000001111000111111
000000000000101011110110
111111111111001111110010
111111111111011001101101
111111111110001100010001
111111111111100010101010
000000000000001110000111
000000000000000010110111
000000000010000001010000
111111111111111011110010
111111111110001111111101
111111111111011101011010
000000000010110010000001
111111111110111011110011
000000000000000001101000
000000000000110011110111
000000000011000001100000
111111111111101101010010
111111111111110001000000
000000000000000000010111
111111111111011110101000
000000000000110010010011
111111111111010000101111
000000000000010010011110
111111111111111111001101
111111111111111110010111
111111111111010100010101
000000000000101001011101
111111111101011011100011
000000000000010111110110
111111111111111000100100
111111111111111101100001
111111111110001101010100
000000000000000101010010
111111111111110101011111
111111111111110010100011
111111111110100110000111
000000000000111110001000
000000000000010011000100
000000000000011111111110
000000000000101000111010
111111111111010001100110
000000000000001100110011
111111111111111111001110
111111111111000100101001
111111111111100111110110
111111111111110100001000
000000000000000100110001
111111111101100110100011
111111111111101000101000
000000000000101001100101
000000000000001111111011
000000000011001010100011
000000000001101000000101
000000000000000011111010
111111111111111100100001
000000000001101111001010
000000000000011011011111
111111111111110011001111
111111111111011000110111
111111111110010110000110
000000000001000001000111
111111111111011010011111
111111111111111101101000
111111111011111010100001
000000000001010000011111
111111111111110100010101
111111111111111110010111
111111111111000010101101
000000000000011001001001
000000000001000111010000
000000000000001010000111
000000000000111001001111
000000000000011011000001
000000000000011010011011
000000000000010110011000
111111111101101000101101
000000000001111100110111
111111111111111000001100
000000000000000000001110
000000000000000111101010
000000000000011101000100
000000000010001010111010
000000000000001011001110
111111111110001100111100
111111111111001011000001
111111111111110111101110
111111111111011001101101
111111111111011110000000
111111111110110001010000
111111111111110001100000
111111111111111100111111
000000000000100111011100
111111111111111000111000
111111111110100011100010
000000000000010111100100
111111111110010101110010
111111111111001100100010
111111111111010110010110
111111111111110111010000
111111111101000010101010
111111111110111010011010
000000000000000000101110
000000000000000010011010
111111111110111111000101
111111111111011111001000
000000000000000101011111
000000000000000110111010
111111111110001001010011
000000000001000010111110
000000000000100110111100
000000000000011011010111
000000000011101010000111
000000000000000000100111
000000000000000101110010
000000000000000000110011
000000000000101001011001
000000000000010111111000
000000000000101101000011
111111111111110111110110
000000000010010000001100
111111111111111111110101
000000000000001100010001
000000000000101101000100
111111111100101000111110
000000000001001000001000
000000000000000001110000
111111111111011011011100
111111111111011100010110
000000000010011001011110
000000000001111010001001
000000000000000011110111
000000000000111000010100
111111111111010111011110
000000000000000000100110
111111111110111001001110
111111111111011100110101
111111111101010011011100
000000000010011000111011
000000000000010011001101
000000000001010011111111
111111111110101111111100
000000000001111101011111
000000000000011101110111
111111111111010101010011
111111111110100001011010
111111111111111110001110
000000000000110111011100
000000000000010010100101
000000000000100111100001
000000000010001000101101
000000000000101111110110
000000000001101111011101
111111111111110100000001
000000000001100010100011
000000000000011001101000
111111111111000001001010
000000000010010011000100
000000000000000000000011
111111111110110100111001
111111111111100000111011
000000000000011001001101
111111111101101110111010
000000000000000110000101
111111111111100011001110
000000000010001110111111
000000000000101001100100
111111111111110010010011
000000000000000000010001
000000000000000011100000
111111111111111110011001
111111111111000011111110
000000000000011010011010
111111111111011111110111
111111111110111000000000
111111111111010110110101
111111111110011101000111
000000000000001111000011
000000000000001001010000
000000000000001001111110
000000000000011111101110
111111111101111001111110
000000000000000000101100
111111111111010001101100
111111111111111001011011
000000000000111110100001
000000000001111011111110
111111111111110011000110
111111111111001100110100
111111111110111011011000
000000000000001010011100
111111111111111100011101
000000000000110110001001
000000000000110010011000
000000000000000001100010
111111111111101000111100
111111111111011111011110
111111111101110011101111
000000000000100101111101
111111111111000110000001
000000000001011111110111
000000000001001110001001
000000000000001011001110
000000000000011101000001
000000000000100101010111
111111111101110011100100
111111111111111110100111
000000000000000011011011
000000000000101001111111
111111111110010011100010
111111111110001111000110
111111111111100100101101
111111111111001011001001
000000000001000111011101
111111111111000001010011
111111111111111000011111
111111111111101011110011
111111111111000101101101
000000000000000000111110
111111111111011111100101
000000000000011000010010
111111111101010111110000
111111111110110100011101
000000000000000011110010
000000000000000110100110
000000000001010010100111
111111111110000101110010
111111111111110111101011
000000000000101000100110
000000000001110010001111
111111111111111111101100
000000000000110111011100
000000000000000101011101
000000000001101010000110
111111111101110011110000
111111111111001101110010
000000000000100010000000
111111111111101011110001
000000000001010001010101
111111111111101110100001
000000000000100101011111
000000000001101110111111
111111111111111110011101
000000000000001100101010
000000000000011110011001
000000000001011101110001
000000000000000111000110
000000000000101000010101
111111111111001000000001
111111111110100010100100
111111111111111011001010
111111111111111010110111
000000000000101001111000
111111111101101111100010
000000000000000001011011
111111111111011000010111
111111111111011010011010
111111111111111111001011
000000000000110111111111
000000000000001101011010
000000000000100011101100
000000000001000011110111
111111111111011000010111
000000000000000110000010
111111111111001101000111
000000000000000000010111
000000000000000000011100
111111111110111110110000
000000000000100010100001
111111111110011110110010
000000000000010001000000
