111100110010110100
111101010001101101
000000001111111111
000000111111111010
111101110000111100
111111100000000000
000000000000000000
111111100000000000
000010101110010010
111110000000101010
000000011111111111
000001101111100011
000001101111100011
111100110010110100
000010101110010010
000000000000000000
000000111111111010
000000000000000000
111110010000011100
111101010001101101
000000011111111111
000000101111111101
000000101111111101
111110000000101010
000000011111111111
000000000000000000
000000101111111101
000000011111111111
111111110000000000
111111010000000010
000001011111101110
111111110000000000
000001001111110101
111111110000000000
111111110000000000
000000101111111101
111111100000000000
111110000000101010
111111010000000010
000000111111111010
111111010000000010
000000011111111111
000000011111111111
000001011111101110
111110010000011100
000000011111111111
000000000000000000
000001101111100011
000000111111111010
111111110000000000
111111010000000010
111111000000000101
111111110000000000
111111010000000010
111110110000001010
000000000000000000
000000011111111111
000000000000000000
111111100000000000
111111100000000000
111111110000000000
111110010000011100
000001001111110101
111111010000000010
000000011111111111
000000101111111101
000000111111111010
000000111111111010
000000001111111111
111111010000000010
000000101111111101
111111010000000010
111111100000000000
000010111101110001
111111010000000010
000000101111111101
111111010000000010
111110110000001010
111110000000101010
000000011111111111
000000101111111101
000000000000000000
111111100000000000
000001001111110101
000000011111111111
000000111111111010
111111100000000000
000000011111111111
000010001111000011
000000000000000000
111111000000000101
111101110000111100
111110010000011100
111111000000000101
000000011111111111
111111100000000000
111111000000000101
111111100000000000
111110100000010001
111101100001010010
000000111111111010
111101100001010010
111110100000010001
111111000000000101
000000001111111111
111110110000001010
000010001111000011
111111110000000000
111110010000011100
000000011111111111
111111010000000010
111111010000000010
000000001111111111
000000001111111111
000000000000000000
111111010000000010
000000101111111101
111111010000000010
111111010000000010
000000111111111010
000000111111111010
111111000000000101
111111000000000101
111111100000000000
000000111111111010
000010001111000011
111111100000000000
000000001111111111
111111010000000010
000000011111111111
111111000000000101
111110010000011100
111101100001010010
111111000000000101
000001111111010101
111110110000001010
111110100000010001
111111000000000101
111111010000000010
111111110000000000
111110110000001010
111110000000101010
111110100000010001
000000000000000000
000000011111111111
111101100001010010
111101100001010010
111111110000000000
111111100000000000
111101000010001110
000000101111111101
111110000000101010
000010001111000011
111111100000000000
111111100000000000
000000001111111111
111111010000000010
000000000000000000
111111100000000000
000001011111101110
111110010000011100
000000101111111101
111110000000101010
000000001111111111
111111100000000000
111111100000000000
111111010000000010
000010111101110001
000000000000000000
000000000000000000
111111110000000000
111111110000000000
000000001111111111
111111110000000000
111111110000000000
000000001111111111
111111110000000000
000000001111111111
000000001111111111
111111110000000000
111111100000000000
000000001111111111
000000000000000000
111111110000000000
000000000000000000
111111000000000101
111111100000000000
000000000000000000
000000011111111111
000000001111111111
111111100000000000
000000000000000000
111111110000000000
111111010000000010
111111010000000010
000000101111111101
111110010000011100
111111000000000101
111110100000010001
111111000000000101
111111100000000000
000000001111111111
000000001111111111
000000001111111111
111111110000000000
000000001111111111
000000001111111111
111101110000111100
111111010000000010
000001001111110101
000000101111111101
111110100000010001
000001101111100011
111111000000000101
111111010000000010
000000101111111101
111101100001010010
111111010000000010
111101100001010010
000000101111111101
000010101110010010
000000101111111101
111111100000000000
111110100000010001
111111010000000010
111111110000000000
000010111101110001
000000001111111111
000001011111101110
000000000000000000
000000101111111101
000000001111111111
111101100001010010
111101100001010010
111110010000011100
000010011110101101
000000111111111010
111110110000001010
111101110000111100
000000001111111111
000000111111111010
000000011111111111
000000000000000000
111110010000011100
000000000000000000
000000011111111111
000000000000000000
111111000000000101
111111110000000000
000000001111111111
000000101111111101
000000111111111010
111110110000001010
000000101111111101
000000101111111101
000000001111111111
111111010000000010
000000000000000000
000000011111111111
000000000000000000
111111010000000010
111111010000000010
111111100000000000
000000000000000000
111111010000000010
111101000010001110
111110010000011100
111111010000000010
000000000000000000
000000101111111101
111111100000000000
000001001111110101
000000000000000000
000000101111111101
000001111111010101
111110000000101010
000000101111111101
000000000000000000
111111110000000000
111111110000000000
111111110000000000
000001001111110101
000000011111111111
000000011111111111
111111010000000010
111101000010001110
000001111111010101
000000101111111101
111111010000000010
111111100000000000
111111110000000000
000000011111111111
111111100000000000
111111110000000000
111111110000000000
000000000000000000
111111110000000000
111111100000000000
111111100000000000
000000000000000000
111111000000000101
111111110000000000
000000000000000000
000000101111111101
000001001111110101
000000001111111111
000000101111111101
000001001111110101
111111110000000000
111111100000000000
000000001111111111
111111110000000000
111111110000000000
000000101111111101
000001001111110101
111111000000000101
111111110000000000
111111010000000010
111111110000000000
111110100000010001
111110010000011100
000000000000000000
000000011111111111
111111010000000010
111110110000001010
000000101111111101
111110110000001010
000001001111110101
000000000000000000
111111000000000101
111111010000000010
111111110000000000
000001011111101110
000000111111111010
000000111111111010
111111100000000000
000000011111111111
000000101111111101
111110000000101010
000000011111111111
111111100000000000
000000000000000000
111111000000000101
111110010000011100
000001001111110101
000000001111111111
000010101110010010
000001011111101110
111101100001010010
000001101111100011
111100100011100000
111111000000000101
000000101111111101
000000111111111010
111101100001010010
000000000000000000
111111010000000010
000000000000000000
000000011111111111
000000101111111101
111111010000000010
111110110000001010
000000000000000000
000000101111111101
000000000000000000
111111000000000101
000000111111111010
111101110000111100
111111110000000000
111111100000000000
000001011111101110
000001101111100011
111111100000000000
111110110000001010
000000011111111111
000000101111111101
000000001111111111
111110010000011100
111101000010001110
111110000000101010
111111100000000000
111111010000000010
111101000010001110
111110110000001010
111110110000001010
000001001111110101
000001111111010101
111110010000011100
111110000000101010
111101010001101101
111101100001010010
111110010000011100
000000011111111111
000000111111111010
111111110000000000
111111110000000000
000000111111111010
111100110010110100
111111110000000000
111110100000010001
000000001111111111
000001001111110101
111101010001101101
000000000000000000
111111010000000010
111110010000011100
000000111111111010
000001001111110101
111111010000000010
000000001111111111
111111010000000010
000000001111111111
111111100000000000
000000000000000000
111111010000000010
000000000000000000
000000000000000000
111111100000000000
111110110000001010
111111010000000010
111111110000000000
000000101111111101
000000011111111111
111111110000000000
000000001111111111
000000001111111111
000000101111111101
000000101111111101
111111100000000000
111111100000000000
000000000000000000
111111100000000000
000000011111111111
000001011111101110
000000011111111111
111111010000000010
111111110000000000
111111100000000000
000000001111111111
111111100000000000
111110110000001010
111111010000000010
111110100000010001
000000000000000000
000000011111111111
000000000000000000
111100010100010011
000000101111111101
111111000000000101
000000000000000000
000000000000000000
000000000000000000
000001011111101110
000000011111111111
111111110000000000
111101110000111100
111101010001101101
111101100001010010
111101100001010010
000001111111010101
111111010000000010
000001001111110101
111111100000000000
000010111101110001
000001001111110101
000000101111111101
000000101111111101
000010011110101101
000000000000000000
000000111111111010
111110010000011100
111111100000000000
111110100000010001
000000001111111111
111110110000001010
111100010100010011
000000001111111111
000000101111111101
111111000000000101
000001111111010101
111111010000000010
000000101111111101
111111010000000010
000000000000000000
000000011111111111
111111000000000101
000000101111111101
111110110000001010
111111110000000000
000000001111111111
000000000000000000
000001001111110101
111111110000000000
111111100000000000
111111010000000010
111110010000011100
111111100000000000
111111100000000000
111111100000000000
111111010000000010
111111010000000010
000000001111111111
111111110000000000
111111000000000101
000000000000000000
000000001111111111
000000101111111101
111110010000011100
000000000000000000
111110100000010001
000001101111100011
111111010000000010
000000000000000000
111110000000101010
000000111111111010
111110110000001010
000000001111111111
111100100011100000
000000111111111010
000001111111010101
000010011110101101
111110110000001010
111111010000000010
000000011111111111
111111110000000000
111110000000101010
111111010000000010
000000011111111111
000000111111111010
000000000000000000
111110010000011100
111111010000000010
111111000000000101
111111000000000101
000000011111111111
000000101111111101
111111110000000000
111111110000000000
000000000000000000
111111110000000000
111111000000000101
000000101111111101
000000111111111010
000001011111101110
000001001111110101
111110100000010001
111111100000000000
000000101111111101
000000001111111111
111111100000000000
000000000000000000
000001001111110101
000000000000000000
111101110000111100
111111010000000010
111110010000011100
111111000000000101
000000101111111101
000000000000000000
111100000101001101
000000001111111111
111101110000111100
111111110000000000
111111110000000000
111101000010001110
111111100000000000
111111000000000101
111101110000111100
000000000000000000
000000000000000000
000001001111110101
111101010001101101
111101100001010010
111100100011100000
111110110000001010
111100110010110100
111011110110001110
000000000000000000
000000001111111111
111110010000011100
111011011000101000
111111110000000000
111111110000000000
111111110000000000
111111100000000000
111100110010110100
111111010000000010
000000001111111111
111111010000000010
111111100000000000
111111110000000000
111110010000011100
000000011111111111
000001011111101110
000001001111110101
111111100000000000
000010101110010010
000000111111111010
000000101111111101
000011001101001011
111111110000000000
000000101111111101
111111000000000101
111111100000000000
111111110000000000
000010001111000011
000000000000000000
000000001111111111
000001001111110101
000001011111101110
111111110000000000
111110100000010001
000001001111110101
000000101111111101
000000001111111111
111110010000011100
000010011110101101
111111110000000000
111111110000000000
000000111111111010
000000011111111111
000000011111111111
000001001111110101
111111010000000010
111111100000000000
111110110000001010
111110110000001010
000000101111111101
000000011111111111
111111010000000010
111111000000000101
000000001111111111
000000101111111101
000000000000000000
111110000000101010
000000000000000000
000000000000000000
111111110000000000
000000001111111111
111111010000000010
111110110000001010
000000000000000000
000000000000000000
000000011111111111
111111100000000000
111111110000000000
000000101111111101
000000000000000000
000000011111111111
111111110000000000
111110010000011100
000000001111111111
111110110000001010
000000001111111111
111110110000001010
111111100000000000
111101110000111100
111111100000000000
111111110000000000
111111010000000010
000000000000000000
000000000000000000
000000011111111111
000000101111111101
111111110000000000
000000111111111010
111111010000000010
000000111111111010
111101110000111100
000000101111111101
000000000000000000
111111110000000000
000000000000000000
000000111111111010
111110110000001010
111111100000000000
000001101111100011
000000111111111010
111111000000000101
111101100001010010
111111100000000000
000000000000000000
111111000000000101
000001011111101110
111101110000111100
000000101111111101
111111100000000000
111110110000001010
111111100000000000
000000001111111111
111111000000000101
111110100000010001
111111000000000101
000000111111111010
111111110000000000
000001101111100011
111111000000000101
000001011111101110
000001001111110101
111101100001010010
111110100000010001
000010001111000011
000000000000000000
000000000000000000
000000000000000000
000000111111111010
111110110000001010
000000001111111111
111110100000010001
111111000000000101
000000111111111010
111110000000101010
111111010000000010
000000101111111101
000000111111111010
111111100000000000
000001001111110101
111110100000010001
000010001111000011
000000111111111010
111110110000001010
111111110000000000
000000001111111111
111111010000000010
000001011111101110
111111100000000000
111111100000000000
000000001111111111
000001011111101110
000000101111111101
000000000000000000
000000000000000000
111111110000000000
000001001111110101
000000011111111111
000000000000000000
111110010000011100
000000011111111111
111110110000001010
111101100001010010
000000001111111111
111111000000000101
111111010000000010
111110100000010001
000010011110101101
111111100000000000
000000000000000000
111110000000101010
000000000000000000
111110110000001010
000000000000000000
000000111111111010
000000101111111101
111111100000000000
000001011111101110
111110010000011100
111111010000000010
000000000000000000
111111010000000010
111111010000000010
000000000000000000
111101110000111100
111111100000000000
111111010000000010
111111100000000000
000001001111110101
111110000000101010
000000001111111111
000000001111111111
111110110000001010
000000111111111010
111110110000001010
000000111111111010
000000011111111111
000000011111111111
000000001111111111
111111110000000000
000000000000000000
111111000000000101
000000001111111111
000001001111110101
111111010000000010
000001101111100011
111111100000000000
000000111111111010
111110110000001010
111111000000000101
111111010000000010
111110100000010001
111111000000000101
111111010000000010
111110010000011100
111111000000000101
111111100000000000
000001101111100011
111110010000011100
000001111111010101
111111100000000000
111110110000001010
000000101111111101
000000111111111010
000001001111110101
000011001101001011
111110110000001010
000001011111101110
000000000000000000
000001011111101110
000010001111000011
111111010000000010
111110110000001010
111101110000111100
111111010000000010
000010001111000011
111100110010110100
000000111111111010
111111100000000000
000000000000000000
111111010000000010
111111010000000010
000000111111111010
111110100000010001
111111100000000000
000000000000000000
000000011111111111
000000000000000000
000000011111111111
000001101111100011
111111100000000000
111111100000000000
111111100000000000
111111100000000000
000000101111111101
111111100000000000
000001111111010101
111110110000001010
000000000000000000
000000000000000000
111111110000000000
000001001111110101
000000011111111111
111111110000000000
111111110000000000
111111100000000000
111111010000000010
111111010000000010
111111100000000000
111111100000000000
111111100000000000
000000101111111101
111111000000000101
111111100000000000
000000001111111111
000000011111111111
000000001111111111
111110000000101010
111111010000000010
000000011111111111
111111100000000000
000010111101110001
111111010000000010
111111110000000000
111111110000000000
111111110000000000
000001011111101110
000000011111111111
000000001111111111
000000000000000000
000000001111111111
111111100000000000
111111010000000010
111110110000001010
000000000000000000
000000111111111010
111110010000011100
111111100000000000
000000000000000000
111111110000000000
111111000000000101
111110010000011100
000000000000000000
000000111111111010
000000000000000000
000001011111101110
000001001111110101
000000000000000000
111110100000010001
111110110000001010
000000011111111111
000000101111111101
000000001111111111
000000011111111111
111101110000111100
000001011111101110
111111110000000000
111111010000000010
111111010000000010
111111010000000010
111111010000000010
111111010000000010
111110010000011100
000000001111111111
000001001111110101
111111100000000000
000000101111111101
000010011110101101
111111000000000101
000000011111111111
000000111111111010
000001111111010101
111110110000001010
000000000000000000
000010001111000011
111110000000101010
000000011111111111
111110010000011100
111101100001010010
000001001111110101
000000000000000000
111111100000000000
111111010000000010
111101100001010010
111111000000000101
000000001111111111
111110010000011100
111110110000001010
111110110000001010
111111000000000101
000001101111100011
000000011111111111
111110110000001010
000000000000000000
000000101111111101
111110110000001010
000000111111111010
111101010001101101
111111010000000010
111111010000000010
111111010000000010
111111110000000000
000000101111111101
000000011111111111
111111110000000000
000001111111010101
111111100000000000
000000101111111101
000000111111111010
111111010000000010
111111110000000000
000000001111111111
111111100000000000
111111000000000101
000001011111101110
111110000000101010
111110100000010001
111111010000000010
111111100000000000
111110110000001010
000000001111111111
111110010000011100
111111100000000000
000000111111111010
000000000000000000
000000011111111111
111111110000000000
000001111111010101
000000000000000000
111111100000000000
000000101111111101
111111010000000010
000000011111111111
000000001111111111
111110010000011100
000000000000000000
000000011111111111
111111110000000000
111111110000000000
000001101111100011
111111000000000101
111111110000000000
111111110000000000
111111010000000010
111110010000011100
000000001111111111
111110010000011100
000000000000000000
000000011111111111
000000001111111111
111110000000101010
000000000000000000
000000000000000000
111111110000000000
111111100000000000
000000001111111111
000001011111101110
000000000000000000
000000000000000000
000000011111111111
111111100000000000
111111100000000000
111111100000000000
000000001111111111
111111010000000010
111111010000000010
000000011111111111
000000111111111010
111111110000000000
111111000000000101
111110100000010001
111111110000000000
111111010000000010
111111100000000000
111101110000111100
111111000000000101
000000011111111111
111111100000000000
000001101111100011
000000000000000000
000000101111111101
000001011111101110
111110110000001010
000000000000000000
000000011111111111
111110110000001010
111111100000000000
111111010000000010
111111110000000000
000000011111111111
111111100000000000
000010001111000011
111111110000000000
111111010000000010
111111000000000101
111101110000111100
111111100000000000
111111110000000000
000010011110101101
111110100000010001
000011001101001011
000001101111100011
000010101110010010
000001001111110101
000000011111111111
111111010000000010
000000111111111010
000000011111111111
000010101110010010
111110010000011100
000000101111111101
111101010001101101
111110110000001010
111101000010001110
111101110000111100
000000101111111101
111110000000101010
000000001111111111
000000001111111111
000001011111101110
000000000000000000
111110110000001010
000000000000000000
111111010000000010
111111110000000000
000000000000000000
000000101111111101
000000001111111111
000001001111110101
111111000000000101
000000011111111111
111110100000010001
000000011111111111
111111100000000000
111110010000011100
000001011111101110
111110110000001010
000000111111111010
000000011111111111
000000001111111111
111110000000101010
000001001111110101
000000001111111111
000001011111101110
000000001111111111
111111110000000000
111111010000000010
111111000000000101
111101100001010010
111111000000000101
000000000000000000
000000000000000000
000000111111111010
000000011111111111
111110110000001010
111100000101001101
111111010000000010
000001011111101110
000000000000000000
000010011110101101
111110000000101010
000001011111101110
111100110010110100
111111110000000000
000001101111100011
000010101110010010
111101100001010010
111111100000000000
111111000000000101
111111100000000000
000001001111110101
000000000000000000
000000011111111111
111111000000000101
000000011111111111
000000000000000000
000000000000000000
111111010000000010
111111110000000000
111110110000001010
000000001111111111
111111110000000000
111101010001101101
111110010000011100
111111000000000101
111111010000000010
111111100000000000
111111110000000000
000000001111111111
000000011111111111
111111110000000000
111111010000000010
111111000000000101
111110010000011100
000000111111111010
111110110000001010
000000001111111111
111111010000000010
111110110000001010
000000101111111101
111110000000101010
111111010000000010
000001101111100011
111111110000000000
111111010000000010
111110000000101010
111111110000000000
000000011111111111
000000001111111111
000000111111111010
000000001111111111
000000011111111111
111101110000111100
111110110000001010
111110000000101010
000000000000000000
111111110000000000
111111110000000000
000000101111111101
000000000000000000
000000001111111111
000000111111111010
000001011111101110
111111110000000000
111111000000000101
000001101111100011
111110010000011100
000000101111111101
111101100001010010
111111100000000000
111110100000010001
000000001111111111
000000001111111111
111111000000000101
111111010000000010
111111100000000000
000001001111110101
000000011111111111
000000011111111111
111111110000000000
000000001111111111
111111000000000101
000000111111111010
111111100000000000
000000101111111101
000010001111000011
000000111111111010
000001001111110101
000000001111111111
111110110000001010
000000011111111111
000000000000000000
111110010000011100
111111110000000000
111111110000000000
000000000000000000
000000111111111010
000000111111111010
000001011111101110
000000000000000000
000000111111111010
111111100000000000
000001111111010101
000000101111111101
111110010000011100
111110010000011100
111110100000010001
111110110000001010
111111100000000000
000000011111111111
111101110000111100
111111010000000010
000010011110101101
111110000000101010
000000011111111111
000000000000000000
000000101111111101
000000000000000000
111110010000011100
000000001111111111
111111100000000000
111111000000000101
000000101111111101
000000011111111111
000000011111111111
000000111111111010
000000000000000000
000000001111111111
000000011111111111
111101110000111100
111111010000000010
000000011111111111
000001111111010101
111110100000010001
111101110000111100
111110110000001010
111111100000000000
000000011111111111
111101100001010010
000000101111111101
000001001111110101
000000011111111111
000001111111010101
111110010000011100
000000011111111111
111110100000010001
111111010000000010
000000111111111010
000000101111111101
000010001111000011
111111100000000000
111110100000010001
111110000000101010
000000011111111111
111110110000001010
111111100000000000
000000000000000000
111110110000001010
000001001111110101
111111100000000000
111111100000000000
000000000000000000
111111010000000010
000010101110010010
111110100000010001
000010001111000011
000000101111111101
111110000000101010
111101110000111100
111110100000010001
000000111111111010
000000011111111111
000000000000000000
111110110000001010
000000001111111111
000001011111101110
000001011111101110
111111010000000010
111101000010001110
000000111111111010
000000111111111010
111110100000010001
000010111101110001
000000111111111010
111111010000000010
111111010000000010
000000111111111010
111111000000000101
000000011111111111
111110100000010001
111110110000001010
111101100001010010
000000111111111010
000000101111111101
111110110000001010
000011001101001011
111110110000001010
000000111111111010
000001101111100011
111110100000010001
000000101111111101
111101000010001110
111111110000000000
111101110000111100
111110000000101010
111110110000001010
000000101111111101
000000111111111010
000000101111111101
111101110000111100
000000101111111101
000000000000000000
000000011111111111
000000011111111111
000000001111111111
111110010000011100
000010011110101101
111111000000000101
000000101111111101
111111010000000010
000001101111100011
111111010000000010
000000001111111111
000010001111000011
000000001111111111
000001001111110101
111110000000101010
000000101111111101
111110100000010001
111111110000000000
111110110000001010
000000101111111101
111111000000000101
111111000000000101
111110010000011100
000000000000000000
111111100000000000
000000000000000000
111110110000001010
000000000000000000
000000011111111111
111111100000000000
111101110000111100
111110010000011100
000000000000000000
000000001111111111
111111000000000101
000001001111110101
111111000000000101
111111010000000010
000001101111100011
111111100000000000
000001101111100011
000000000000000000
111111100000000000
000001011111101110
000001001111110101
111110110000001010
000001001111110101
111110010000011100
000000111111111010
111111100000000000
000000000000000000
111111000000000101
000000000000000000
111110110000001010
000000101111111101
111111100000000000
111110010000011100
000000011111111111
000000000000000000
000000011111111111
111111110000000000
111110110000001010
111111100000000000
111111100000000000
111111100000000000
000000111111111010
111111010000000010
000001101111100011
000001011111101110
000000101111111101
111110010000011100
000000111111111010
000000000000000000
000000011111111111
000001101111100011
000000111111111010
111111000000000101
111110110000001010
000000111111111010
000001001111110101
111101000010001110
000000101111111101
000000001111111111
000001011111101110
000001011111101110
000010011110101101
111110010000011100
111111100000000000
111111010000000010
111110110000001010
000001011111101110
000001011111101110
111111110000000000
000001011111101110
111111100000000000
111111010000000010
000100001001110001
111110100000010001
111111110000000000
111111110000000000
111111110000000000
000010101110010010
000000000000000000
111101010001101101
111110110000001010
000000001111111111
111111100000000000
000000111111111010
111111100000000000
000000000000000000
111111100000000000
111111110000000000
000000101111111101
111111100000000000
000000001111111111
000001001111110101
000000000000000000
000000000000000000
000000101111111101
000000001111111111
000000000000000000
111111110000000000
000000011111111111
111111100000000000
111111100000000000
000001001111110101
000000001111111111
111111100000000000
111111010000000010
111111010000000010
000000011111111111
111111110000000000
111111000000000101
111110010000011100
111110000000101010
000000001111111111
111111100000000000
000000000000000000
111110000000101010
111101100001010010
000000101111111101
111110100000010001
111111110000000000
000000011111111111
000000000000000000
000001001111110101
111101100001010010
111110000000101010
111110000000101010
000000001111111111
111111110000000000
111111000000000101
000000111111111010
111111010000000010
111110110000001010
000000101111111101
000001101111100011
000001101111100011
111111010000000010
000000101111111101
000000000000000000
111101100001010010
111110110000001010
111110110000001010
111111110000000000
000000111111111010
111101000010001110
111110010000011100
000000101111111101
000000000000000000
000001001111110101
111111100000000000
111111100000000000
111110010000011100
111111010000000010
000000001111111111
111111110000000000
000001001111110101
111110100000010001
000000000000000000
000000011111111111
111111010000000010
111111010000000010
000000101111111101
000000101111111101
111111010000000010
111111000000000101
111110010000011100
111110010000011100
000000101111111101
111111000000000101
111101110000111100
000000101111111101
111101110000111100
000000101111111101
000010001111000011
111111110000000000
111110100000010001
000001101111100011
111101110000111100
000000000000000000
111111000000000101
111111110000000000
111110110000001010
000000001111111111
000000001111111111
000001001111110101
111111000000000101
111111100000000000
000000111111111010
111101100001010010
000000000000000000
000000001111111111
000000001111111111
000000011111111111
111111100000000000
111111010000000010
111111100000000000
111111110000000000
111111000000000101
111111000000000101
111110010000011100
111110110000001010
111111010000000010
111111010000000010
111110010000011100
111111000000000101
000000101111111101
000010001111000011
000011101011101100
000000011111111111
000000011111111111
111110100000010001
000010111101110001
000010001111000011
000000011111111111
000011111010110010
000000000000000000
000000111111111010
111101110000111100
111110110000001010
111101110000111100
111111000000000101
111110110000001010
000001011111101110
000000001111111111
111110100000010001
000010101110010010
111111100000000000
111110110000001010
111110100000010001
111111000000000101
000000111111111010
111111100000000000
111111010000000010
111110110000001010
000000011111111111
111111110000000000
111111100000000000
111111110000000000
000000001111111111
111110010000011100
111111110000000000
111111100000000000
000000001111111111
000000011111111111
000000001111111111
000000111111111010
000000101111111101
000001001111110101
000001111111010101
000000000000000000
000000000000000000
000000001111111111
111111110000000000
000001011111101110
000001011111101110
111111010000000010
000000000000000000
111111010000000010
111111000000000101
000000000000000000
000010111101110001
000000011111111111
111110110000001010
000000101111111101
000000111111111010
000000111111111010
000001101111100011
111110100000010001
111111000000000101
111111100000000000
111111100000000000
111111000000000101
111111010000000010
111111100000000000
111110110000001010
000000111111111010
000000000000000000
111111100000000000
111111100000000000
000000101111111101
111111100000000000
111110100000010001
111111100000000000
000000111111111010
000001101111100011
000001101111100011
111111110000000000
111111100000000000
000001111111010101
111110010000011100
000000000000000000
000000101111111101
111101010001101101
000000011111111111
111111100000000000
111101110000111100
111111000000000101
111110100000010001
111111110000000000
000010011110101101
111111100000000000
000000101111111101
000000011111111111
111111000000000101
000000000000000000
000000011111111111
000000101111111101
000000000000000000
111111000000000101
000000101111111101
111111000000000101
111110100000010001
000000000000000000
111111110000000000
111111100000000000
111101110000111100
111110010000011100
000001011111101110
000000011111111111
111111010000000010
111110110000001010
111111110000000000
111111110000000000
000000000000000000
000000000000000000
000000101111111101
111111010000000010
111111010000000010
111111010000000010
111111100000000000
111101010001101101
111111110000000000
111111110000000000
000000001111111111
111111100000000000
000000000000000000
111111010000000010
000000000000000000
111101110000111100
000000101111111101
000010101110010010
000000101111111101
111111010000000010
000000101111111101
000000011111111111
000000001111111111
000000001111111111
000001001111110101
000001001111110101
000001011111101110
111110100000010001
111111100000000000
000001011111101110
000001111111010101
000000000000000000
000000011111111111
000000101111111101
000000001111111111
000001001111110101
000000101111111101
000000111111111010
111110000000101010
000000111111111010
000001101111100011
000000000000000000
000000011111111111
000000001111111111
000000000000000000
111111100000000000
111111010000000010
000000101111111101
000001001111110101
000000011111111111
111111000000000101
111110000000101010
111110100000010001
111111110000000000
111110110000001010
000001001111110101
111111000000000101
111110000000101010
111111100000000000
111110000000101010
111111000000000101
111111000000000101
111110010000011100
111101110000111100
111101110000111100
000000000000000000
000000001111111111
000000001111111111
000000101111111101
111111010000000010
111110110000001010
111110010000011100
111111000000000101
111111000000000101
