000000000000101100100001
111111111110100100011011
111111111111111011010110
000000000000110101100100
000000000000010011100011
111111111111110101111000
000000000000000101010001
000000000000010000111100
000000000000001001001010
111111111110101011111111
000000000000001000101010
111111111111111000010011
000000000000001001001011
111111111111101110110110
000000000000000001011001
111111111110100100011101
000000000000000011101110
000000000000010110111010
111111111111111110100010
111111111111111111101111
000000000000100011101110
111111111111011111111101
000000000000010000010100
111111111111001101101001
000000000000111001111001
000000000001011101010110
000000000000000011010010
111111111111010111111001
111111111111110100100010
000000000000000001110010
000000000000001110100111
000000000000010100000101
000000000000000011001110
000000000000110100111111
111111111111100100010110
000000000000110000101001
111111111111101001011010
000000000000001011000011
111111111111101011011011
111111111111000101011011
111111111111110111010101
111111111111011100001001
111111111111111011101101
000000000000010101010100
000000000001100000010101
000000000000011110000111
111111111111011101110001
000000000000000010001111
000000000001000000011011
000000000001010011110010
111111111111110001011100
111111111111101000001001
111111111111001101000010
000000000000000111011011
000000000000000000100000
111111111111101010011010
000000000000000110110010
111111111111110001100000
111111111111111100011000
111111111111000010011111
000000000000100011001101
000000000000101010001111
000000000000100010101111
000000000000010100101000
000000000000000011100010
111111111111100000010110
111111111111111111010001
111111111111110100100000
111111111111000100010111
111111111111110111111111
000000000000110101101010
000000000000000100111100
111111111111111010000101
000000000001011000111100
111111111111011101010000
000000000000000000001110
111111111111110000010101
000000000000000111110110
000000000000001100001101
000000000001101011011011
111111111111110110100101
111111111110101100001100
111111111111110101111001
111111111110100011111100
000000000001000000010010
111111111111110010000011
000000000000011100001100
000000000001000000101011
000000000000000111011000
111111111111111100111011
111111111111111011011101
111111111111100001010110
111111111101011010100010
111111111111100101000111
111111111110111010101010
111111111111010101111000
111111111111011110010001
111111111110011110001011
000000000000100000110001
111111111111110100100010
111111111111111101000010
111111111111111110010011
000000000000010011010110
000000000000011111101100
000000000000000111000011
111111111111010000010010
000000000000011010111100
000000000000001001110011
111111111111111100010010
000000000000001001111101
111111111111101110000000
111111111110110100001100
000000000000000111011010
000000000000101011001000
000000000000000011000100
000000000000001111101110
111111111110111001000110
000000000000011100010101
000000000000011000100101
000000000000110001100011
000000000000110110100010
111111111111011010001110
111111111111110000000111
000000000000111011100101
111111111111111000010000
111111111111111110001011
000000000000000100000110
111111111110100111110101
111111111111111000001010
111111111110110011000101
000000000000010100100011
000000000000111001100111
000000000000111111000011
111111111111111010011111
111111111111011111101000
111111111110100101001011
000000000000000101010011
111111111111110000001011
000000000000000010110111
111111111111100000011000
111111111110101010111111
111111111111111010101011
111111111111011010000101
000000000000001110000011
000000000000100101101011
000000000000111100110101
111111111111111100010011
000000000000100011010110
000000000000001100011110
000000000000001110100110
000000000000010000011100
000000000001101001100010
000000000000000111010111
000000000000100001010010
111111111111111100001001
111111111110100000011100
111111111111111001011000
000000000000100000111111
111111111111101001111010
000000000001000011011101
000000000000001001001101
111111111111110101001110
111111111111111011000001
111111111111011100001011
111111111111110011111100
111111111111111001010011
111111111111110010011110
000000000000100011111011
111111111110111011100111
111111111111111111010100
111111111111101010011000
000000000000011010000010
000000000000001000111100
000000000000001101100110
000000000000001000000011
000000000000011001010000
000000000000000111101010
000000000010010000111100
111111111111110111111110
111111111111100110011110
111111111111111010011010
111111111111011110011000
000000000000001100000011
000000000001100000101111
111111111111111001011011
111111111111001101101000
000000000000000110000110
000000000000001100000110
111111111111111010110111
111111111111011100010110
111111111111000000111000
000000000000011001100111
000000000000110011000111
000000000001001011011101
000000000000000000110010
000000000000011010001001
111111111111100001111001
000000000000001001100011
111111111111101010001001
000000000000001100010011
000000000000000011111101
111111111110000100010001
111111111111111100100010
111111111110101000111111
000000000000110001011110
000000000000010010011111
111111111111010110110001
111111111111010110000100
000000000000000010001010
000000000000000010001000
000000000000000010000110
000000000000100110111001
111111111101000001011010
000000000000010100100010
111111111111110011011000
111111111111111011011011
000000000000110110111011
111111111111111000010100
111111111111101110110010
000000000000110001000000
000000000000101110111100
111111111111111101001100
111111111111101001111110
111111111111110100010100
000000000000000100001000
000000000000101110011110
000000000000001111011011
111111111111000100011001
000000000000111000101001
000000000000011110101100
000000000000101001001010
000000000000110100110101
111111111111110111110001
000000000000000101100001
000000000000000001001000
000000000000010011010100
000000000000001101001111
111111111111110010010011
000000000000101011111001
000000000000100100000111
111111111111000111000000
111111111110110011011000
111111111111111100110100
111111111111000111101001
111111111111110111011000
111111111111101111011000
111111111111110100011110
000000000000010100011100
111111111111111101001011
000000000001101011011110
111111111111101110101010
000000000000100100101101
111111111111100011111101
111111111111011011101010
000000000000001010001101
000000000000101011001111
111111111111111000000100
111111111111101110110001
111111111111111100101001
111111111111100011010111
111111111110010111111000
000000000000011100011001
000000000000000010010011
111111111111111101011010
000000000000011011011011
111111111111111010100000
111111111111110111111100
111111111111101011011110
000000000000011000011110
111111111111110000011100
000000000000000101100101
111111111111101001110010
111111111111111011011000
111111111111011110000110
111111111111111001101110
000000000000001010101011
000000000000010001000010
111111111111101111110000
000000000000001110000101
111111111111111010111010
111111111111111010001011
000000000000010000100010
000000000000000001110000
000000000000011000111101
111111111110100010100010
111111111111111101110101
111111111111111110101101
111111111111100011101000
111111111111101100001100
111111111111001111101010
000000000000001110111001
111111111111101111111101
111111111111001011110010
000000000000000001101000
111111111111101111010011
111111111111011010011000
000000000000001000000111
111111111101110100111000
000000000000000111011101
111111111110110100110110
000000000000001101100000
000000000000001101001010
111111111111011001111110
000000000001011010101000
111111111111111101111101
111111111111101001101010
111111111111111111010101
111111111111011001101000
111111111110011110010010
111111111111101000111101
000000000000110110100011
111111111111110101000111
000000000001010001011011
111111111111001011101000
000000000000000010011100
000000000000100101101000
111111111111010000011111
111111111111110011100100
000000000000010110000000
000000000000101000000111
000000000000000100001010
000000000000011010111101
000000000000000100010010
111111111111010110001100
000000000000100010111111
111111111111010110000011
000000000000011101010010
111111111111111111011000
000000000000001000100000
000000000000110000111111
000000000000000011000010
000000000000001000110111
111111111110110110111110
111111111111101000000011
111111111111011111001110
000000000000110001101110
111111111111001011011111
111111111111010111110111
000000000000000000100100
111111111111110011110110
000000000000110011001100
111111111111110010010101
000000000000001010000111
000000000001100110110001
111111111111111110000111
111111111101111100111010
111111111111111010001110
000000000000110110000110
111111111111011010000101
000000000000100011010001
111111111111111111110001
111111111111001001001101
111111111111111110010110
111111111111100011000101
111111111111111011111110
000000000000010100010010
000000000000110111011100
000000000000001001011111
000000000000101111100100
111111111111100011011100
111111111111001101100000
000000000000100100001000
111111111111110001011011
000000000000101000001100
000000000000010001101111
000000000000001001111101
111111111111100111100111
111111111110100010010001
000000000000000011001111
000000000000000010110111
000000000000010110110011
111111111111000010000011
111111111111111011010110
000000000000101100101100
111111111111111001101111
111111111111000110011100
000000000000001000100011
111111111111011111000101
111111111111111111001110
000000000000001101111010
111111111110111100001111
111111111111110111101111
111111111111100010111110
000000000000001111100010
000000000000011011010110
000000000000100010100100
000000000000011111011000
000000000000001011011010
000000000000001100000000
111111111111110111101011
000000000000001100010001
111111111111000011010000
111111111111111001000000
111111111101110011001111
000000000000011000111100
111111111111111011011001
000000000000100000010010
000000000000000110001011
111111111111101001000110
000000000000000101011011
111111111111111111111011
000000000000100001010110
111111111111111110100110
111111111111111011110111
111111111110101110001011
111111111111100000001110
000000000000000101110001
000000000000000001000000
000000000001000010000101
111111111111101100100010
000000000000001100011000
111111111111111010100001
111111111111100000001010
000000000000001000110001
000000000000000110010000
111111111110011101011010
000000000000000000111000
111111111101111011101000
000000000000011010101100
111111111110101100100001
111111111111001010000110
000000000000010100110010
111111111111011010110100
111111111111100001111010
000000000000000100110001
000000000000001011001110
000000000000000101100111
000000000000011111011010
000000000000100010111001
000000000000010000010101
000000000000100110011100
000000000000001111111100
111111111111111011110011
000000000000110010101111
000000000000001100111011
111111111111000011000001
000000000000000100011101
111111111111111000100100
000000000000001010000000
111111111110010111010011
111111111111111010101010
111111111101110001101101
000000000000001110101110
111111111111110100011100
111111111111110111111110
000000000000010001100010
111111111111011111010001
000000000001000010110110
000000000000000001011101
111111111111101101100100
111111111111111111011110
000000000000011000010101
000000000010001111011111
000000000000010100111111
000000000000010000111111
111111111111111000001001
000000000001000010010110
111111111111000010001001
111111111111100011110011
111111111111001111011010
111111111111110011010101
111111111111110100101110
000000000000000000101110
000000000000000110011000
111111111111111010010000
000000000010001100110001
111111111111110000110000
000000000000111010001000
111111111111111101111110
111111111111100100101111
111111111111111011010100
000000000001001100100101
111111111111110110110001
111111111111011000000110
111111111111111011011101
000000000000001000111111
000000000010010010101111
111111111111011100110101
000000000000011101011110
111111111111001111000100
000000000001001110001110
000000000001000101011000
000000000000000011101100
000000000000001011110010
000000000000001101011011
111111111111101111010001
111111111111110111101111
111111111110100111011110
000000000000000100100110
111111111111111100101011
000000000000011010110001
111111111111001110010110
111111111111110111111101
111111111111011010110001
111111111111011001100111
000000000000000000000000
000000000000000100010101
000000000000001110011010
000000000000000100111011
111111111111100000000111
111111111110001001000111
000000000000011111111011
000000000000111001010001
000000000000101111110111
000000000001010000011000
111111111111001001110010
111111111111011011000001
111111111111001101011100
111111111111011110111011
000000000000001000011000
000000000000000001110110
000000000000001000111100
111111111111111100101010
111111111111101001011101
111111111111101101011100
111111111111100100000000
000000000000010100110100
111111111111101101011100
111111111111100011010000
000000000000111101110001
000000000000000100110100
000000000000101111011000
000000000000000011100111
000000000000001110010000
111111111111000101110110
111111111111101110111010
000000000000001010010010
111111111111100100010110
111111111111001101111101
000000000000010010011001
111111111111111010011101
000000000000011000101011
000000000000111000100000
000000000000000101100101
111111111111110111011100
111111111110011101110010
000000000000000010010011
111111111110010111000000
111111111111100101001110
000000000000000011110111
111111111111011010111101
111111111111111000001001
111111111111010111111111
000000000000011001100110
111111111111111000001100
111111111111110100101100
111111111111111010001011
000000000000000110101111
000000000000101010100001
000000000000011000111001
000000000000110110011000
111111111111111000111010
111111111111011101011010
111111111111001111111111
000000000000100111010010
111111111111001100100011
000000000000001010101010
000000000000010000100011
111111111111111001111001
000000000000010010000100
000000000000000101101100
111111111110111101010101
111111111111110100101010
000000000001011001000110
000000000000110101101011
000000000000100010101000
111111111111110001011000
111111111111101011111110
111111111111111110101001
000000000000110000011100
000000000000000110110010
111111111111011111100000
111111111111101011000011
000000000000001011001100
111111111111010101111111
111111111111100111110100
000000000000101111111001
111111111110100110011011
000000000000001110110001
000000000000110010110011
000000000001000100011010
000000000000100101100101
000000000000000111111011
000000000000000100100010
111111111111010101010001
111111111111100100000101
111111111111100101001000
111111111111111111111011
111111111111110010010110
111111111111011101101001
111111111111111111100011
111111111101111111000011
111111111111100101111001
000000000000101001011011
000000000000000110011011
111111111111111111010110
000000000000000110110101
000000000001101010000001
111111111111101001100100
111111111110110011110000
000000000001000000001001
000000000001011000011110
111111111111110101100010
111111111111011001101010
111111111111010101000111
111111111111111001011100
000000000000010110001110
000000000000000101011000
111111111111110001010111
000000000000010001111000
000000000001010101101110
000000000000000000011000
000000000000100001000000
000000000000010101100111
000000000000000110010011
111111111110101101001011
000000000000111011000010
111111111110111110100100
000000000000010010110000
000000000000110101011100
000000000000010011001100
111111111110011100000111
000000000000101110101101
000000000000000011100001
000000000001000111100010
000000000001001111000111
000000000000101110000011
111111111111101001001010
111111111101000001100010
111111111111100100010101
000000000000000000110001
111111111111111010001100
111111111111100001001111
111111111111111011000011
000000000000001011000011
111111111111111111011111
111111111111001100001111
000000000001010010010101
111111111111110101010010
000000000000011101011010
111111111111100111011001
111111111111000110001001
000000000000000011001100
111111111111100011010010
111111111111110100001111
000000000000011010100101
111111111110110110010010
000000000000000111101100
111111111111111001011101
000000000001010111011101
000000000001101101001111
000000000000000000001110
111111111111000101100111
111111111111100010100110
000000000000010010100101
000000000000011100110111
000000000000101001110101
111111111111100011011101
000000000000011111010011
111111111111111111001111
111111111110100001011010
111111111111100101000001
111111111111110111010110
000000000001011100000101
111111111111001011011001
111111111111111010011010
000000000000010011111000
111111111110110010010100
111111111111011111101000
000000000001011001010000
000000000001011111010011
111111111110111110100011
111111111111011010100001
111111111110100011010111
111111111110010111100100
111111111111110100110001
111111111111110101000100
000000000000000110010111
000000000000011101010010
000000000000001000010101
111111111111100000000000
111111111111101111101001
111111111110101011000011
000000000000000000000100
000000000000000101011001
000000000000010011001010
000000000000000101100000
111111111110010100010111
111111111111001100001101
000000000001001110101011
111111111111110010101000
000000000000100110111111
111111111111110010000010
111111111110100010001110
111111111111011110001001
000000000001001100010101
000000000000111100010111
111111111111011100010011
000000000000110010010011
000000000000110111101001
111111111111100011001111
000000000000000110110000
000000000000000110001100
111111111111101000010011
000000000000100011100001
111111111111100101110111
111111111111000000010101
000000000000000000011101
111111111110100001110110
111111111111110101011000
000000000000001010000001
111111111101111111110000
111111111111011010110000
111111111111100011000111
111111111111110011011001
111111111110110001001100
111111111111101111001110
000000000000010001101111
000000000000110011011111
000000000000010101101110
000000000000101001011111
000000000000111011001100
000000000000001011111110
000000000000100001101111
000000000000101110010010
111111111111000111110101
000000000000011000110011
000000000000011100110010
111111111111011110001111
000000000000001011010100
000000000000001011111110
111111111111111111001101
000000000000001001101101
000000000000111111001010
000000000000000110110000
000000000001100001000010
111111111110111111101000
111111111111101100010101
000000000000010101110111
111111111110101000110010
111111111111111101100111
000000000000010110000110
000000000000010010100011
000000000000111001010001
111111111110110110000111
111111111111111111010110
000000000001000100101100
000000000000011000100001
000000000000100001100000
111111111111001101101101
000000000000001100001010
000000000000000110110000
111111111111011101010100
000000000000110001010101
000000000000011000101100
111111111111111111110010
000000000000001000001010
111111111110111111001110
111111111111111100010011
000000000010001001101001
000000000000101101110100
111111111110100101100101
111111111111100101010000
000000000000011110000111
111111111111111110111111
000000000001110101011110
000000000001010101011000
000000000000100111110000
000000000000111000100101
000000000001000111011001
111111111111111101011011
000000000000011000111010
111111111110001110011110
111111111111011100011000
111111111111011110110100
000000000000000011010011
111111111111101110000010
111111111111010101110110
000000000000001010101101
111111111111111111010010
111111111110110111101100
000000000000100011100100
000000000000001100011110
111111111111000011000101
111111111111110000110111
000000000000000011111001
111111111111110110110000
000000000001100001101001
111111111111011010010011
111111111110111011110111
000000000000010001010011
111111111111111000111110
000000000000111110000100
111111111111111000101011
000000000000110111010100
000000000000101110011001
000000000010110010000110
000000000000001010011010
111111111111011110111110
111111111111111100110101
111111111111101101010001
000000000000001111101110
111111111111010000011000
111111111111111111100000
111111111110101100101110
000000000000111011001001
111111111111110011011110
000000000001001001110110
000000000000111010100001
000000000000001010001111
111111111111111011000101
000000000000110001010001
000000000000000010100011
000000000000101011110011
111111111111000010110000
000000000000111000000011
111111111111000000101010
111111111110110111010100
000000000000001010000101
111111111111001001101011
111111111111100000000000
000000000000111101101110
111111111111101110101001
000000000000000101100000
000000000000001100110000
000000000000100100100100
000000000000110101001101
000000000000000000010010
000000000000101001011001
111111111110111001111001
111111111111111100110111
000000000000111101100001
000000000000110111010111
111111111111100001000100
000000000000001110100100
111111111110111000100101
111111111111101011011011
111111111110100001101000
111111111111111100110101
111111111111111011111111
000000000000011110011010
111111111111111010100110
000000000000011001110110
111111111111101100011000
000000000001011011010110
000000000000111001110100
000000000000001000011011
111111111111111001111111
000000000000010100110111
111111111111110100011101
000000000000010011101101
000000000000000000000100
111111111111100110111001
111111111111100000101101
111111111111111011101111
111111111111111000110001
000000000000101000011111
000000000000011110010110
111111111111111000100000
000000000000111110001100
111111111111101101100010
000000000000000111011000
000000000000000001110001
111111111111010100001111
111111111111101010000011
111111111111010010000011
111111111111010000100111
111111111111110000101010
111111111100111100101010
111111111111111001111000
111111111111100110111111
111111111111110101111000
111111111111011011010111
111111111111010001000111
111111111111101000110100
111111111111111111011000
111111111111101100000011
000000000000011001010010
000000000000001011100000
000000000010000001011110
000000000000001110001011
111111111111010111001111
000000000000000010110110
111111111110100000010010
111111111111101100101110
000000000001001011110001
111111111110110101100000
111111111111101111000111
000000000001011001111110
111111111111001110001010
111111111111111000001011
000000000000100011011010
111111111101001111110100
000000000000101110001101
000000000000100001000110
000000000000001010110110
111111111111101100111011
000000000000001001001001
111111111111110010101010
111111111111111111101001
111111111111001100010000
111111111110101111100000
111111111111110110111101
111111111111111111000111
111111111111000110000100
000000000001011001010111
111111111111110010101001
000000000000010110000100
111111111111110001101100
000000000001001111001011
000000000000101101001011
000000000001001011110100
111111111111000110101101
111111111111011001110101
111111111111111110001010
111111111111110100101001
000000000010111110100111
000000000000110010110000
000000000000001111010011
000000000000011011111000
000000000000001000010100
111111111111010011100000
000000000000010010011100
000000000000000000011011
000000000000111000101110
000000000001000100011000
000000000000000000000011
111111111110110010100001
000000000000001011011101
111111111111001011010111
000000000000010010000000
000000000000110010011111
000000000000001010111000
111111111111100000101010
111111111111000000100000
111111111111010011101011
111111111111001000000101
000000000000100010011110
000000000000101110010000
000000000000100110011011
000000000001000010010011
111111111111011010110110
111111111111011011101100
111111111111100110010100
111111111111110001010011
000000000000000000111101
111111111110111000110000
111111111111111111011110
000000000000000110110100
000000000001010110100011
000000000000000001111001
111111111110101110011111
111111111111000101001000
111111111111000011110000
000000000000000011011010
000000000000100011001101
111111111111110010101101
000000000000011011011010
000000000000101000110001
000000000000011000010001
000000000000011110010101
000000000000100001000010
111111111110011010110011
000000000000001011000010
000000000000101100111100
000000000000011111101111
000000000000010010111100
111111111111101111100000
000000000000011111100101
111111111111001111111001
111111111110110010100011
111111111111111111111101
111111111111010000010101
000000000000001100011000
000000000000000110111111
000000000000000111110100
000000000000000000011011
000000000000111100111110
000000000000000110001111
111111111111110101101011
111111111111101111110111
000000000001101001010100
111111111111111000000001
000000000000000001100011
000000000001001001010100
111111111111101101100001
111111111111011000100100
111111111111111010110101
111111111110001000110101
111111111111011111011001
000000000000001001011011
111111111111100101100001
111111111111111011111110
111111111111010011010000
111111111110101100101010
111111111111111111010011
000000000001001111001001
000000000000101000000101
000000000000001011011000
111111111111010101001000
111111111111011110101010
000000000000010100011100
111111111111100111011001
000000000001001110011110
000000000000000110110110
111111111111001001110000
111111111111001011011010
000000000000011000100100
111111111111111011010110
000000000000110000100001
111111111111010110111000
111111111111000110101101
000000000000010000101011
000000000000011011100101
000000000000001111000101
111111111111100100001010
000000000000011000010010
111111111111001111100001
111111111111010010010001
111111111111111111111001
000000000000001011110010
000000000000100001101111
000000000000001010100000
000000000001011111011011
111111111111110101101101
111111111111011110011000
000000000000000010010000
000000000000111100101000
000000000000011011111110
111111111110111010010011
111111111111101000101011
111111111111110011100111
000000000001001010001010
111111111111000011110111
000000000001011011101110
111111111111010001111101
111111111111010000111101
000000000000101000011000
000000000000000001000111
000000000000000001101101
000000000000011001111110
000000000000110000000001
000000000000101111010010
000000000000000000011110
000000000000000010111110
111111111111001100110011
000000000000000001011010
000000000001101101000010
000000000000111111000001
111111111110110111101010
000000000000010011001111
000000000000010111001110
000000000000011100110111
000000000001110010111110
111111111111010111010110
111111111110110010110101
000000000001010110000010
000000000001000010000011
111111111111110100010001
000000000000001011010001
000000000000110010001100
000000000000111110010100
111111111111110011100010
111111111111101000000111
111111111111101011000100
111111111111111110110111
111111111110101101001111
111111111111111111100101
000000000000001011101101
111111111110111000010010
000000000000001011110001
000000000000000000000001
111111111111100001111100
000000000000011010001001
111111111111101010011011
111111111110110000011000
111111111111101000100000
111111111110010111101111
111111111110110001110010
000000000001001010100110
000000000001011000001101
111111111111001100100000
000000000001110101101010
111111111111001111001011
111111111110000100101110
111111111111100001010011
000000000000000010110100
000000000000000010011010
000000000000001111000111
111111111111111000001110
000000000000111001101010
111111111111111111110001
111111111111100011001100
111111111111011010100111
000000000000001000110000
000000000001011001011101
111111111111011110010011
000000000001010101100111
111111111111110000001111
000000000000100010001011
111111111111110100100010
000000000000111000110110
111111111111110010001111
111111111111010110000100
111111111111001000011100
000000000000010001011001
000000000000010001110001
000000000000010111011111
000000000011010100010000
111111111111101011001001
111111111111110011001010
111111111111100101100100
111111111111110101100001
111111111111011100001110
000000000001010010111000
000000000000000000000001
000000000000110110010011
111111111111110000110101
000000000000001100010010
000000000000100011110000
000000000000110110000100
111111111111101011010001
000000000000011001011001
000000000000010000110100
000000000000001000010111
111111111110101101010111
111111111110110101011000
111111111111110100111100
111111111111011001110010
111111111111010001101010
111111111110000100010111
111111111111001110011010
000000000000100111110101
111111111111000010010100
111111111111110110110100
000000000000000101000111
111111111111100110001110
111111111111101001001011
000000000000100011000100
000000000000000000101101
111111111110101110010011
000000000001000010101001
000000000000000100011010
111111111111100010111001
000000000000001001011011
000000000001011000010101
111111111111100010001100
111111111110101100100011
111111111111111011110001
111111111111011001110010
000000000000111001101011
111111111111011001011111
