111111111110110111101100
000000000001100101000110
000000000000100011100100
111111111110000011000011
111111111111111011110011
111111111111100001010000
111111111111011001010101
000000000001001000101011
000000000001010011000101
000000000000010001010001
000000000000000001011001
111111111110011001010111
111111111110110001101110
000000000000001111110101
000000000001111010111001
000000000000011011011100
000000000000100101000000
111111111110100111101110
111111111110100100111111
000000000001001100111010
000000000000100001000110
111111111111100000101010
000000000000101100100011
111111111111101011100001
111111111111000001110101
111111111111110101100101
000000000000101110100101
000000000000011000001100
000000000001000010110110
111111111110101000011111
000000000001111010101010
000000000000000110001100
000000000010001101010010
111111111110101001111100
111111111111110100001101
000000000000011001110101
111111111110110011011101
000000000000001110010011
000000000001111110101100
000000000000011111001010
000000000000011011011000
111111111110101101010101
111111111110100010100011
000000000001000011011100
000000000000101000101101
111111111111100000101001
000000000000110010000000
111111111111101010001011
111111111110000110101101
000000000001001001000001
000000000000100001100010
000000000000010100111001
111111111101110001001100
111111111111010110000100
000000000001000101110001
111111111101101011000000
000000000010010101101110
111111111111101011011001
000000000001101010011011
111111111101110011100100
111111111111010001000111
111111111111000000011110
111111111110111111110011
000000000001000110100101
111111111111111010110101
000000000000100111010011
000000000001010100110110
000000000001000000001011
000000000000000111010001
000000000000011000111101
111111111110100111110101
000000000000101100111110
111111111111010000100011
111111111110111110100001
111111111110111011010011
000000000001001010010001
111111111111110101110001
000000000000101101100010
000000000001010110010110
000000000000111001101010
000000000000001000111100
000000000000011011010000
111111111110101001000101
000000000000101110101010
111111111111001111011011
111111111110111001110000
111111111110111011000000
000000000001000011011010
111111111111110101001000
000000000000101001101110
000000000001010110000111
000000000000111111000110
000000000000001000111001
000000000000010101010000
111111111110100110001101
000000000000101010010000
111111111111010010011100
111111111110111110000111
111111111110111111010110
000000000001000110100110
111111111111111000001000
000000000000101010011101
000000000001010110000110
000000000000111100000000
000000000000001001100100
000000000000010110011010
111111111110101011000000
000000000000101010000100
111111111111010001111000
111111111110111111000111
111111111111000000111001
000000000001001001100111
111111111111110111011000
000000000000101100000001
000000000001011000011111
000000000000111101000100
000000000000001010110111
000000000000011011010111
111111111110101001110101
000000000000101011110001
000000000000000000000000
000000000000000000000000
000000000000000000000000
000000000000000000000000
000000000000000000000000
000000000000000000000000
000000000000000000000000
000000000000000000000000
000000000000000000000000
000000000000000000000000
000000000000000000000000
000000000000000000000000
000000000000000000000000
000000000000000000000000
000000000000000000000000
000000000000000000000000
000000000000000000000000
000000000000000000000000
000000000000000000000000
000000000000000000000000
000000000000000000000000
000000000000000000000000
000000000000000000000000
000000000000000000000000
111111111110110011110110
000000000000001110111001
000000000001111001001001
000000000000011101000100
000000000000011101110001
111111111110101001001010
111111111110011110101110
000000000001000101101001
000000000000101001111011
111111111111011110010001
000000000000101111101001
111111111111101011100011
111111111110111010110000
000000000001100101101100
000000000000100110010000
111111111110000110010011
111111111111111010001110
111111111111100011100000
111111111111010111101011
000000000001000111110001
000000000001010000011001
000000000000001111111010
111111111111111101100010
111111111110011000001110
111111111110110011101100
000000000000001110001000
000000000001110111111100
000000000000011011100110
000000000000100100111001
111111111110101001001000
111111111110011110001010
000000000001000110110111
000000000000100110010110
111111111111100011101000
000000000000101011001100
111111111111101000000011
000000000000010010010000
111111111110101111000001
000000000000110010001011
000000000010001010011001
111111111110010000011101
111111111111111100000100
111111111111110111101110
111111111110010001001100
000000000000000001110111
111111111110001010101010
111111111111010101011010
000000000001000101111001
000000000001001011101111
111111111111110111010100
000000000001010100101111
111111111110010001000110
111111111111001100000101
000000000010000100100101
111111111111001111101111
111111111111101000000011
111111111110001011000111
000000000000000111100011
000000000001010001001011
000000000000001101011101
111111111110110001110001
000000000000001110010100
000000000010000010100001
000000000000011100010000
000000000000011011100111
111111111110101111111100
111111111110100100101011
000000000001000011110011
000000000000101000110110
111111111111100011100010
000000000000101111101100
111111111111100111001100
000000000000010010000000
111111111110111001011101
000000000000101110110110
000000000010001001100011
111111111110011010111000
111111111111111010100111
111111111111111001110111
111111111110011001111011
000000000000000100010000
111111111110010011010110
111111111111010100110100
000000000001000010010110
111111111110000111011000
000000000001001100101001
000000000000100011111000
000000000000011000011110
111111111101101011110011
111111111111011000000110
000000000001000111110000
111111111101100101111011
000000000010011001001000
111111111111101000110100
000000000001101100110111
111111111101111001111110
111111111111001111100110
111111111111000000101010
111111111110111010111101
000000000001001100001110
111111111111110111001111
000000000000100100100110
000000000001010000100110
000000000001000001100100
000000000000000101100011
000000000000011001111000
111111111110100010110100
000000000000101011011001
111111111111010011101001
111111111110111110010111
111111111110111110100111
000000000001001001011000
111111111111111011111100
000000000000100101110011
000000000001010110110100
000000000001000010001001
000000000000001000011000
000000000000011101100000
111111111110100100000010
000000000000101010011011
000000000000000000000000
000000000000000000000000
000000000000000000000000
000000000000000000000000
000000000000000000000000
000000000000000000000000
000000000000000000000000
000000000000000000000000
000000000000000000000000
000000000000000000000000
000000000000000000000000
000000000000000000000000
000000000000000000000000
000000000000000000000000
000000000000000000000000
000000000000000000000000
000000000000000000000000
000000000000000000000000
000000000000000000000000
000000000000000000000000
000000000000000000000000
000000000000000000000000
000000000000000000000000
000000000000000000000000
