000000000000010011101001
111111111111111111111101
000000000001010101001010
000000000000000001100010
000000000001110110000101
111111111110000100001110
000000000010010010100000
000000000010011101110011
111111111111011001100110
000000000000011010001011
000000000001001111010000
111111111111011101000011
000000000000100000010110
000000000000010000000101
111111111110001010100011
111111111110011111000111
000000000011101001001000
111111111111001111100001
000000000011111111000010
111111111110110110010110
111111111110001110010000
000000000001011000011101
000000000001101010000001
111111111110000000111111
111111111110100111111001
000000000010001010100011
111111111011001011010011
000000000001111110001111
111111111010001110110010
000000000000011011001111
000000000000011111101111
111111111100111011010101
111111111101000101101001
000000000000100100111000
111111111101011011111110
000000000010111111000000
111111111111110000001000
111111111101010111101101
000000000000010010010110
111111111111000011100110
000000000001110101111011
000000000001111111111000
111111111111111111011000
111111111101101011110100
111111111110100111110001
000000000001000101111011
111111111111100000111010
000000000000011010001000
111111111111110101101000
111111111110011101010100
000000000001010010011010
000000000000100010011100
111111111111100111001111
000000000001011100001111
000000000001011000011001
111111111110011010010101
000000000001101000111110
000000000010100011111111
000000000010100100010100
111111111000000100000000
111111111111010110011000
111111111111010101001100
000000000000001100010001
000000000011111001100100
111111111111010011010010
000000000011000110010101
000000000110101001110010
000000000000100101001110
000000000000001110101000
000000000010111011101101
111111111011110110011110
111111111110100110100001
000000000000000111100101
000000000010110011011111
111111111101011000101001
000000000010110111000010
000000000010001010111011
000000000000110000110001
111111111101100011001011
000000000100001110000110
111111111111011000010001
111111111110100100011110
111111111110110011001010
111111111111101111010110
111111111111110110110101
000000000000011010001100
000000000011001101101101
000000000000100011000111
111111111101011011011000
000000000010101010101110
111111111110111011101101
111111111110011110110110
000000000000010011110111
000000000000101011101101
000000000000101001000110
111111111110001010010111
000000000011101111010011
111111111101101110001000
000000000001010011100000
111111111111100111011001
111111111101100111001001
000000000010000110101010
000000000001101011110110
111111111111101011111110
000000000000100111001011
111111111011101001110110
111111111101101000001110
111111111110101011101011
111111111110011110111111
000000000000011111110110
111111111101101001110000
111111111101110010110110
111111111100111100101101
000000000000101111111000
111111111111110011010110
111111111100011010100101
000000000000001110101011
000000000010011111011000
111111111110001011100010
111111111101111100000101
111111111111001110011110
111111111111001001110110
111111111110111001101101
000000000001001111010011
000000000000000010010011
111111111110101010111111
111111111011110111110110
111111111100101111011110
000000000001010000100100
000000000010111100011110
000000000001010001010001
111111111110101111001000
000000000001001110111000
000000000000000111110011
111111111111110000011000
000000000000001111111010
000000000000100000011111
111111111101101101011110
000000000001001001000101
111111111111011111111110
111111111111000010010110
000000000001111011010011
000000000100010110011110
000000000000101011101101
111111111111111001000011
111111111110001100011010
000000000000001100001001
111111111110011110101011
000000000001010101011100
000000000000010001010111
000000000001110111100001
111111111111010111011010
111111111111110000011100
111111111110001111101100
111111111110100001110010
111111111111111111111010
000000000011100111000111
000000000001011000000111
000000000000110111101001
000000000000101001110000
000000000001101101100011
000000000010001010100101
000000000000111010110011
000000000000101110110010
111111111110111101100001
111111111110110000110110
000000000001011010100110
000000000000011010011000
000000000001100101100100
111111111011100001010011
111111111100011100101101
111111111101010111011011
111111111110010111110010
000000000000110101111011
000000000000100100011111
111111111011001001110111
111111111111101110011001
111111111110111111110001
000000000001011100101010
000000000000010011010100
000000000000100001100110
111111111111100111011001
000000000000001101111011
000000000000001010110110
111111111110010101010111
000000000000101010011110
111111111101001011101010
111111111111000111011100
111111111110000111111110
000000000010111100010000
111111111101001110011010
111111111111011000000111
000000000111111101001110
111111111100010011001000
000000000010100100111001
111111111110011110000111
111111111101100101111010
000000000010101011000010
000000000001000110000011
000000000000011000001011
000000000011000001100110
111111111110100011101001
000000000010100010010001
111111111011011011111001
111111111101110010110100
000000000011110101010010
000000000000110001101011
000000000000100001001111
111111111111011101100100
111111111111110010000000
000000000001110100111011
111111111110101010110000
111111111111010100010111
111111111101011001101100
000000000000010001100101
111111111011111000100111
000000000000000010010000
111111111111011100101001
111111111110101101000110
000000000001011111001100
000000000001110011010110
000000000011100101111010
000000000001111100001100
000000000010011110000001
111111111101101111111111
111111111110010011101011
111111111110001011011110
111111111101001001011101
000000000011111001010011
000000000100011111000100
111111111110111011001000
111111111011111110001101
000000000011110111110110
111111111111011111000010
000000000010100111100101
000000000110001100110001
000000000000011100011101
000000000000011001011101
000000000011111110110100
111111111100010111111000
000000000000011011100101
111111111111101000111000
111111111111111000111000
111111111100101011010111
000000000000111000001100
111111111100101110001001
000000000010100010100100
111111111011111001111100
111111111110001001010010
111111111111000010011110
111111111101000010110111
000000000001000001111010
000000000000101100000001
111111111101101111011011
111111111011100100110111
111111111100110100010001
111111111001111111011001
000000000001010010010001
000000000011011100111011
000000000011000110011111
000000000001100001101101
000000000001011011010100
111111111110100011000010
111111111101110010101001
111111111100001000111100
111111111110100101011001
111111111110100001000011
111111111111111110110101
111111111110110010110010
111111111100010100110101
111111111011011100001111
000000000000111111010100
111111111110101000111000
000000000010101100101101
111111111110100111000111
111111111101101001111110
111111111101111001101001
111111111111111001101000
000000000011100100010011
111111111111110011001000
111111111110101010111011
000000000000111001110111
111111111110110101000010
111111111111111101101011
000000000000011001111000
000000000000001010001010
111111111101011010110110
000000000001000000100111
000000000000101000000111
111111111100001001110001
111111111110000000010011
111111111100001110000010
111111111111111001111001
000000000010000010111110
111111111100110110110000
000000000000101001110000
000000000001110011111001
000000000110111111100010
000000000000011000001111
111111111111100111101011
000000000001100110101110
000000000001101111111010
000000000000110001110010
000000000010111100100111
000000000000001000001001
111111111111101000011101
000000000010101010001101
111111111101011101101111
111111111011111100110101
111111111110000010110000
000000000001010100100011
000000000000101110001001
111111111101011010110100
000000000010000101001010
111111111110000111001100
000000000001010010100011
111111111100101000101001
111111111111001000110100
111111111111110001000000
111111111110001101001110
111111111110010100010110
111111111110100001111111
111111111110110000010111
000000000010110001100110
000000000000001111001001
000000000000001110101110
000000000000010110000101
000000000000000001100110
000000000010100110000111
000000000000101111101110
000000000000011000111110
111111111111111111101101
111111111110010111011111
000000000001110101001110
111111111101101100110000
000000000001111110000000
111111111111011011001000
000000000001110000101110
000000000001100011111111
000000000000101100001110
000000000001011100001010
111111111100100111101101
111111111111101010001000
111111111101110110101111
111111111100011011011111
111111111111011000010110
111111111101111110101010
000000000000100100011101
111111111101111101010100
000000000101110011110100
000000000010111011001100
000000000100111111111101
111111111110110001000101
000000000010011011101000
000000000001100111110101
111111111111111001111011
000000000000101000101000
111111111111011000011111
000000000000000011000010
000000000000000001011011
000000000000010011101001
000000000010001111110011
111111111111111001100010
000000000010000101001011
111111111110010100101001
111111111101010101010000
111111111101011111100101
000000000000110011011101
000000000001111011011001
000000000001101101001001
000000000000101000011010
000000000000001011110010
000000000001010011100010
111111111111010001101110
000000000010000110001001
000000000000011001010110
111111111111110011111111
000000000010001001001110
111111111111100010100101
111111111101111001001101
000000000000001001111011
111111111101001011111010
111111111101111111000111
000000000001111110010100
000000000010100111101101
000000000010101010010001
111111111100001111100100
000000000000101110010001
000000000000011010010000
111111111111011010101110
000000000001001100010000
111111111111000101100010
111111111111010000111101
111111111110101101010100
111111111011010010001100
111111111111101111101100
000000000000101110011011
000000000010110011011000
000000000000101111101101
000000000000100000100010
111111111101011100100010
000000000010100001001111
000000000011001010110110
111111111111101011101110
000000000001011000001010
000000000000100100000100
000000000001001110100101
111111111011011111000111
000000000010111001001100
000000000000010111010010
111111111111110001100011
000000000000010100101100
000000000001111110111101
111111111010111010001100
000000000001110001010001
111111111011101001001010
111111111111101110011000
111111111110101000001010
111111111101110111110100
111111111111111101110010
111111111111101011100101
000000000010111111111111
111111111110011011011011
000000000001111010101010
000000000011101100111110
000000000000001011101110
111111111111000011110011
111111111111011000011111
000000000001001001100010
000000000000000001000110
000000000001000110000110
111111111100100110011010
