111110010000011100
000011101011101100
000000111111111010
111111100000000000
111011011000101000
000010011110101101
111111100000000000
000000000000000000
000011001101001011
000001111111010101
000000111111111010
111001001101010110
000100110101111110
111011100111010111
111111110000000000
000001001111110101
111111110000000000
111111010000000010
000010001111000011
000011001101001011
000001011111101110
111110100000010001
111101010001101101
000010001111000011
111100110010110100
000001001111110101
111110100000010001
111111100000000000
111100100011100000
000000011111111111
111100000101001101
000001101111100011
111110100000010001
111001011010100011
000001011111101110
111111110000000000
000000001111111111
000110100101011100
000111100101101100
000010011110101101
111110100000010001
000001111111010101
111101110000111100
000100001001110001
111010101101001111
111101100001010010
111111110000000000
000110100101011100
111100110010110100
000111100101101100
000011001101001011
000010011110101101
000001101111100011
000001001111110101
000001111111010101
000001111111010101
111100110010110100
111111100000000000
111000011010010011
111110010000011100
000000101111111101
111110000000101010
111001011010100011
111100110010110100
111110110000001010
111110110000001010
111111110000000000
000010011110101101
111011011000101000
000000101111111101
111111010000000010
000001011111101110
000000001111111111
000010011110101101
000100011000101000
111100010100010011
111101100001010010
111101100001010010
000000101111111101
111101000010001110
111010011111000100
000000111111111010
000011001101001011
111110100000010001
111111100000000000
111001100111111011
000110110010101001
111110110000001010
111011100111010111
111111100000000000
000010001111000011
111111000000000101
111100110010110100
000010011110101101
000100110101111110
000011111010110010
000000101111111101
000010001111000011
111101110000111100
000000101111111101
111100010100010011
000011011100011111
111100010100010011
000010001111000011
000010111101110001
111111110000000000
000000101111111101
000100100111010111
000010001111000011
111010101101001111
000000101111111101
000011111010110010
111111110000000000
000010111101110001
111010101101001111
111111000000000101
000110001010100001
000000001111111111
111111110000000000
111101000010001110
000000000000000000
000000000000000000
000000000000000000
000000000000000000
000000000000000000
000000000000000000
000000000000000000
000000000000000000
000000000000000000
000000000000000000
000000000000000000
000000000000000000
000000000000000000
000000000000000000
000000000000000000
000000000000000000
000000000000000000
000000000000000000
000000000000000000
000000000000000000
000000000000000000
000000000000000000
000000000000000000
000000000000000000
000011111010110010
000010011110101101
111111010000000010
111010101101001111
111100110010110100
111100010100010011
000011111010110010
111111110000000000
111110010000011100
111110110000001010
111101110000111100
000101111100110100
111101000010001110
000111100101101100
000011011100011111
000001111111010101
000001001111110101
111100100011100000
000000001111111111
000000101111111101
000011001101001011
111111000000000101
111111100000000000
111111110000000000
111110010000011100
111110100000010001
000001001111110101
000001001111110101
000000101111111101
000001101111100011
111101010001101101
111101000010001110
000000001111111111
000100001001110001
111000011010010011
111101010001101101
000011111010110010
000001001111110101
111110010000011100
111111000000000101
111110000000101010
111011011000101000
000100100111010111
111001011010100011
000101100000111011
000001001111110101
111110100000010001
111110010000011100
000000111111111010
000000011111111111
000001101111100011
111101110000111100
000000011111111111
111011110110001110
000000011111111111
111101010001101101
111111010000000010
000011001101001011
000000101111111101
000001101111100011
111110100000010001
111010101101001111
000000101111111101
000000001111111111
000110111111101011
000101000100011100
000100110101111110
000001101111100011
000000000000000000
000001001111110101
111010101101001111
111101100001010010
111111010000000010
111111010000000010
000001111111010101
000011111010110010
000101100000111011
000010111101110001
000000011111111111
000000001111111111
111111000000000101
000010011110101101
111011100111010111
000100011000101000
000101101110111101
000000000000000000
111111110000000000
000000011111111111
000000000000000000
000000011111111111
000000001111111111
111101100001010010
111010000011001011
111001110101011110
111111000000000101
111010010001000010
000010101110010010
000100011000101000
111011100111010111
111110010000011100
111110000000101010
111101000010001110
000000011111111111
000010011110101101
111100100011100000
111011001010000001
000001001111110101
111101000010001110
000100011000101000
000100100111010111
111101000010001110
111111010000000010
111011011000101000
000010011110101101
000000101111111101
111011110110001110
000001011111101110
000001011111101110
111110010000011100
111110110000001010
000000000000000000
000000000000000000
000000000000000000
000000000000000000
000000000000000000
000000000000000000
000000000000000000
000000000000000000
000000000000000000
000000000000000000
000000000000000000
000000000000000000
000000000000000000
000000000000000000
000000000000000000
000000000000000000
000000000000000000
000000000000000000
000000000000000000
000000000000000000
000000000000000000
000000000000000000
000000000000000000
000000000000000000
111100010100010011
000000101111111101
000001111111010101
000000000000000000
111110110000001010
000010111101110001
111110100000010001
111111010000000010
000000101111111101
111111110000000000
111101010001101101
111100100011100000
000011101011101100
111110000000101010
000000011111111111
111111010000000010
111111110000000000
111100110010110100
000000001111111111
000001101111100011
111111110000000000
000000101111111101
000001011111101110
111111100000000000
111111110000000000
000011001101001011
111110100000010001
111111010000000010
111101110000111100
111111010000000010
111101000010001110
000000001111111111
111111100000000000
111101100001010010
000000001111111111
111111110000000000
000000000000000000
000011101011101100
000011111010110010
000000011111111111
111111000000000101
111111100000000000
111110110000001010
000000000000000000
111100000101001101
111101100001010010
111111000000000101
000101010010110000
111111010000000010
000100011000101000
000011111010110010
111111110000000000
000010001111000011
000000101111111101
000000000000000000
000000000000000000
000000011111111111
000000011111111111
111011001010000001
111110110000001010
000000011111111111
111011100111010111
111110100000010001
111110110000001010
000001011111101110
111110110000001010
111111010000000010
000011001101001011
111110110000001010
000001001111110101
111101010001101101
000000001111111111
000011011100011111
111101000010001110
000010101110010010
111100010100010011
111111010000000010
111111100000000000
000000001111111111
000001011111101110
111101010001101101
000001101111100011
111111110000000000
111111100000000000
111110000000101010
111010111011100011
000001111111010101
111111100000000000
111110100000010001
111110100000010001
000000001111111111
000000111111111010
111110100000010001
000000000000000000
000011001101001011
000001011111101110
000001101111100011
111101110000111100
111101000010001110
000001001111110101
111111000000000101
000011001101001011
111111110000000000
000100100111010111
000000111111111010
111101010001101101
000000011111111111
000100011000101000
000000101111111101
111011110110001110
000000111111111010
000000101111111101
000000000000000000
000000111111111010
111110110000001010
111111000000000101
000001101111100011
000001101111100011
111110000000101010
000001111111010101
000000000000000000
000000000000000000
000000000000000000
000000000000000000
000000000000000000
000000000000000000
000000000000000000
000000000000000000
000000000000000000
000000000000000000
000000000000000000
000000000000000000
000000000000000000
000000000000000000
000000000000000000
000000000000000000
000000000000000000
000000000000000000
000000000000000000
000000000000000000
000000000000000000
000000000000000000
000000000000000000
000000000000000000
