111111111111010111111000
000000000000010111011111
000000000000100101001100
111111111111100001100010
000000000000100100011100
111111111110111100100110
111111111111100111110111
000000000000000000010010
000000000000100111011111
111111111111101101110001
111111111111001111111101
000000000000110000010010
000000000000110001010000
000000000001001000110000
000000000000110100001011
111111111111010010001010
000000000000110000100001
000000000001000001101001
000000000001000110110001
000000000001000100110101
000000000000111101011101
111111111110111011001100
111111111111100110101011
111111111111010001110100
000000000000001000111010
000000000000011111000001
111111111110101010110011
111111111111110011111101
111111111111110110101000
000000000001000011100011
000000000000110000100110
000000000000101010101110
000000000001001001001001
111111111111000010101111
111111111110110001101101
000000000000100001100110
000000000000100000001010
111111111111011000000001
111111111111011101100001
000000000000101100110100
000000000000011011100010
000000000001000011001111
111111111111010011011001
000000000000001100100100
000000000000001010000001
111111111111010111011011
111111111110101111110000
111111111111100110011011
000000000000011110011010
111111111110101100111011
000000000001000001111100
111111111111100101000100
000000000000000100101010
000000000001001001111001
111111111110111011101100
111111111111101000100101
111111111111110111010101
000000000001001111000100
111111111111000010110100
000000000000110001011001
111111111111100101011110
111111111111010010011010
111111111110111010001100
000000000000000111011001
000000000001010100110011
111111111111000101101101
000000000000100110100010
000000000000110100101111
111111111110110101110101
111111111111011011100001
000000000001010001111011
000000000000010110110011
000000000000001001100010
000000000000011111001100
111111111110101001100011
111111111111110010001011
111111111111110111111110
000000000001000011101111
000000000000110000101110
000000000000101010100000
000000000001001001011100
111111111110111110001100
111111111110110010000001
000000000000100010011110
000000000000100010001110
111111111111010111111000
111111111111011011100101
000000000000101101000110
000000000000011001001100
000000000001000100001011
111111111111010011001100
000000000000001100101101
000000000000001001101101
111111111111010110001101
111111111110101111001010
111111111111100101101011
111111111111001011101001
111111111111000101001011
111111111111110011111010
111111111111110000010110
111111111111010101001100
000000000000100110111101
111111111110110000011101
000000000000111001000011
111111111110101100110111
111111111111101110000011
000000000001000000101100
000000000001001011111000
000000000001000001111110
111111111111010001001010
000000000000101110000010
111111111111011000011101
000000000000010000010001
000000000000111100000011
000000000000101011001111
111111111111110100000101
000000000000000000011101
000000000000000101110001
000000000001010011001100
000000000000101000011101
000000000000010110011100
000000000000111110001110
111111111111001100001011
000000000000000011010010
111111111111000011100000
111111111110101101100111
111111111111101101011000
000000000000001000111100
111111111111101100110010
111111111111101011101010
111111111111111110001011
000000000001000010110101
000000000000101110111111
111111111111011011010010
000000000000100100101101
111111111111010111101011
000000000000110010010010
000000000000100000100011
000000000000110010000110
000000000000000011110111
111111111111011111101101
111111111111111110111000
000000000000011011101010
000000000000100000110001
000000000000010100100011
000000000000111100110111
111111111111001010100101
000000000000000010000101
111111111111000011000000
111111111110101101011111
111111111111101110110000
000000000000001001000011
111111111111101100100010
111111111111101100001111
111111111111111100101000
000000000001000010101100
000000000000101111101100
111111111111011011011010
000000000000100101001100
111111111111010110101011
000000000000110011000000
000000000000100001010100
000000000000110001010001
000000000000000011111001
111111111111011111110111
111111111111111111001010
000000000000011011100110
000000000000011111011011
000000000000010101101110
000000000000111101101000
111111111111001010011011
000000000000000011100000
111111111111000010111101
111111111110101110100000
111111111111101101001010
000000000000001000101011
111111111111101011110100
111111111111101011000010
111111111111111101011011
000000000000111100111111
000000000000101111100111
111111111111011011001110
000000000000100101000011
111111111111010110000110
000000000000101111111100
000000000000100010000001
000000000000110010001101
000000000000000100100001
111111111111100000010011
111111111111111110000111
000000000000011001111011
000000000000100001110011
000000000000010110101001
000000000000111110001101
111111111111001011101101
000000000000000011111100
111111111111000010100011
111111111110110010100100
111111111111101101110110
000000000000001001000001
111111111111101100001101
111111111111101011011011
111111111111111101000110
000000000001000011101001
000000000000110000001001
111111111111011011001110
000000000000100100111001
111111111111010101101010
000000000000110000111100
000000000000100001000010
000000000000110010000100
000000000000000010101000
111111111111011111111011
000000000000000000101000
000000000000011011111010
000000000000100001100101
000000000000010110001001
000000000000111110011111
111111111111001010011110
000000000000000010100101
111111111111000011010111
111111111110101100011101
111111111111101110100000
000000000000001000110110
111111111111101011111011
111111111111101010110101
111111111111111101000100
000000000001000011110011
000000000000101110001000
111111111111011011111010
000000000000100100010000
111111111111011001100111
000000000000110010111101
000000000000100010101001
000000000000110000000000
000000000000000011111011
111111111111100010101110
111111111111111111011001
000000000000011011101000
000000000000100001110101
000000000000000000000000
000000000000000000000000
000000000000000000000000
000000000000000000000000
000000000000000000000000
000000000000000000000000
000000000000000000000000
000000000000000000000000
000000000000000000000000
000000000000000000000000
000000000000000000000000
000000000000000000000000
000000000000000000000000
000000000000000000000000
000000000000000000000000
000000000000000000000000
000000000000000000000000
000000000000000000000000
000000000000000000000000
000000000000000000000000
000000000000000000000000
000000000000000000000000
000000000000000000000000
000000000000000000000000
000000000000000000000000
000000000000000000000000
000000000000000000000000
000000000000000000000000
000000000000000000000000
000000000000000000000000
000000000000000000000000
000000000000000000000000
000000000000000000000000
000000000000000000000000
000000000000000000000000
000000000000000000000000
000000000000000000000000
000000000000000000000000
000000000000000000000000
000000000000000000000000
000000000000000000000000
000000000000000000000000
000000000000000000000000
000000000000000000000000
000000000000000000000000
000000000000000000000000
000000000000000000000000
000000000000000000000000
000000000000000000000000
000000000000000000000000
000000000000000000000000
000000000000000000000000
000000000000000000000000
000000000000000000000000
000000000000000000000000
000000000000000000000000
000000000000000000000000
000000000000000000000000
000000000000000000000000
000000000000000000000000
000000000000000000000000
000000000000000000000000
000000000000000000000000
000000000000000000000000
000000000000000000000000
000000000000000000000000
000000000000000000000000
000000000000000000000000
000000000000000000000000
000000000000000000000000
000000000000000000000000
000000000000000000000000
000000000000000000000000
000000000000000000000000
000000000000000000000000
000000000000000000000000
000000000000000000000000
000000000000000000000000
000000000000000000000000
000000000000000000000000
000000000000000000000000
000000000000000000000000
000000000000000000000000
000000000000000000000000
000000000000000000000000
000000000000000000000000
000000000000000000000000
000000000000000000000000
000000000000000000000000
000000000000000000000000
000000000000000000000000
000000000000000000000000
000000000000000000000000
000000000000000000000000
000000000000000000000000
000000000000000000000000
000000000000000000000000
000000000000000000000000
000000000000000000000000
000000000000000000000000
000000000000000000000000
000000000000000000000000
000000000000000000000000
000000000000000000000000
000000000000000000000000
000000000000000000000000
000000000000000000000000
000000000000000000000000
000000000000000000000000
000000000000000000000000
000000000000000000000000
000000000000000000000000
000000000000000000000000
000000000000000000000000
000000000000000000000000
000000000000000000000000
000000000000000000000000
000000000000000000000000
000000000000000000000000
000000000000000000000000
000000000000000000000000
000000000000000000000000
000000000000000000000000
000000000000000000000000
000000000000000000000000
000000000000000000000000
000000000000000000000000
000000000000000000000000
000000000000000000000000
000000000000000000000000
000000000000000000000000
000000000000000000000000
000000000000000000000000
000000000000000000000000
000000000000000000000000
000000000000000000000000
000000000000000000000000
000000000000000000000000
000000000000000000000000
000000000000000000000000
000000000000000000000000
000000000000000000000000
000000000000000000000000
000000000000000000000000
000000000000000000000000
000000000000000000000000
000000000000000000000000
000000000000000000000000
000000000000000000000000
000000000000000000000000
000000000000000000000000
000000000000000000000000
000000000000000000000000
000000000000000000000000
000000000000000000000000
000000000000000000000000
000000000000000000000000
000000000000000000000000
000000000000000000000000
000000000000000000000000
000000000000000000000000
000000000000000000000000
000000000000000000000000
000000000000000000000000
000000000000000000000000
000000000000000000000000
000000000000000000000000
000000000000000000000000
000000000000000000000000
000000000000000000000000
000000000000000000000000
000000000000000000000000
000000000000000000000000
000000000000000000000000
000000000000000000000000
000000000000000000000000
000000000000000000000000
000000000000000000000000
000000000000000000000000
000000000000000000000000
000000000000000000000000
000000000000000000000000
000000000000000000000000
000000000000000000000000
000000000000000000000000
000000000000000000000000
000000000000000000000000
000000000000000000000000
000000000000000000000000
000000000000000000000000
000000000000000000000000
000000000000000000000000
000000000000000000000000
000000000000000000000000
000000000000000000000000
000000000000000000000000
000000000000000000000000
000000000000000000000000
000000000000000000000000
000000000000000000000000
000000000000000000000000
000000000000000000000000
000000000000000000000000
000000000000000000000000
000000000000000000000000
000000000000000000000000
000000000000000000000000
000000000000000000000000
000000000000000000000000
000000000000000000000000
000000000000000000000000
000000000000000000000000
000000000000000000000000
000000000000000000000000
000000000000000000000000
000000000000000000000000
000000000000000000000000
000000000000000000000000
000000000000000000000000
000000000000000000000000
000000000000000000000000
000000000000000000000000
000000000000000000000000
000000000000000000000000
000000000000000000000000
000000000000000000000000
000000000000000000000000
000000000000000000000000
000000000000000000000000
000000000000000000000000
000000000000000000000000
000000000000000000000000
000000000000000000000000
000000000000000000000000
000000000000000000000000
000000000000000000000000
000000000000000000000000
000000000000000000000000
000000000000000000000000
000000000000000000000000
000000000000000000000000
000000000000000000000000
000000000000000000000000
000000000000000000000000
000000000000000000000000
000000000000000000000000
000000000000000000000000
000000000000000000000000
000000000000000000000000
000000000000000000000000
000000000000000000000000
000000000000000000000000
000000000000000000000000
000000000000000000000000
000000000000000000000000
000000000000000000000000
000000000000000000000000
000000000000000000000000
000000000000000000000000
000000000000000000000000
000000000000000000000000
000000000000000000000000
000000000000000000000000
000000000000000000000000
000000000000000000000000
000000000000000000000000
000000000000000000000000
000000000000000000000000
000000000000000000000000
000000000000000000000000
000000000000000000000000
000000000000000000000000
000000000000000000000000
000000000000000000000000
000000000000000000000000
000000000000000000000000
000000000000000000000000
000000000000000000000000
000000000000000000000000
000000000000000000000000
000000000000000000000000
000000000000000000000000
000000000000000000000000
000000000000000000000000
000000000000000000000000
000000000000000000000000
000000000000000000000000
000000000000000000000000
000000000000000000000000
000000000000000000000000
000000000000000000000000
000000000000000000000000
000000000000000000000000
000000000000000000000000
000000000000000000000000
000000000000000000000000
000000000000000000000000
000000000000000000000000
000000000000000000000000
000000000000000000000000
000000000000000000000000
000000000000000000000000
000000000000000000000000
000000000000000000000000
000000000000000000000000
000000000000000000000000
000000000000000000000000
000000000000000000000000
000000000000000000000000
000000000000000000000000
000000000000000000000000
000000000000000000000000
000000000000000000000000
000000000000000000000000
000000000000000000000000
000000000000000000000000
000000000000000000000000
000000000000000000000000
000000000000000000000000
000000000000000000000000
000000000000000000000000
000000000000000000000000
000000000000000000000000
000000000000000000000000
000000000000000000000000
000000000000000000000000
000000000000000000000000
000000000000000000000000
000000000000000000000000
000000000000000000000000
000000000000000000000000
000000000000000000000000
000000000000000000000000
000000000000000000000000
000000000000000000000000
000000000000000000000000
000000000000010110110110
000000000000000111011001
000000000000110001011101
000000000000001001110100
000000000001001010010111
111111111111001001100100
000000000000010110111010
111111111111110110001100
111111111111100111101000
000000000000111101010110
111111111110111011101000
111111111110101110100110
111111111111010001111101
111111111111010010000111
111111111111110101011111
111111111111001111001111
111111111111010000100001
111111111111001100100000
111111111111111101100001
000000000000110110000000
000000000000001110000000
111111111111110111110000
111111111110111101001000
000000000001000101001100
111111111111010111111001
000000000000011000000001
000000000000100100101100
111111111111100011010000
000000000000100100100000
111111111110111011111101
111111111111100110000011
000000000000000001000000
000000000000101100000010
111111111111101101111001
111111111111001111111010
000000000000110001010011
000000000000101110101010
000000000001001001111101
000000000000110011011010
111111111111010010001100
000000000000110000000111
000000000001000011011100
000000000001000110001011
000000000001000011111000
000000000000111100010001
111111111110110010011101
111111111111100110111010
111111111111010010011010
000000000001000110111011
000000000000000100000101
111111111111111000101111
111111111110110000011011
111111111111010000111100
000000000000101010010110
111111111111101001000111
000000000001000011010001
000000000000111000011101
000000000000001110011110
111111111111011000001011
111111111110101011101111
111111111111001111101111
000000000000100001011000
111111111111110010101100
111111111111101010011110
111111111110111101010010
000000000000011111000100
000000000000101111001110
000000000000001001101000
111111111111110001011110
111111111110111000111101
111111111111111100100111
111111111111100010110011
111111111110111110010111
111111111111001010001010
111111111111100110101010
000000000000001011110111
000000000000101101011000
000000000000100100010011
000000000000011101101000
111111111111100101011011
000000000001000111111010
111111111111001111101101
111111111111001010010011
000000000000101101111101
111111111111001010101000
000000000001001001110010
111111111111000110010110
000000000001010000001000
000000000000001101010100
111111111110110100111001
111111111111010101011010
111111111111001010110000
000000000000111011000010
000000000000000111100110
000000000001000101101101
111111111111001100000100
111111111110101011100010
000000000000011001101101
000000000000111010110110
111111111111101100100111
000000000001001001001101
000000000001000001101100
111111111111010111110011
111111111111011100101001
111111111110101110010100
111111111111000001100010
111111111111011110011001
000000000000011110111110
111111111111010001011011
111111111111001111011101
111111111111011010111111
111111111111010101111000
000000000000010011110001
111111111111111110101111
000000000000110100110011
000000000000011010001111
111111111111011011111101
111111111111011000011110
111111111110110100111010
000000000000000110101101
000000000001000110100101
000000000000000101011011
111111111111111000010100
111111111110110010111101
111111111111010010001011
000000000000101010001100
111111111111100111000100
000000000001000010000000
000000000000111010011111
000000000000001101111110
111111111111011010101110
111111111110101100000000
111111111111010000010111
000000000000100010110111
111111111111110010100110
111111111111101010001110
111111111110111101000100
000000000000100000100011
000000000000110000011100
000000000000001001101010
111111111111110001010011
111111111110111001000101
111111111111111100100001
111111111111100011011010
111111111110111111101000
111111111111000100011100
111111111111100110010000
000000000000001011010001
000000000000101100011111
000000000000100011101100
000000000000011110000100
111111111111100101001000
000000000001000111110101
111111111111001111001011
111111111111001100111000
000000000000101101111010
111111111111001011000100
000000000001001000000101
111111111111000111001000
000000000001010010001001
000000000000001101011010
111111111110110100001010
111111111111010101101111
111111111111001011000000
000000000000111100011111
000000000000000110110001
000000000001001100010101
111111111111001101000100
111111111111001011100001
111111111111000110100100
111111111111110011011100
111111111111110001111011
111111111111010011110100
000000000000100111111001
111111111110101111101101
000000000000111001010011
111111111110101011101111
111111111111101101101111
000000000001000001110111
000000000001001000110111
000000000001000011011001
111111111111001111010001
000000000000101110010100
111111111111011010000000
000000000000001101101000
000000000000111100101101
000000000000101010110111
111111111111110100110001
111111111111111111000101
000000000000000101010101
000000000001010010111001
000000000000101000101000
000000000000010110100101
000000000000111100001010
111111111111001101000100
000000000000000011100010
111111111111000101000010
111111111110101100001001
111111111111101100110110
000000000000000111110110
111111111111101011101001
111111111111101011000010
111111111111111101001011
000000000001000010111101
000000000000110000111101
111111111111011010110111
000000000000100101000001
111111111111010101101100
000000000000110010110001
000000000000100000100001
000000000000101110001011
000000000000000011011000
111111111111011111110011
111111111111111111000110
000000000000011011101110
000000000000100001101111
000000000000010110000100
000000000000111100000010
111111111111001010001011
000000000000000010111001
111111111111000011110010
111111111110101110111110
111111111111101101101100
000000000000001000000000
111111111111101011111010
111111111111101010111110
111111111111111101010011
000000000001000011110011
000000000000110000010101
111111111111011011101100
000000000000100101010111
111111111111010101101011
000000000000110010111101
000000000000100010010000
000000000000110010010110
000000000000000011010011
111111111111011111011010
111111111111111111000110
000000000000011010111100
000000000000100001100011
000000000000000000000000
000000000000000000000000
000000000000000000000000
000000000000000000000000
000000000000000000000000
000000000000000000000000
000000000000000000000000
000000000000000000000000
000000000000000000000000
000000000000000000000000
000000000000000000000000
000000000000000000000000
000000000000000000000000
000000000000000000000000
000000000000000000000000
000000000000000000000000
000000000000000000000000
000000000000000000000000
000000000000000000000000
000000000000000000000000
000000000000000000000000
000000000000000000000000
000000000000000000000000
000000000000000000000000
000000000000000000000000
000000000000000000000000
000000000000000000000000
000000000000000000000000
000000000000000000000000
000000000000000000000000
000000000000000000000000
000000000000000000000000
000000000000000000000000
000000000000000000000000
000000000000000000000000
000000000000000000000000
000000000000000000000000
000000000000000000000000
000000000000000000000000
000000000000000000000000
000000000000000000000000
000000000000000000000000
000000000000000000000000
000000000000000000000000
000000000000000000000000
000000000000000000000000
000000000000000000000000
000000000000000000000000
000000000000000000000000
000000000000000000000000
000000000000000000000000
000000000000000000000000
000000000000000000000000
000000000000000000000000
000000000000000000000000
000000000000000000000000
000000000000000000000000
000000000000000000000000
000000000000000000000000
000000000000000000000000
000000000000000000000000
000000000000000000000000
000000000000000000000000
000000000000000000000000
000000000000000000000000
000000000000000000000000
000000000000000000000000
000000000000000000000000
000000000000000000000000
000000000000000000000000
000000000000000000000000
000000000000000000000000
000000000000000000000000
000000000000000000000000
000000000000000000000000
000000000000000000000000
000000000000000000000000
000000000000000000000000
000000000000000000000000
000000000000000000000000
000000000000000000000000
000000000000000000000000
000000000000000000000000
000000000000000000000000
000000000000000000000000
000000000000000000000000
000000000000000000000000
000000000000000000000000
000000000000000000000000
000000000000000000000000
000000000000000000000000
000000000000000000000000
000000000000000000000000
000000000000000000000000
000000000000000000000000
000000000000000000000000
000000000000000000000000
000000000000000000000000
000000000000000000000000
000000000000000000000000
000000000000000000000000
000000000000000000000000
000000000000000000000000
000000000000000000000000
000000000000000000000000
000000000000000000000000
000000000000000000000000
000000000000000000000000
000000000000000000000000
000000000000000000000000
000000000000000000000000
000000000000000000000000
000000000000000000000000
000000000000000000000000
000000000000000000000000
000000000000000000000000
000000000000000000000000
000000000000000000000000
000000000000000000000000
000000000000000000000000
000000000000000000000000
000000000000000000000000
000000000000000000000000
000000000000000000000000
000000000000000000000000
000000000000000000000000
000000000000000000000000
000000000000000000000000
000000000000000000000000
000000000000000000000000
000000000000000000000000
000000000000000000000000
000000000000000000000000
000000000000000000000000
000000000000000000000000
000000000000000000000000
000000000000000000000000
000000000000000000000000
000000000000000000000000
000000000000000000000000
000000000000000000000000
000000000000000000000000
000000000000000000000000
000000000000000000000000
000000000000000000000000
000000000000000000000000
000000000000000000000000
000000000000000000000000
000000000000000000000000
000000000000000000000000
000000000000000000000000
000000000000000000000000
000000000000000000000000
000000000000000000000000
000000000000000000000000
000000000000000000000000
000000000000000000000000
000000000000000000000000
000000000000000000000000
000000000000000000000000
000000000000000000000000
000000000000000000000000
000000000000000000000000
000000000000000000000000
000000000000000000000000
000000000000000000000000
000000000000000000000000
000000000000000000000000
000000000000000000000000
000000000000000000000000
000000000000000000000000
000000000000000000000000
000000000000000000000000
000000000000000000000000
000000000000000000000000
000000000000000000000000
000000000000000000000000
000000000000000000000000
000000000000000000000000
000000000000000000000000
000000000000000000000000
000000000000000000000000
000000000000000000000000
000000000000000000000000
000000000000000000000000
000000000000000000000000
000000000000000000000000
000000000000000000000000
000000000000000000000000
000000000000000000000000
000000000000000000000000
000000000000000000000000
000000000000000000000000
000000000000000000000000
000000000000000000000000
000000000000000000000000
000000000000000000000000
000000000000000000000000
000000000000000000000000
000000000000000000000000
000000000000000000000000
000000000000000000000000
000000000000000000000000
000000000000000000000000
000000000000000000000000
000000000000000000000000
000000000000000000000000
000000000000000000000000
000000000000000000000000
000000000000000000000000
000000000000000000000000
000000000000000000000000
000000000000000000000000
000000000000000000000000
000000000000000000000000
000000000000000000000000
000000000000000000000000
000000000000000000000000
000000000000000000000000
000000000000000000000000
000000000000000000000000
000000000000000000000000
000000000000000000000000
000000000000000000000000
000000000000000000000000
000000000000000000000000
000000000000000000000000
000000000000000000000000
000000000000000000000000
000000000000000000000000
000000000000000000000000
000000000000000000000000
000000000000000000000000
000000000000000000000000
000000000000000000000000
000000000000000000000000
000000000000000000000000
000000000000000000000000
000000000000000000000000
000000000000000000000000
000000000000000000000000
000000000000000000000000
000000000000000000000000
000000000000000000000000
000000000000000000000000
000000000000000000000000
000000000000000000000000
000000000000000000000000
000000000000000000000000
000000000000000000000000
000000000000000000000000
000000000000000000000000
000000000000000000000000
000000000000000000000000
000000000000000000000000
000000000000000000000000
000000000000000000000000
000000000000000000000000
000000000000000000000000
000000000000000000000000
000000000000000000000000
000000000000000000000000
000000000000000000000000
000000000000000000000000
000000000000000000000000
000000000000000000000000
000000000000000000000000
000000000000000000000000
000000000000000000000000
000000000000000000000000
000000000000000000000000
000000000000000000000000
000000000000000000000000
000000000000000000000000
000000000000000000000000
000000000000000000000000
000000000000000000000000
000000000000000000000000
000000000000000000000000
000000000000000000000000
000000000000000000000000
000000000000000000000000
000000000000000000000000
000000000000000000000000
000000000000000000000000
000000000000000000000000
000000000000000000000000
000000000000000000000000
000000000000000000000000
000000000000000000000000
000000000000000000000000
000000000000000000000000
000000000000000000000000
000000000000000000000000
000000000000000000000000
000000000000000000000000
000000000000000000000000
000000000000000000000000
000000000000000000000000
000000000000000000000000
000000000000000000000000
000000000000000000000000
000000000000000000000000
000000000000000000000000
000000000000000000000000
000000000000000000000000
000000000000000000000000
000000000000000000000000
000000000000000000000000
000000000000000000000000
000000000000000000000000
000000000000000000000000
000000000000000000000000
000000000000000000000000
000000000000000000000000
000000000000000000000000
000000000000000000000000
000000000000000000000000
000000000000000000000000
000000000000000000000000
000000000000000000000000
000000000000000000000000
000000000000000000000000
000000000000000000000000
000000000000000000000000
000000000000000000000000
000000000000000000000000
000000000000000000000000
000000000000000000000000
000000000000000000000000
000000000000000000000000
000000000000000000000000
000000000000000000000000
000000000000000000000000
000000000000000000000000
000000000000000000000000
