000000000001001100011011
000000000010000011100111
000000000101100011010011
111111111111110101100010
000000000000100001010010
111111111111100001110110
111111111111111111011001
000000000000110000000011
111111111111110001110011
000000000000101100010101
000000000000010010010101
000000000000001100010100
111111111110101110110010
111111111111010001101011
000000000001001001101101
000000000011001000010001
111111111110100010001111
111111111111111110011111
111111111111110111111101
111111111111011110110001
000000000000001001000111
000000000000001101101010
111111111111110110101001
111111111111111100011110
000000000001001111110110
000000000000001011011100
111111111110111101101001
000000000000011111111101
111111111110100111111111
111111111100100110111101
111111111111110110001010
000000000000111011110101
111111111111110111110000
000000000001010001001111
000000000000001001110001
111111111111111111111010
111111111110001010011111
000000000001111001010101
000000000101111000010111
111111111101101000000111
000000000000111011000000
000000000000000100100100
111111111111111110100110
111111111111110011001111
111111111111101101101011
111111111110110100101010
000000000000010001100010
000000000000000110100100
000000000000101111100001
000000000000011011010111
111111111101010110000101
111111111110110101000001
000000000001011000110001
111111111101110011001101
000000000000001011100010
111111111111000000001000
111111111111101001101010
000000000010000001100110
000000000000001010010101
000000000000001111100101
000000000000010011000101
000000000000111001111011
000000000010111011010011
111111111111100000010011
000000000001110101100111
000000000010001010110010
000000000000000101000101
111111111111110111111101
111111111111111001011110
000000000001111001101010
111111111111101110001001
000000000000010110001000
000000000000001011100110
111111111111001100001111
000000000101001011010010
000000000011001011111000
000000000000010011001100
111111111110001000000000
000000000000001011100101
000000000000001010110111
000000000000000100011001
000000000010100010100111
000000000000000000011010
111111111111101010101011
111111111110110101001110
000000000001010111001100
111111111010001101010110
000000000011001100010111
111111111111000000010010
111111111110010111011100
111111111111111110011000
000000000000110011010101
000000000000010010110101
000000000001010011011010
111111111111110101110110
111111111111101111101110
111111111110000011010111
000000000000000100110010
000000000010011110110101
111111111110011111010110
111111111110110111010011
000000000001000110110110
000000000000001000111100
000000000000101010101000
000000000000010010111101
111111111101110011000000
111111111111110100110010
000000000000001011100100
000000000000001011110110
111111111111101110100001
000000000001100110011101
111111111110111000100000
000000000000110010010010
000000000010011100000110
000000000000001001101100
111111111111110001000100
111111111111101111111011
111111111110111101100100
000000000000000110110110
000000000000001001111001
000000000001010010000010
000000000000101001110000
111111111011001000000001
111111111110001110110100
000000000000001111111011
000000000001010101100110
000000000000000100001100
111111111111000001111010
000000000000001111100110
000000000000110101011011
111111111111111101000011
000000000000001100000001
111111111110111011101110
000000000001011011011001
000000000011001111110100
000000000010001110000111
000000000001000001011111
111111111100110110101110
000000000000000010011000
000000000001000000101010
111111111111110010111111
000000000000000000100010
000000000000001101101000
000000000000010001000001
111111111111110011000010
000000000001011101110001
000000000001010110101001
111111111111111000011011
000000000000101110001011
000000000000100010110110
111111111111110111010001
000000000000111010010001
000000000000111001011101
000000000000000101100011
000000000000100101001110
111111111111110110100100
000000000000001101001001
111111111111011110101100
000000000000010010000110
000000000010010100001000
111111111101111001100101
000000000000000001101011
111111111110000101001000
111111111111011000001101
111111111111011010101111
000000000000000001101111
111111111111101100110111
000000000000000010101101
111111111111110010011100
000000000000000111110001
111111111111101111001110
000000000000010110111111
111111111101110110011001
000000000011110110101100
111111111101110001000001
000000000001000011011110
000000000000100010011100
000000000000001010010010
000000000000010100011010
000000000000000000000010
000000000000010011111001
000000000001011010010011
000000000001011011010000
111111111110010000011101
000000000001010001011000
111111111111111010101101
111111111111101100010001
111111111111110000011110
000000000001001001100101
111111111111110110101000
000000000000100010100110
111111111111111010111101
111111111111111001100100
000000000000010010111111
111111111111010111100011
111111111111001001101111
000000000001110111100110
000000000010011101011100
000000000010101000010011
111111111110110011000000
000000000001010111111011
000000000000010000110001
000000000000010101000110
111111111111110010001000
111111111111111100110100
000000000000100111110001
000000000000101101010010
111111111111100111100010
000000000010100010001110
111111111101011100010110
000000000001010101111100
111111111111110110011111
000000000000011010010010
000000000000001111011111
111111111111011000111110
111111111111110000000101
111111111111111110000010
111111111111011001100001
000000000001010001111101
000000000010011000101011
000000000000011010100101
000000000010000010100100
000000000010101010101110
000000000000001101100000
111111111111101110100101
000000000000010100101001
000000000000000000110111
000000000000001111101110
000000000000001100000000
000000000000111010110110
111111111110100011100001
000000000010001011100101
111111111110101010010011
000000000001111001101101
111111111111101000111101
000000000000110101111101
111111111110110011110000
000000000000001010100111
111111111111101100011001
000000000000001011111100
000000000000010110001001
000000000000000011100010
000000000000100110101110
111111111110111100011111
111111111110011001011111
111111111110110001110101
000000000010000000010000
000000000000101111011010
111111111110110100010110
111111111111101100101000
111111111111101001011000
111111111111110111000111
111111111111111101111101
111111111111110011101010
000000000000010111100001
111111111111001100110011
000000000000111110010001
111111111101001111000111
000000000010000111100010
111111111111101101110111
000000000001000000011001
111111111111110111011010
000000000000001110000011
111111111111111000011011
111111111111110010110111
000000000000011110000100
111111111110110100100100
111111111110101100111001
000000000000010101110101
111111111110100010110101
000000000000111100001010
111111111110110010100101
111111111111000000111111
000000000000000110110101
111111111111111010000001
111111111111110110111101
000000000000001011011000
000000000001000010000101
000000000000110000000010
000000000001100111111100
000000000001011001101001
000000000011101010010101
000000000000100010100111
000000000001001101001100
000000000000110100110010
000000000000000000000100
000000000000011100111100
111111111111110011000010
000000000000010001101000
000000000001011101111100
000000000001100100111001
111111111111111111100101
000000000000101010011111
111111111111110011010111
111111111111111011110000
111111111111011001110101
111111111111110011011101
000000000000001010100101
000000000000100000100101
000000000001000111000111
111111111111101101011000
111111111111011101001000
000000000000010101011011
000000000000001000001000
111111111110000011111100
111111111111111111011000
111111111111000100000010
000000000000011001010000
000000000000000111101101
000000000000000011110101
111111111111101111011000
111111111111101011011010
000000000000010010000011
000000000000001000101100
111111111111101011011010
000000000000000001010100
111111111110000110100001
111111111110100101010110
111111111110111000101000
111111111111010000001011
111111111111111000011110
000000000000010110111000
000000000000010001101110
111111111111111111100010
111111111111100100110110
000000000001011110110110
000000000001101011111010
111111111111111001101100
000000000001001001100010
000000000000000001111011
111111111111110101110100
000000000000001010001010
111111111111101111101100
111111111111101010110001
000000000000011110010110
000000000000100101100010
000000000000001010111100
000000000000010100110010
111111111111001111011001
111111111111111100111001
000000000001101111011100
111111111111000111011000
000000000001010100001100
000000000000110001010111
111111111111101100111110
000000000000100101100110
000000000000010010011001
000000000001110010000011
000000000000000100010100
000000000000100110110101
000000000000110100001001
111111111111111110101110
000000000010010011110101
000000000000111011000011
000000000000101010111111
000000000000000110001111
111111111111111010001011
000000000000100011011111
111111111111011110001000
000000000010000000101110
000000000000000010101010
111111111111011000001011
000000000001100001110100
000000000000001000100010
000000000000011000010011
111111111111001111000100
000000000001010011101011
111111111111110111000000
000000000000000011111000
000000000000101110001010
000000000000000000110000
111111111110000101000101
111111111111101110110100
000000000001000010000010
111111111110010011100111
000000000000001000011100
111111111110101101001111
111111111111010011110001
111111111111110100001101
111111111111011000010011
000000000000010000110100
000000000000010110111000
111111111111101110011000
111111111110100001111010
111111111111100010100001
000000000000000011101001
000000000000101011000100
111111111111111100000000
111111111110100010000010
000000000000011110000100
000000000001000001010001
111111111111011110111000
000000000000010000111001
111111111111010101000110
111111111111101101010111
000000000001000011001110
000000000000000010110000
111111111111110011000111
000000000000011110000110
111111111111111100111111
000000000001000000001101
000000000000111111111011
000000000001000100000000
000000000000001100010000
111111111111110001101111
111111111111101100110001
000000000000001100001111
000000000000110101010101
000000000000010010011101
000000000000011111110011
111111111110100110000010
111111111111111011010011
000000000000010011110110
000000000000100000100011
000000000000100000010111
000000000000101110111001
000000000000001110000000
000000000000001111011110
111111111111111010110111
000000000001000101110111
111111111111110000001010
000000000001000011010110
000000000000111010111000
000000000000000101110011
000000000001001110111001
111111111110101001100100
000000000000010001010011
111111111111001101100111
111111111111110100011000
000000000000000000001001
000000000000011001110001
000000000001011101101011
000000000000000011101111
000000000000010010011000
111111111101101101011010
000000000000000001110000
111111111111000011000001
000000000000001101101110
000000000000001000100010
111111111111110010101101
111111111110110000010000
000000000000100100100111
000000000011100100101000
000000000011011101100011
111111111111111100000001
111111111111111001100001
111111111111100001001101
111111111111011101101100
000000000010110101001100
000000000000000000101001
000000000001110011100110
000000000000001001000110
000000000000110101100111
000000000000001011000101
111111111110001010110011
111111111110111111000110
000000000000000011111100
000000000000000001100111
000000000000011101000100
111111111111111010100000
000000000010110101110000
000000000001100001011100
000000000010001010100101
111111111111110000000111
111111111111010010001011
000000000001000010111011
000000000001111110111011
111111111111111110100010
111111111111111010001101
000000000000010001100001
111111111101100111000111
000000000000011001010001
111111111110010001111011
111111111111111110000101
000000000000010011100000
000000000000000011011001
111111111110010100110110
111111111111000001100001
000000000011011101011001
000000000001110110110000
000000000000000010010011
000000000000000011110111
000000000001000100001110
000000000000001100101110
111111111101100101000101
000000000000110110110001
111111111101011101101010
000000000000010001101111
111111111110000000111101
000000000001101101000010
000000000010000001111001
000000000101000111011110
000000000000000000111000
000000000000001000000001
111111111110110101001111
000000000000000101011011
111111111100101001101010
111111111111000001101100
111111111110101100001010
000000000000000010001100
111111111111011011111000
000000000001100111100001
111111111100001110101101
000000000110001100010011
000000000000000000100011
111111111111111000100001
111111111101110100010001
111111111111011100010111
111111111111011100000011
000000000000110101011110
111111111101011000011000
111111111111111100110100
000000000000011001100011
000000000010000111100010
000000000000000101011110
111111111001111011100001
111111111111111100011000
000000000000001100001101
000000000010011101101110
111111111111011101001111
000000000001111001001010
000000000000101111110010
000000000000010110110000
111111111111110001101100
000000000001101101000111
000000000001000100001010
111111111110000000100000
111111111011011001001101
111111111111111001110100
000000000000000000101010
111111111110111110011110
000000000000010000010110
000000000010001001100011
111111111111100000011110
111111111110010001111010
111111111111110100100010
000000000001101001001111
111111111110001110101101
111111111101111010000100
000000000011001011001110
000000000000000000100101
111111111111111101100110
111111111111010101010100
000000000000001100010111
111111111110100101010101
111111111110111011001101
111111111101110111001111
000000000000000100010001
111111111110100110111110
111111111111001000110111
000000000001010110111100
000000000010110100000111
000000000000000011111010
000000000000000101110101
000000000010000000011101
000000000000010011010010
111111111111100010011101
111111111111011001101100
111111111111000101011101
000000000000010001110111
000000000001011011000101
000000000000101101000011
111111111111011010110111
000000000011011011011011
111111111111111100101011
000000000000001100101110
111111111110101011010011
111111111111100111111100
111111111110000111110110
000000000001011011101110
111111111111011110001001
111111111111101110001010
111111111110110100010011
000000000000000000011011
000000000010111000000010
000000000100110111111111
111111111111111001000000
000000000001001111000110
000000000001011010010000
111111111111111101001000
111111111111011010101010
111111111111100000100101
000000000000000011110110
000000000000001111001010
111111111101011000010000
000000000000010011111101
111111111111011011101110
111111111111111010101101
000000000000000111000101
111111111111100111100101
000000000000010010111010
000000000000110110101011
000000000001101110000010
111111111111111110011111
000000000000110101101000
111111111111110101100100
000000000001100001001101
000000000000000110001111
000000000000010010100011
000000000000000001100010
111111111111111000100101
000000000000000110111100
111111111111101110100100
000000000000001000110101
000000000001101111000000
111111111100011110111010
000000000000111101011101
000000000000010011001010
111111111110100001010110
000000000000100100101000
111111111111101100001010
000000000000000000000001
000000000000001010111111
000000000001001011010111
000000000001011110110001
111111111111010110100101
111111111110111101011011
000000000000000100110101
000000000000000111000111
111111111111111011111010
111111111100101100110110
111111111111011101101110
111111111111011101100101
111111111111111101001100
111111111111111011100100
000000000000010000011011
111111111111010101000001
111111111111101011011110
111111111110011101110111
111111111101101100011100
111111111110110110000001
111111111111101011110101
111111111011111010011001
000000000000111100011110
111111111111101100000100
111111111111111001110010
111111111111111110010010
000000000000100010110001
000000000000101111001010
111111111111110110110111
111111111101111011110001
000000000010010100000110
111111111111011010010101
111111111111111101100000
111111111110110010011101
000000000000111000011011
000000000000100100100110
111111111111110110011011
111111111111111110111100
111111111111100000010001
000000000001010101110000
000000000000111001000000
111111111111101010101000
111111111110000100001000
111111111110110100101111
000000000000000011001111
000000000000110011011011
000000000001001010101101
111111111111111111001001
000000000000001001000110
000000000000000110100000
000000000000110001111010
111111111110101010011101
000000000000111000000011
000000000001000111110100
111111111110010000010011
000000000000001010010001
000000000000001111110101
000000000011011100000011
000000000000100010111001
000000000000010011110011
000000000000000111000000
000000000000001011110011
000000000000000010101111
000000000000101000000010
111111111111100110011010
000000000001010011000010
000000000001001000110100
111111111111000110101001
000000000000001101010100
000000000011100001001100
111111111110111100001011
000000000000010110100100
111111111111111011000111
111111111111111110110111
111111111111110110001110
000000000000011010011110
111111111111101100000010
111111111111000110111000
000000000010011111000110
111111111111000010011000
111111111111111011001100
111111111101000000110010
111111111111100001101100
111111111111110010100100
111111111111111011101010
111111111111111000110000
000000000000011000010011
111111111110110011110110
111111111111100001001110
111111111111101110100011
000000000001010001000001
111111111111100011101010
111111111111101100001010
000000000010110100100110
000000000000010111011000
000000000000000101101001
111111111111111010110111
000000000000000110011100
000000000000110101100111
000000000000110010101110
000000000000100110010101
111111111110110111000110
111111111100101000111100
111111111111110000111101
000000000000010011111010
111111111101110010110011
000000000000000000001110
111111111111100011001100
111111111111111000110011
000000000000011101001000
000000000000011001010110
111111111111001101100100
000000000000000100111110
111111111111110111001111
000000000000010110100011
000000000000000001111101
000000000010011001000011
111111111111000110110110
000000000000010001111111
000000000010110000011110
000000000000110000011110
111111111111100000010000
111111111111110111000100
111111111111110101011000
111111111110011110011101
000000000000011010011010
000000000000000001000010
000000000000011100101100
111111111110010001110110
000000000000100101001100
000000000000000101011110
111111111110100010111010
111111111111110001011010
000000000000011101111111
000000000000000010001101
000000000000001010001011
111111111111110000101010
000000000000011011000111
000000000010011101011100
000000000000100001010101
000000000011001000101001
111111111111011110010110
000000000000100000000100
000000000001100011011001
111111111111111111101010
111111111111010010000110
000000000000011000000011
111111111111001110101011
000000000001001000111010
111111111111110000000010
111111111111111100100100
000000000000000100110001
111111111111010100111011
111111111110110110100001
111111111111100001010010
000000000010101101010001
000000000000011010110000
000000000000010010100011
000000000000000100111111
000000000000010111100001
000000000000100011111110
111111111111101000101011
000000000001101000010100
111111111111011000011100
111111111100101011001000
111111111110101100001100
000000000000110101011101
000000000001100001100111
000000000001000011010011
000000000000000111000111
000000000000001011000000
111111111111100101011110
000000000000001111100100
111111111111100001100101
111111111110010110000111
111111111111101100011010
111111111111100101011111
111111111111100110000000
000000000000101010010001
111111111101000101011010
000000000001011001110111
000000000000000100011001
111111111111110110000101
111111111111010000001101
111111111110100000010100
111111111111111010111001
000000000001010111100001
111111111111011001100111
000000000000100101111111
000000000000010001100101
000000000001000010101000
000000000000000100001111
111111111110100111101110
111111111111100100100010
000000000000010000101100
000000000000110101100010
111111111110101011001001
000000000000010000010011
000000000001001010100000
000000000000000101011001
000000000010011111110000
000000000001001011110010
000000000000100000111100
111111111110100110110100
111111111111000011000001
111111111111001101000100
000000000000000000111100
111111111111101001101101
000000000000101101110011
000000000000010011111100
111111111111001011110110
111111111111100010000100
000000000010001011110111
000000000001001011100000
111111111111000010000101
111111111110001110111110
000000000000101100010101
000000000000000100100111
111111111111111100101010
111111111111110001011000
000000000000100010101111
111111111111110010011000
111111111110001101110000
111111111111011110111100
111111111111001100001100
111111111110111111010111
111111111111100100100011
000000000001000100011110
000000000000101001110101
000000000000100000001010
000000000000001000000101
000000000000101100011011
000000000000110110001100
111111111111111011110100
111111111111000000000111
111111111111110000101110
111111111100101100101100
000000000000111101101100
000000000000010101111010
111111111111100011010000
000000000000110001101010
111111111111100111111010
000000000000010000110111
111111111111100010100100
111111111110111011101011
111111111111101111010011
000000000010011000001010
111111111111110111110110
000000000011000111010001
111111111111001011100000
000000000000000000001100
000000000010000101011111
000000000001000101111111
000000000000101000101101
111111111110000010000001
000000000010101011001110
111111111111110100010111
000000000000110111001000
111111111111101001100110
000000000000000011010001
000000000001011011001001
111111111111101110001111
000000000000111101001001
000000000001100110111011
000000000000010110010111
111111111111010100101111
000000000000101100000110
000000000000100010010100
000000000011011101001011
111111111101100000001010
111111111111111110111100
000000000000101100001000
111111111111000101010111
000000000000001011001011
000000000000010010110111
111111111111001100011000
111111111111111001101001
000000000000101010011100
111111111111110101000111
111111111111100010010011
000000000000100011110010
111111111101011111011000
111111111101011110100110
000000000000110110001110
000000000001110001111001
111111111111110101010110
000000000001101111111100
000000000000111000011011
111111111111111111110110
111111111111000001010100
111111111110001101111000
000000000010110100100000
111111111101010111010101
000000000001100010111100
000000000000000011010101
000000000000000111101101
111111111111101000111001
111111111111101000111010
111111111110010111111001
000000000001100010011010
000000000000001011111100
000000000000011000101111
111111111111100101100010
111111111110110011011010
111111111110101100110010
000000000010001110001101
111111111110010110100011
111111111111000000100010
111111111110000111001001
111111111111100011111000
000000000010110110011011
000000000000110111110110
000000000000100011100100
000000000000001010001100
111111111111001000011100
000000000001011001101101
111111111111011100011000
000000000011000010111111
000000000001101000101001
111111111111100010011101
111111111111110000111000
111111111111110111110111
000000000010101001011100
111111111110011001001000
000000000000100111110011
000000000000000110000100
000000000000110010011011
000000000010100011100100
000000000011101000001011
000000000000011111001101
111111111110101001011000
111111111110111110000110
000000000000010100001000
000000000000000101011010
000000000011100001110010
000000000000000010011100
111111111111011001100101
111111111111011000000111
111111111110101100101011
111111111101001100000010
000000000011100011100000
111111111110010110111100
111111111110110001100001
000000000000001000111110
000000000001100000100101
000000000000010111011101
000000000001110010011111
111111111111000111001011
111111111111100010001101
111111111110111100010100
111111111111111011101111
000000000001001010011110
111111111110010100110011
111111111110000101010000
000000000000110101100110
111111111111010000100001
000000000001001111010101
000000000000010111010000
111111111101000110110011
111111111111000000000110
000000000000010101000110
000000000000000110001111
000000000000010000100111
000000000000110000011110
111111111110101111000001
000000000001010110111001
000000000001110100101000
111111111111001011000000
111111111111100010111101
111111111111101100000010
111111111110101010010000
000000000000100110101100
000000000000010001110100
000000000000101001100110
111111111111011000010100
111111111101101001111100
111111111110000010010011
000000000000011001111000
000000000000111101111000
111111111111101010101010
111111111110000110100110
000000000000010011100101
000000000001001011101011
111111111111101111101100
000000000000010110000001
111111111111011011110000
111111111110101000100001
000000000001100001010111
000000000010011110000111
000000000001101100101000
111111111101100110010001
111111111111110010110000
000000000001111001011010
111111111111101111101100
000000000000000000101100
000000000001010001111010
000000000000011110111100
111111111110100010000010
000000000001111000001011
000000000010111010011010
111111111111111101100101
111111111111010000001001
000000000000000001111111
000000000000001001110000
111111111101011011010110
111111111110101101101100
000000000000010011111101
000000000010010111000100
111111111111000101111111
000000000001100110010010
111111111111010101010110
000000000000100111011011
000000000000101110011011
000000000010000111110001
000000000000000000000101
000000000010000111011010
000000000001110000000011
000000000000110101101011
000000000000000110010110
111111111110111000110010
000000000000001111100101
111111111110010111000001
000000000000001010100100
111111111111011110111101
000000000000000111010101
000000000010001000111000
000000000000001110101001
000000000010011011111000
111111111100101110101000
111111111111001111001110
000000000000100100110100
000000000001010011101001
000000000000000000010111
000000000010011100001011
000000000001101111101110
000000000010111110101011
111111111111011100111110
111111111110101101100010
111111111111111111101100
000000000000010101110011
000000000000101011101000
111111111110011100101110
111111111111011101011100
000000000010001100000011
111111111111100001011000
111111111111000001001100
000000000000011001000010
111111111110100110010000
111111111111101110110010
111111111110000011100110
000000000000001001100000
111111111101000101000010
000000000011010111010100
111111111101111100110101
000000000000111100110110
000000000001010101111100
111111111110101110011011
111111111111100110100100
000000000000110100111101
000000000001100010110111
111111111111111000010100
111111111101100011100111
111111111111110110001100
111111111110100110001111
000000000000011010110001
111111111111011001110101
000000000000111010000110
111111111101100101110000
111111111110100011000010
111111111111110000101010
111111111111001111000000
000000000010110010000110
000000000000101110111111
111111111111100100011111
000000000000001000001110
111111111101001101101100
111111111111011001110111
000000000000011001110011
000000000001001100000001
000000000000000011100100
000000000001100011110001
000000000001100010111111
000000000001001110101101
111111111101001001100111
000000000000101110010000
000000000001010111101101
000000000000000111001000
000000000000011001110100
111111111101010111010100
000000000001101110011000
000000000000100110011001
111111111110101110101011
000000000001001100001010
000000000010100100011110
000000000000000100011100
000000000001010100001111
111111111111101001110010
000000000001101001101100
111111111111111011000101
111111111101101111011110
111111111101110000101010
000000000001101111001010
111111111110111001100110
111111111110100011100000
111111111111001001000000
111111111111110000011011
111111111111110000000011
000000000000110111011001
111111111111110000010101
111111111110110110010011
111111111111110101011011
111111111101100100110001
000000000000110100000110
111111111110100011010101
111111111111100000100100
000000000000110110010000
111111111111010001011011
111111111110010101101100
000000000000100110011100
111111111101011011000001
111111111111100110100011
111111111111101001101100
111111111111111010001111
111111111110111100110100
000000000011011001111100
000000000001011011100001
000000000000011001011110
111111111111100111011101
111111111111000110111011
000000000001011010111001
000000000001010001101100
000000000001101101010000
000000000000100000101111
111111111110100111000110
000000000000001110000110
111111111111011001110001
111111111100110110100010
111111111110110110001001
000000000000000000001110
000000000001110100100011
111111111110110010010001
