111111111101100011100000
111111111111101111011110
111111111111110011010100
111111111111011100011001
000000000000011001000000
111111111101111000101100
000000000011111111011010
111111111100110101110000
111111111011001010111011
111111111110101011011001
111111111110010110101011
111111111110110000110100
000000000000000010010001
111111111101100101101100
000000000001000011001001
111111111101101100010000
000000000000110100010010
111111111101111000010000
000000000000001100011010
000000000000110011010001
111111111111111111111101
111111111001101011010010
111111111110001001101010
111111111110100101101101
111111111111110111100001
000000000000110111011011
000000000010100011001001
000000000100000111000101
111111111101000011110001
000000000001100010100111
111111111110111000100101
000000000001011111101001
111111111111101100000110
000000000011110010011100
000000000000000111111100
111111111110010000001110
111111111101011011101000
000000000000010100010000
000000000010000110010110
111111111101010110110110
000000000000100000001000
111111111111000010001111
111111111111010110110100
111111111111101000010100
111111111111000100110101
000000000010011110010011
111111111101110011001000
000000000001110101011111
000000000001011100101010
111111111111000001110010
000000000011000001000110
111111111111100000011000
111111111111101001111110
111111111111101010110000
000000000011110110110101
000000000000000001101000
111111111110110101000101
111111111111110101011000
111111111011000111001110
111111111101101111000000
000000000000101011101010
111111111100000010111011
111111111110001010000111
111111111111001111100010
000000000010100100000001
111111111100011100111100
000000000011111001000011
000000000010010010001010
000000000000110000110101
111111111111111010010001
000000000001101000101101
000000000010000110111111
000000000010001110000101
000000000000101011111001
111111111101011011111100
000000000001101010100001
000000000010100010111000
000000000001010110010000
111111111110111010000110
111111111111010110011110
111111111111100000011000
111111111110010111111110
000000000000101110110011
000000000001101100101110
000000000000011110100000
111111111110001100110101
111111111110110010000000
111111111101101101101111
111111111011110000111100
000000000000100010001110
111111111111101000100011
000000000010001001110100
111111111101110010010010
000000000000000000110001
111111111110011101111000
111111111110111101101010
111111111101110111011011
000000000000101001100100
000000000000001000111000
000000000000111011010110
111111111100000101010010
111111111100010110010000
111111111101111000111001
000000000000111110001111
111111111101011000011000
000000000000111111111001
111111111111001100000111
111111111111001111111101
111111111110011100011010
111111111100000101111101
111111111110011011101000
000000000000101100110101
000000000000010000011110
111111111110110011010110
000000000011100110111011
111111111011001100100101
000000000101010010010011
000000000001110000000000
111111111111110000101110
000000000000011001101010
111111111111111111001101
000000000000011000111010
000000000010011011000011
111111111111100101010001
000000000001100000001001
111111111101010110111100
111111111110111011110000
000000000100001111000010
000000000001100011101001
111111111011110111101110
000000000011011001010010
111111111110110011100001
111111111101110111110111
111111111111011110110100
000000000010100110001011
000000000010101011110011
000000000010000011100100
111111111101101010001111
000000000000111101000001
000000000010010011111111
000000000000000111000101
000000000000111010010100
000000000000110001001110
000000000011110101010011
111111111100110111101100
111111111110011011011011
000000000000101110010011
111111111100001010110000
000000000001000100110010
000000000001010110111110
000000000001110111111101
000000000001010000000001
000000000001000110001110
000000000010110000100100
111111111110011101111000
111111111110100110000010
111111111110100110010000
000000000000010000110101
000000000001010011111111
000000000001101011011010
000000000000111010010001
111111111110101111000000
111111111110100110000010
000000000000110110110010
000000000000111001111111
111111111111101000110011
000000000001011001111011
111111111101000101000000
111111111110110100111100
111111111111101000000010
111111111110110101011100
000000000000111011101001
111111111101100110110100
111111111100111010010111
111111111110010110001010
111111111110100111110000
111111111111100100010010
111111111101100110110100
111111111111011111110110
111111111011101000010000
111111111110001000110001
111111111111101100111001
000000000000111110111010
111111111101101111011111
111111111100111110000000
111111111111011101101011
000000000001110010100101
000000000100110010111000
000000000001001001100100
111111111101000100011001
111111111101100111001000
000000000010001110010010
000000000001111000010010
000000000000111000101011
000000000010000010010111
000000000010100101111111
000000000000001010000001
111111111011001100001100
000000000001010100010001
000000000000101001001111
000000000000111101110000
000000000001000101000000
111111111101100101000011
000000000001000001001111
111111111111000011100001
111111111110111100100100
111111111111011111100011
111111111111000101101111
111111111101101010001000
111111111110000111110000
000000000000111011001110
111111111110011111110001
000000000000010000101101
000000000101100111000100
000000000000010111110111
000000000000101011101000
000000000011011110000111
000000000001000110010010
000000000001010110010001
111111111111101111001111
111111111101100110000000
111111111111000101001010
000000000010101110011010
000000000000001111101110
000000000000011110001000
111111111110111001101001
111111111110110011101111
111111111111111010110001
000000000100101001101001
111111111101001000111010
111111111110000100101011
000000000100010110101011
000000000000111100100101
000000000000101001001101
111111111101011110100001
000000000001000101100010
111111111001101100010100
000000000000000101110110
111111111111101001001011
000000000001000101011010
000000000000000000000000
000000000000000000000000
000000000000000000000000
000000000000000000000000
000000000000000000000000
000000000000000000000000
000000000000000000000000
000000000000000000000000
000000000000000000000000
000000000000000000000000
000000000000000000000000
000000000000000000000000
000000000000000000000000
000000000000000000000000
000000000000000000000000
000000000000000000000000
000000000000000000000000
000000000000000000000000
000000000000000000000000
000000000000000000000000
000000000000000000000000
000000000000000000000000
000000000000000000000000
000000000000000000000000
000000000000000000000000
000000000000000000000000
000000000000000000000000
000000000000000000000000
000000000000000000000000
000000000000000000000000
000000000000000000000000
000000000000000000000000
000000000000000000000000
000000000000000000000000
000000000000000000000000
000000000000000000000000
000000000000000000000000
000000000000000000000000
000000000000000000000000
000000000000000000000000
000000000000000000000000
000000000000000000000000
000000000000000000000000
000000000000000000000000
000000000000000000000000
000000000000000000000000
000000000000000000000000
000000000000000000000000
000000000000000000000000
000000000000000000000000
000000000000000000000000
000000000000000000000000
000000000000000000000000
000000000000000000000000
000000000000000000000000
000000000000000000000000
000000000000000000000000
000000000000000000000000
000000000000000000000000
000000000000000000000000
000000000000000000000000
000000000000000000000000
000000000000000000000000
000000000000000000000000
000000000000000000000000
000000000000000000000000
000000000000000000000000
000000000000000000000000
000000000000000000000000
000000000000000000000000
000000000000000000000000
000000000000000000000000
000000000000000000000000
000000000000000000000000
000000000000000000000000
000000000000000000000000
000000000000000000000000
000000000000000000000000
000000000000000000000000
000000000000000000000000
000000000000000000000000
000000000000000000000000
000000000000000000000000
000000000000000000000000
000000000000000000000000
000000000000000000000000
000000000000000000000000
000000000000000000000000
000000000000000000000000
000000000000000000000000
000000000000000000000000
000000000000000000000000
000000000000000000000000
000000000000000000000000
000000000000000000000000
000000000000000000000000
000000000000000000000000
000000000000000000000000
000000000000000000000000
000000000000000000000000
000000000000000000000000
000000000000000000000000
000000000000000000000000
000000000000000000000000
000000000000000000000000
000000000000000000000000
000000000000000000000000
000000000000000000000000
000000000000000000000000
000000000000000000000000
000000000000000000000000
000000000000000000000000
000000000000000000000000
000000000000000000000000
000000000000000000000000
000000000000000000000000
000000000000000000000000
000000000000000000000000
000000000000000000000000
000000000000000000000000
000000000000000000000000
000000000000000000000000
000000000000000000000000
000000000000000000000000
000000000000000000000000
000000000000000000000000
000000000000000000000000
000000000000000000000000
000000000000000000000000
000000000000000000000000
000000000000000000000000
000000000000000000000000
000000000000000000000000
000000000000000000000000
000000000000000000000000
000000000000000000000000
000000000000000000000000
000000000000000000000000
000000000000000000000000
000000000000000000000000
000000000000000000000000
000000000000000000000000
000000000000000000000000
000000000000000000000000
000000000000000000000000
000000000000000000000000
000000000000000000000000
000000000000000000000000
000000000000000000000000
000000000000000000000000
000000000000000000000000
000000000000000000000000
000000000000000000000000
000000000000000000000000
000000000000000000000000
000000000000000000000000
000000000000000000000000
000000000000000000000000
000000000000000000000000
000000000000000000000000
000000000000000000000000
000000000000000000000000
000000000000000000000000
000000000000000000000000
000000000000000000000000
000000000000000000000000
000000000000000000000000
000000000000000000000000
000000000000000000000000
000000000000000000000000
000000000000000000000000
000000000000000000000000
000000000000000000000000
000000000000000000000000
000000000000000000000000
000000000000000000000000
000000000000000000000000
000000000000000000000000
000000000000000000000000
000000000000000000000000
000000000000000000000000
000000000000000000000000
000000000000000000000000
000000000000000000000000
000000000000000000000000
000000000000000000000000
000000000000000000000000
000000000000000000000000
000000000000000000000000
000000000000000000000000
000000000000000000000000
000000000000000000000000
000000000000000000000000
000000000000000000000000
000000000000000000000000
000000000000000000000000
000000000000000000000000
000000000000000000000000
000000000000000000000000
000000000000000000000000
000000000000000000000000
000000000000000000000000
000000000000000000000000
000000000000000000000000
000000000000000000000000
000000000000000000000000
000000000000000000000000
000000000000000000000000
000000000000000000000000
000000000000000000000000
000000000000000000000000
000000000000000000000000
000000000000000000000000
000000000000000000000000
000000000000000000000000
000000000000000000000000
000000000000000000000000
000000000000000000000000
000000000000000000000000
000000000000000000000000
000000000000000000000000
000000000000000000000000
000000000000000000000000
000000000000000000000000
000000000000000000000000
000000000000000000000000
000000000000000000000000
000000000000000000000000
000000000000000000000000
000000000000000000000000
000000000000000000000000
000000000000000000000000
000000000000000000000000
000000000000000000000000
000000000000000000000000
000000000000000000000000
000000000000000000000000
000000000000000000000000
000000000000000000000000
000000000000000000000000
000000000000000000000000
000000000000000000000000
000000000000000000000000
000000000000000000000000
000000000000000000000000
000000000000000000000000
000000000000000000000000
000000000000000000000000
000000000000000000000000
000000000000000000000000
000000000000000000000000
000000000000000000000000
000000000000000000000000
000000000000000000000000
000000000000000000000000
000000000000000000000000
000000000000000000000000
000000000000000000000000
000000000000000000000000
000000000000000000000000
000000000000000000000000
000000000000000000000000
000000000000000000000000
000000000000000000000000
000000000000000000000000
000000000000000000000000
000000000000000000000000
000000000000000000000000
000000000000000000000000
000000000000000000000000
000000000000000000000000
000000000000000000000000
000000000000000000000000
000000000000000000000000
000000000000000000000000
000000000000000000000000
000000000000000000000000
000000000000000000000000
000000000000000000000000
000000000000000000000000
000000000000000000000000
000000000000000000000000
000000000000000000000000
000000000000000000000000
000000000000000000000000
000000000000000000000000
000000000000000000000000
000000000000000000000000
000000000000000000000000
000000000000000000000000
000000000000000000000000
000000000000000000000000
000000000000000000000000
000000000000000000000000
000000000000000000000000
000000000000000000000000
000000000000000000000000
000000000000000000000000
000000000000000000000000
000000000000000000000000
000000000000000000000000
000000000000000000000000
000000000000000000000000
000000000000000000000000
000000000000000000000000
000000000000000000000000
000000000000000000000000
000000000000000000000000
000000000000000000000000
000000000000000000000000
000000000000000000000000
000000000000000000000000
000000000000000000000000
000000000000000000000000
000000000000000000000000
000000000000000000000000
000000000000000000000000
000000000000000000000000
000000000000000000000000
000000000000000000000000
000000000000000000000000
000000000000000000000000
000000000000000000000000
000000000000000000000000
000000000000000000000000
000000000000000000000000
000000000000000000000000
000000000000000000000000
000000000000000000000000
000000000000000000000000
000000000000000000000000
000000000000000000000000
000000000000000000000000
000000000000000000000000
000000000000000000000000
000000000000000000000000
000000000000101001001001
111111111101011000010111
111111111101111110100000
111111111111111111100000
111111111110010100111011
000000000000100100110100
000000000101100110001000
111111111111101101001110
111111111100001001110011
111111111110010001111111
111111111111110001101110
000000000000000101010111
000000000001111011010011
111111111110101010011000
000000000011100001011010
111111111101110000111011
111111111110001100110001
111111111110100110010101
000000000000110000110001
000000000000010000111101
111111111111101100100101
111111111101010110111000
111111111101101000000011
111111111101111000101001
111111111111010100010111
000000000010010000001111
111111111110111001110000
000000000010101111111001
000000000001011001010011
111111111111111100101010
000000000000110111100011
000000000000010101100011
111111111110101000100001
111111111111111011000100
000000000000101110010110
000000000001100000110001
111111111101001000111000
000000000010110110001010
111111111111011011001111
111111111101101110111011
000000000001010011000010
000000000001100010010000
000000000000000000010000
111111111111100011110010
000000000011000010001100
000000000010000111100100
111111111111101100101101
111111111101001000010101
111111111110111000011010
111111111011101001111011
000000000000111111010101
111111111110110101000100
111111111110110000110010
000000000001001011011010
000000000011100111010001
111111111111001111000001
111111111101100011101100
111111111100110001101110
111111111101001011001100
000000000000000011000010
111111111111000111110100
111111111101111010110100
111111111111001000001001
000000000000001010101011
111111111111111111101101
111111111100100111000101
111111111110011000011000
000000000001000011010011
000000000000111111101011
000000000001001101001101
000000000000001101110111
111111111111101011011110
000000000001001110000110
000000000100100101100010
000000000001111100110010
111111111101101101110010
000000000000100011011010
000000000000001001101001
111111111111100000111110
000000000000101110011111
111111111111100010111011
111111111111111010100011
000000000001011011110010
000000000010000001001000
111111111111100100110001
000000000001111011110100
000000000000001000111001
111111111101001110011001
111111111111111101001001
000000000000100110011100
111111111111100000010100
000000000000100101110000
111111111110010110010001
000000000000000111110000
111111111011100000011110
111111111110101000110001
111111111111101111111110
000000000011111000010000
111111111111000000100110
111111111111011111011010
000000000001000100000000
000000000000001111000011
000000000000101100000011
000000000001110011110110
000000000000001000001111
111111111111010010111111
000000000001011000111010
000000000000000010101110
000000000010100110100111
111111111110100001110010
000000000001101010010101
000000000001100111011001
111111111110010001000110
000000000000101101010110
111111111111011011010100
111111111111011101011101
000000000000110100100010
000000000000111100010100
111111111011111000000100
111111111111101101011000
000000000010110101111011
111111111111001111111101
111111111101010101111100
000000000010100101101100
111111111100101001010000
000000000000001110001101
111111111110100011001010
111111111101110000010110
000000000000000111101001
111111111100000110011001
000000000011100111000010
000000000000100111111100
111111111111101000110110
000000000001100110111110
111111111110001110100000
000000000000000011000000
111111111111101001100011
111111111101100110100011
000000000001011100000001
000000000010011110011001
111111111111001111001100
111111111101110000010100
000000000000101101011100
111111111111101000000110
111111111100111110010110
111111111110101011101110
000000000001000100111011
111111111100101100110001
111111111110110111010000
111111111111001100001001
000000000000110010011110
000000000000010111111000
000000000001101011101100
111111111111011010111000
000000000011101010111111
000000000000100010100000
000000000001001111101111
111111111101110101001001
000000000001100010001011
000000000010110100001001
000000000000110100001000
111111111111010010010110
000000000000100010000100
000000000000100010001000
111111111111110100011010
111111111101011001101001
111111111111010001000111
111111111100111100101101
000000000001011101000001
000000000010001000010110
111111111110010001100010
000000000100000111111100
111111111101100011100010
111111111100110100000111
000000000000101101101011
111111111111011100001010
000000000001010011000000
111111111101111010010011
000000000000100101110100
111111111101000011111101
000000000000110000110111
111111111111000101000011
111111111110111010011111
111111111100001101011001
111111111011011000001111
111111111111000001101100
111111111101110110101010
000000000010001110001110
111111111111111001110001
111111111111010001100111
111111111111101010101001
111111111111111110001010
000000000001100010111111
111111111101111100101000
000000000010110000011111
000000000001010000101001
000000000010110101110101
111111111111001010110111
111111111110011100110111
111111111101101011010111
111111111110010011110110
111111111111011111011011
111111111111010100111101
111111111111011011000111
000000000000000100011100
111111111110110001001110
000000000010010010011101
111111111110111011100000
111111111111101111001001
111111111101100100110011
000000000101101110011110
000000000000100100101101
111111111111111001000111
000000000000100110011100
000000000010001011011111
000000000000111011001110
000000000011100011001101
000000000011110011011001
111111111111111111010010
111111111111011010011101
000000000001110011010011
000000000010100001101111
000000000000011000000110
111111111101110101111100
000000000000001001010001
111111111111010011100011
111111111111011100010111
111111111111110011111101
000000000010110110111111
111111111101010001000101
000000000001110000010000
000000000000100100111001
111111111111111110001101
111111111111011111110100
111111111111101110001010
111111111111111100111111
111111111110111101000100
000000000000001000011011
111111111110101111111011
111111111111111001010001
000000000000000000000000
000000000000000000000000
000000000000000000000000
000000000000000000000000
000000000000000000000000
000000000000000000000000
000000000000000000000000
000000000000000000000000
000000000000000000000000
000000000000000000000000
000000000000000000000000
000000000000000000000000
000000000000000000000000
000000000000000000000000
000000000000000000000000
000000000000000000000000
000000000000000000000000
000000000000000000000000
000000000000000000000000
000000000000000000000000
000000000000000000000000
000000000000000000000000
000000000000000000000000
000000000000000000000000
000000000000000000000000
000000000000000000000000
000000000000000000000000
000000000000000000000000
000000000000000000000000
000000000000000000000000
000000000000000000000000
000000000000000000000000
000000000000000000000000
000000000000000000000000
000000000000000000000000
000000000000000000000000
000000000000000000000000
000000000000000000000000
000000000000000000000000
000000000000000000000000
000000000000000000000000
000000000000000000000000
000000000000000000000000
000000000000000000000000
000000000000000000000000
000000000000000000000000
000000000000000000000000
000000000000000000000000
000000000000000000000000
000000000000000000000000
000000000000000000000000
000000000000000000000000
000000000000000000000000
000000000000000000000000
000000000000000000000000
000000000000000000000000
000000000000000000000000
000000000000000000000000
000000000000000000000000
000000000000000000000000
000000000000000000000000
000000000000000000000000
000000000000000000000000
000000000000000000000000
000000000000000000000000
000000000000000000000000
000000000000000000000000
000000000000000000000000
000000000000000000000000
000000000000000000000000
000000000000000000000000
000000000000000000000000
000000000000000000000000
000000000000000000000000
000000000000000000000000
000000000000000000000000
000000000000000000000000
000000000000000000000000
000000000000000000000000
000000000000000000000000
000000000000000000000000
000000000000000000000000
000000000000000000000000
000000000000000000000000
000000000000000000000000
000000000000000000000000
000000000000000000000000
000000000000000000000000
000000000000000000000000
000000000000000000000000
000000000000000000000000
000000000000000000000000
000000000000000000000000
000000000000000000000000
000000000000000000000000
000000000000000000000000
000000000000000000000000
000000000000000000000000
000000000000000000000000
000000000000000000000000
000000000000000000000000
000000000000000000000000
000000000000000000000000
000000000000000000000000
000000000000000000000000
000000000000000000000000
000000000000000000000000
000000000000000000000000
000000000000000000000000
000000000000000000000000
000000000000000000000000
000000000000000000000000
000000000000000000000000
000000000000000000000000
000000000000000000000000
000000000000000000000000
000000000000000000000000
000000000000000000000000
000000000000000000000000
000000000000000000000000
000000000000000000000000
000000000000000000000000
000000000000000000000000
000000000000000000000000
000000000000000000000000
000000000000000000000000
000000000000000000000000
000000000000000000000000
000000000000000000000000
000000000000000000000000
000000000000000000000000
000000000000000000000000
000000000000000000000000
000000000000000000000000
000000000000000000000000
000000000000000000000000
000000000000000000000000
000000000000000000000000
000000000000000000000000
000000000000000000000000
000000000000000000000000
000000000000000000000000
000000000000000000000000
000000000000000000000000
000000000000000000000000
000000000000000000000000
000000000000000000000000
000000000000000000000000
000000000000000000000000
000000000000000000000000
000000000000000000000000
000000000000000000000000
000000000000000000000000
000000000000000000000000
000000000000000000000000
000000000000000000000000
000000000000000000000000
000000000000000000000000
000000000000000000000000
000000000000000000000000
000000000000000000000000
000000000000000000000000
000000000000000000000000
000000000000000000000000
000000000000000000000000
000000000000000000000000
000000000000000000000000
000000000000000000000000
000000000000000000000000
000000000000000000000000
000000000000000000000000
000000000000000000000000
000000000000000000000000
000000000000000000000000
000000000000000000000000
000000000000000000000000
000000000000000000000000
000000000000000000000000
000000000000000000000000
000000000000000000000000
000000000000000000000000
000000000000000000000000
000000000000000000000000
000000000000000000000000
000000000000000000000000
000000000000000000000000
000000000000000000000000
000000000000000000000000
000000000000000000000000
000000000000000000000000
000000000000000000000000
000000000000000000000000
000000000000000000000000
000000000000000000000000
000000000000000000000000
000000000000000000000000
000000000000000000000000
000000000000000000000000
000000000000000000000000
000000000000000000000000
000000000000000000000000
000000000000000000000000
000000000000000000000000
000000000000000000000000
000000000000000000000000
000000000000000000000000
000000000000000000000000
000000000000000000000000
000000000000000000000000
000000000000000000000000
000000000000000000000000
000000000000000000000000
000000000000000000000000
000000000000000000000000
000000000000000000000000
000000000000000000000000
000000000000000000000000
000000000000000000000000
000000000000000000000000
000000000000000000000000
000000000000000000000000
000000000000000000000000
000000000000000000000000
000000000000000000000000
000000000000000000000000
000000000000000000000000
000000000000000000000000
000000000000000000000000
000000000000000000000000
000000000000000000000000
000000000000000000000000
000000000000000000000000
000000000000000000000000
000000000000000000000000
000000000000000000000000
000000000000000000000000
000000000000000000000000
000000000000000000000000
000000000000000000000000
000000000000000000000000
000000000000000000000000
000000000000000000000000
000000000000000000000000
000000000000000000000000
000000000000000000000000
000000000000000000000000
000000000000000000000000
000000000000000000000000
000000000000000000000000
000000000000000000000000
000000000000000000000000
000000000000000000000000
000000000000000000000000
000000000000000000000000
000000000000000000000000
000000000000000000000000
000000000000000000000000
000000000000000000000000
000000000000000000000000
000000000000000000000000
000000000000000000000000
000000000000000000000000
000000000000000000000000
000000000000000000000000
000000000000000000000000
000000000000000000000000
000000000000000000000000
000000000000000000000000
000000000000000000000000
000000000000000000000000
000000000000000000000000
000000000000000000000000
000000000000000000000000
000000000000000000000000
000000000000000000000000
000000000000000000000000
000000000000000000000000
000000000000000000000000
000000000000000000000000
000000000000000000000000
000000000000000000000000
000000000000000000000000
000000000000000000000000
000000000000000000000000
000000000000000000000000
000000000000000000000000
000000000000000000000000
000000000000000000000000
000000000000000000000000
000000000000000000000000
000000000000000000000000
000000000000000000000000
000000000000000000000000
000000000000000000000000
000000000000000000000000
000000000000000000000000
000000000000000000000000
000000000000000000000000
000000000000000000000000
000000000000000000000000
000000000000000000000000
000000000000000000000000
000000000000000000000000
000000000000000000000000
000000000000000000000000
000000000000000000000000
000000000000000000000000
000000000000000000000000
000000000000000000000000
000000000000000000000000
000000000000000000000000
000000000000000000000000
000000000000000000000000
000000000000000000000000
000000000000000000000000
000000000000000000000000
000000000000000000000000
000000000000000000000000
000000000000000000000000
000000000000000000000000
000000000000000000000000
000000000000000000000000
000000000000000000000000
000000000000000000000000
000000000000000000000000
000000000000000000000000
000000000000000000000000
000000000000000000000000
000000000000000000000000
000000000000000000000000
000000000000000000000000
000000000000000000000000
000000000000000000000000
000000000000000000000000
000000000000000000000000
000000000000000000000000
111111111101111100010001
000000000001101100000011
111111111111111001001100
111111111110011100111110
111111111111111100101011
111111111111000101100011
111111111110000001000011
111111111110001010110010
000000000000100011111000
000000000000101111011010
000000000000101111000111
111111111100111001100100
111111111101010100010101
111111111111100000000010
000000000100010001100000
111111111111010010010101
000000000010100100111011
111111111111001001100101
000000000010001010100110
111111111110001011010001
111111111101101011111011
111111111111111100010111
111111111111101101100100
111111111111111011001101
111111111100100100111111
111111111101010100111110
000000000001111000111110
000000000000000011101011
000000000001001111000110
000000000001100101010100
000000000000010001000111
111111111110100100000100
000000000001001001100001
000000000001001010000110
000000000000001011011000
000000000000000001010001
111111111010101100000011
111111111100110101111011
000000000011000011101001
000000000001000000000101
000000000000100110110101
111111111110101111011010
000000000000101111100110
000000000000111101011111
111111111110011011010010
111111111110010101010001
000000000001111010111111
000000000001010110001100
000000000010010001111001
000000000001101010111000
111111111110111100110001
000000000000011000100110
000000000000101101100011
111111111111111001101011
111111111111101101100010
000000000001100110000111
111111111111101101010111
000000000010000000000100
000000000000011011101010
000000000001010000111110
000000000010001010101101
000000000000110110110110
000000000001000100111000
000000000001011011110111
000000000001000111000100
111111111111111100011101
000000000001011100111011
000000000000100000000101
111111111110100101001000
111111111111001110110001
111111111101101001011011
000000000010010111100010
111111111101001000011111
111111111100001000010010
000000000001000001100110
111111111111100111101001
000000000001001000010011
000000000011111101101011
111111111111011000111100
000000000000010100000111
111111111110000101011100
111111111111010110101111
000000000001000001111011
000000000001100001101101
000000000100101000011100
000000000011011100110011
000000000010110010001100
111111111101010110100101
000000000000000000111101
111111111110011110000100
111111111101010100010011
000000000000111010011001
111111111111110010101001
000000000001001100000001
111111111111110001111000
000000000000111110110010
111111111100000101100111
111111111110001010111010
000000000011000111100101
000000000001001101011111
111111111100100101101100
111111111100001000100010
111111111111011010100101
111111111110011010011100
000000000001010010100001
000000000001010000100111
000000000000001111000011
111111111101100001111101
111111111110010100001000
111111111100110110010100
111111111110111001111010
111111111110101010011011
000000000011011111001110
111111111100010000100111
000000000011000011010100
111111111101111001110101
111111111111110000110010
111111111111110011011010
111111111110011100001110
111111111111001100010101
000000000001111100101000
000000000010100011111011
000000000001110000010011
000000000001000110010000
000000000001000100110110
000000000001100001110111
111111111110111100010110
000000000101000000110100
111111111111010000101100
000000000000100100111011
000000000001010010000111
111111111110001000100000
000000000000100110111101
111111111110000110010100
111111111111001111100100
000000000000100101111101
000000000000011101111111
000000000001111010111011
000000000000000001111100
111111111110110001011010
000000000001000101110111
000000000010100110101011
111111111110010111001111
111111111110110110001001
000000000001011000010111
000000000000010010000110
111111111111001111100010
111111111110100000010100
111111111101000111000100
111111111111101000011111
000000000000011010011111
111111111101001001001010
111111111110001000010100
111111111111101111001010
111111111100010100010010
111111111111110111110110
111111111101011000011001
111111111111100001001001
111111111111001100101001
111111111111111000111110
111111111111000100101011
111111111111110100110111
000000000000010011010011
000000000001111110110001
000000000001001010010101
111111111101111001111100
000000000010010100101010
000000000000101110101100
000000000001000111111010
000000000000100010011010
000000000000010001110111
000000000001011100101101
000000000001001111010111
000000000000001111111000
111111111111000001110111
111111111111101101111101
000000000001001111100111
000000000000011010110000
000000000001100000010110
000000000000110010101111
000000000000001010101010
000000000000100111010100
000000000001011011010110
000000000001101110101101
111111111111000111011010
000000000010100111111110
000000000001000010111011
111111111111111110101100
000000000000011100111000
000000000000111100111111
111111111110101100100000
111111111101111111111001
000000000000011111001100
000000000000100101010110
000000000000111101111101
000000000001001011010011
000000000000011111111010
000000000000000101110000
111111111111100100010001
111111111111110010000010
000000000001011010111001
000000000001001010111101
000000000000000000011110
111111111111011010100110
000000000010101111110001
000000000001000110010111
000000000000010100000000
000000000001100000011100
111111111111001011111010
000000000001000000011010
000000000001100010101101
000000000000000010110010
111111111101000000100100
000000000011010001000101
111111111111100000001000
111111111110000010110101
000000000010010111010101
111111111111100001110100
000000000000000101001010
000000000010000101011010
111111111111101000110110
111111111100111011010100
000000000001101111111111
000000000000101010100010
000000000000010000101000
111111111111010010101001
000000000010000001010111
000000000001000000010111
111111111111101001110010
000000000011000101111010
000000000000101011100011
000000000010101110100101
000000000001011111110100
000000000011010010000011
000000000001001111000100
111111111110101111000111
111111111110101011001001
111111111111000000010010
111111111110010101101001
000000000000101100001110
000000000000000000000000
000000000000000000000000
000000000000000000000000
000000000000000000000000
000000000000000000000000
000000000000000000000000
000000000000000000000000
000000000000000000000000
000000000000000000000000
000000000000000000000000
000000000000000000000000
000000000000000000000000
000000000000000000000000
000000000000000000000000
000000000000000000000000
000000000000000000000000
000000000000000000000000
000000000000000000000000
000000000000000000000000
000000000000000000000000
000000000000000000000000
000000000000000000000000
000000000000000000000000
000000000000000000000000
000000000000000000000000
000000000000000000000000
000000000000000000000000
000000000000000000000000
000000000000000000000000
000000000000000000000000
000000000000000000000000
000000000000000000000000
000000000000000000000000
000000000000000000000000
000000000000000000000000
000000000000000000000000
000000000000000000000000
000000000000000000000000
000000000000000000000000
000000000000000000000000
000000000000000000000000
000000000000000000000000
000000000000000000000000
000000000000000000000000
000000000000000000000000
000000000000000000000000
000000000000000000000000
000000000000000000000000
000000000000000000000000
000000000000000000000000
000000000000000000000000
000000000000000000000000
000000000000000000000000
000000000000000000000000
000000000000000000000000
000000000000000000000000
000000000000000000000000
000000000000000000000000
000000000000000000000000
000000000000000000000000
000000000000000000000000
000000000000000000000000
000000000000000000000000
000000000000000000000000
000000000000000000000000
000000000000000000000000
000000000000000000000000
000000000000000000000000
000000000000000000000000
000000000000000000000000
000000000000000000000000
000000000000000000000000
000000000000000000000000
000000000000000000000000
000000000000000000000000
000000000000000000000000
000000000000000000000000
000000000000000000000000
000000000000000000000000
000000000000000000000000
000000000000000000000000
000000000000000000000000
000000000000000000000000
000000000000000000000000
000000000000000000000000
000000000000000000000000
000000000000000000000000
000000000000000000000000
000000000000000000000000
000000000000000000000000
000000000000000000000000
000000000000000000000000
000000000000000000000000
000000000000000000000000
000000000000000000000000
000000000000000000000000
000000000000000000000000
000000000000000000000000
000000000000000000000000
000000000000000000000000
000000000000000000000000
000000000000000000000000
000000000000000000000000
000000000000000000000000
000000000000000000000000
000000000000000000000000
000000000000000000000000
000000000000000000000000
000000000000000000000000
000000000000000000000000
000000000000000000000000
000000000000000000000000
000000000000000000000000
000000000000000000000000
000000000000000000000000
000000000000000000000000
000000000000000000000000
000000000000000000000000
000000000000000000000000
000000000000000000000000
000000000000000000000000
000000000000000000000000
000000000000000000000000
000000000000000000000000
000000000000000000000000
000000000000000000000000
000000000000000000000000
000000000000000000000000
000000000000000000000000
000000000000000000000000
000000000000000000000000
000000000000000000000000
000000000000000000000000
000000000000000000000000
000000000000000000000000
000000000000000000000000
000000000000000000000000
000000000000000000000000
000000000000000000000000
000000000000000000000000
000000000000000000000000
000000000000000000000000
000000000000000000000000
000000000000000000000000
000000000000000000000000
000000000000000000000000
000000000000000000000000
000000000000000000000000
000000000000000000000000
000000000000000000000000
000000000000000000000000
000000000000000000000000
000000000000000000000000
000000000000000000000000
000000000000000000000000
000000000000000000000000
000000000000000000000000
000000000000000000000000
000000000000000000000000
000000000000000000000000
000000000000000000000000
000000000000000000000000
000000000000000000000000
000000000000000000000000
000000000000000000000000
000000000000000000000000
000000000000000000000000
000000000000000000000000
000000000000000000000000
000000000000000000000000
000000000000000000000000
000000000000000000000000
000000000000000000000000
000000000000000000000000
000000000000000000000000
000000000000000000000000
000000000000000000000000
000000000000000000000000
000000000000000000000000
000000000000000000000000
000000000000000000000000
000000000000000000000000
000000000000000000000000
000000000000000000000000
000000000000000000000000
000000000000000000000000
000000000000000000000000
000000000000000000000000
000000000000000000000000
000000000000000000000000
000000000000000000000000
000000000000000000000000
000000000000000000000000
000000000000000000000000
000000000000000000000000
000000000000000000000000
000000000000000000000000
000000000000000000000000
000000000000000000000000
000000000000000000000000
000000000000000000000000
000000000000000000000000
000000000000000000000000
000000000000000000000000
000000000000000000000000
000000000000000000000000
000000000000000000000000
000000000000000000000000
000000000000000000000000
000000000000000000000000
000000000000000000000000
000000000000000000000000
000000000000000000000000
000000000000000000000000
000000000000000000000000
000000000000000000000000
000000000000000000000000
000000000000000000000000
000000000000000000000000
000000000000000000000000
000000000000000000000000
000000000000000000000000
000000000000000000000000
000000000000000000000000
000000000000000000000000
000000000000000000000000
000000000000000000000000
000000000000000000000000
000000000000000000000000
000000000000000000000000
000000000000000000000000
000000000000000000000000
000000000000000000000000
000000000000000000000000
000000000000000000000000
000000000000000000000000
000000000000000000000000
000000000000000000000000
000000000000000000000000
000000000000000000000000
000000000000000000000000
000000000000000000000000
000000000000000000000000
000000000000000000000000
000000000000000000000000
000000000000000000000000
000000000000000000000000
000000000000000000000000
000000000000000000000000
000000000000000000000000
000000000000000000000000
000000000000000000000000
000000000000000000000000
000000000000000000000000
000000000000000000000000
000000000000000000000000
000000000000000000000000
000000000000000000000000
000000000000000000000000
000000000000000000000000
000000000000000000000000
000000000000000000000000
000000000000000000000000
000000000000000000000000
000000000000000000000000
000000000000000000000000
000000000000000000000000
000000000000000000000000
000000000000000000000000
000000000000000000000000
000000000000000000000000
000000000000000000000000
000000000000000000000000
000000000000000000000000
000000000000000000000000
000000000000000000000000
000000000000000000000000
000000000000000000000000
000000000000000000000000
000000000000000000000000
000000000000000000000000
000000000000000000000000
000000000000000000000000
000000000000000000000000
000000000000000000000000
000000000000000000000000
000000000000000000000000
000000000000000000000000
000000000000000000000000
000000000000000000000000
000000000000000000000000
000000000000000000000000
000000000000000000000000
000000000000000000000000
000000000000000000000000
000000000000000000000000
000000000000000000000000
000000000000000000000000
000000000000000000000000
000000000000000000000000
000000000000000000000000
000000000000000000000000
000000000000000000000000
000000000000000000000000
000000000000000000000000
000000000000000000000000
000000000000000000000000
000000000000000000000000
000000000000000000000000
000000000000000000000000
000000000000000000000000
000000000000000000000000
000000000000000000000000
000000000000000000000000
000000000000000000000000
000000000000000000000000
000000000000000000000000
000000000000000000000000
000000000000000000000000
000000000000000000000000
000000000000000000000000
000000000000000000000000
000000000000000000000000
000000000000000000000000
000000000000000000000000
000000000000000000000000
000000000000000000000000
000000000000000000000000
000000000000000000000000
000000000000000000000000
000000000000000000000000
000000000000000000000000
000000000000000000000000
000000000000000000000000
000000000000000000000000
000000000000000000000000
