000000000000101110011001
111111111110100001101101
111111111111111011010110
000000000000110101110010
000000000000010011111100
111111111111110101111000
000000000000000101010001
000000000000010000111110
000000000000001001011100
111111111110101010101011
000000000000001000101011
111111111111111000001110
000000000000001001010011
111111111111101110001001
000000000000000001011100
111111111110100100011101
000000000000000011101111
000000000000010110111010
111111111111111110100001
111111111111111111101111
000000000000100011110001
111111111111011111111001
000000000000010000010111
111111111111001100110111
000000000000111001111101
000000000001011101010110
000000000000000011010011
111111111111010111110111
111111111111110100100010
000000000000000001110011
000000000000001110110000
000000000000010100000110
000000000000000011010000
000000000000110101000000
111111111111100100010110
000000000000110000110000
111111111111101001011001
000000000000001011001111
111111111111101011011001
111111111111000101001101
111111111111110111010100
111111111111011100000111
111111111111111011101101
000000000000010101100001
000000000001100001011111
000000000000011110001001
111111111111011101110001
000000000000000010010001
000000000001000000101100
000000000001010011110100
111111111111110001011010
111111111111101000000100
111111111111001101000010
000000000000000111011101
000000000000000000100001
111111111111101010011010
000000000000000110110011
111111111111110001100000
111111111111111100011000
111111111111000010011100
000000000000100011001110
000000000000101010110000
000000000000100010111101
000000000000010100101011
000000000000000011100011
111111111111100000010010
111111111111111111010001
111111111111110100011110
111111111111000100010111
111111111111110111111110
000000000000110101110010
000000000000000100111101
111111111111111010000101
000000000001011100000111
111111111111011101001100
000000000000000000001111
111111111111110000010011
000000000000000111111010
000000000000001100011010
000000000001101011100010
111111111111110110100100
111111111110101100001100
111111111111110101111001
111111111110100011011001
000000000001000000010110
111111111111110010000000
000000000000011100001110
000000000001000000101111
000000000000000111100010
111111111111111100111011
111111111111111011011100
111111111111100000101111
111111111101011000100011
111111111111100101000001
111111111110111010100110
111111111111010101110110
111111111111011110001001
111111111110011110000101
000000000000100001000100
111111111111110100010000
111111111111111101000010
111111111111111110010001
000000000000010011100001
000000000000011111110100
000000000000000111000100
111111111111010000000000
000000000000011011011111
000000000000001001110100
111111111111111100010000
000000000000001001111110
111111111111101101111110
111111111110110100000010
000000000000000111011011
000000000000101011001001
000000000000000011000100
000000000000001111110001
111111111110111000111101
000000000000011100011001
000000000000011000101001
000000000000110001110000
000000000000110110110000
111111111111011010000101
111111111111110000000100
000000000000111011101001
111111111111111000001111
111111111111111110001001
000000000000000100000111
111111111110100111110100
111111111111111000001001
111111111110110011000001
000000000000010100101001
000000000000111010010100
000000000001000000100111
111111111111111010011110
111111111111011111001000
111111111110100100101000
000000000000000101010110
111111111111110000001000
000000000000000010111000
111111111111100000011000
111111111110101010011110
111111111111111010100110
111111111111011001110000
000000000000001110000011
000000000000100101101110
000000000000111110010101
111111111111111100001110
000000000000100011010111
000000000000001100011111
000000000000001111001000
000000000000010000011111
000000000001101011001101
000000000000000111100001
000000000000100001010101
111111111111111100001001
111111111110100000011011
111111111111111001011000
000000000000100000111111
111111111111101001111001
000000000001000100000100
000000000000001001010101
111111111111110101001101
111111111111111010111101
111111111111011100001011
111111111111110011111100
111111111111111001010011
111111111111110010011101
000000000000100101001101
111111111110111011100111
111111111111111111010100
111111111111101010011000
000000000000011010000011
000000000000001000111101
000000000000001101100111
000000000000001000000100
000000000000011001010001
000000000000000111101011
000000000010010000111111
111111111111110111111110
111111111111100110011110
111111111111111010011010
111111111111011110011000
000000000000001100000011
000000000001100000110001
111111111111111001011011
111111111111001101011100
000000000000000110000111
000000000000001100000110
111111111111111010110111
111111111111011100010110
111111111111000000110101
000000000000011001100111
000000000000110011001000
000000000001001011101000
000000000000000000110011
000000000000011010001101
111111111111100001100010
000000000000001001100110
111111111111101001111101
000000000000001100010111
000000000000000011111110
111111111110000100010000
111111111111111100100010
111111111110101000111110
000000000000110001011111
000000000000010010100000
111111111111010110110001
111111111111010101001111
000000000000000010001011
000000000000000010001001
000000000000000010000111
000000000000100111001111
111111111100111111001000
000000000000010100101000
111111111111110011010111
111111111111111011011011
000000000000111000010010
111111111111111000010011
111111111111101110010111
000000000000110001000111
000000000000110000010110
111111111111111101001100
111111111111101001111101
111111111111110100001110
000000000000000100001001
000000000000101110011111
000000000000001111111111
111111111111000100011001
000000000000111001001001
000000000000011110101100
000000000000101001010000
000000000000110100110110
111111111111110111100101
000000000000000101101010
000000000000000001001001
000000000000010011110011
000000000000001101010011
111111111111110010001110
000000000000101100110001
000000000000100100001000
111111111111000110110010
111111111110110011010100
111111111111111100110100
111111111111000110111110
111111111111110111011000
111111111111101111010111
111111111111110100011110
000000000000010100100010
111111111111111101001011
000000000001101011100000
111111111111101110101000
000000000000100100110111
111111111111100011110011
111111111111011011100101
000000000000001010001111
000000000000101011010000
111111111111111000000011
111111111111101110110001
111111111111111100101001
111111111111100011010111
111111111110010111101010
000000000000011100011101
000000000000000010010100
111111111111111101011010
000000000000011011011111
111111111111111010010100
111111111111110111110110
111111111111101011011100
000000000000011000011110
111111111111110000011010
000000000000000101100110
111111111111101001101010
111111111111111011011000
111111111111011110000010
111111111111111001101000
000000000000001010110110
000000000000010001000101
111111111111101111110000
000000000000001110000110
111111111111111010111010
111111111111111010001011
000000000000010000101001
000000000000000001110001
000000000000011000111111
111111111110100010010101
111111111111111101110001
111111111111111110101100
111111111111100011100101
111111111111101100001010
111111111111001111100111
000000000000001110111010
111111111111101111111101
111111111111001011101111
000000000000000001101001
111111111111101111010011
111111111111011010011000
000000000000001000001000
111111111101110100110000
000000000000000111011110
111111111110110100110110
000000000000001101100100
000000000000001101001011
111111111111011001111110
000000000001011010110101
111111111111111101111101
111111111111101001101010
111111111111111111010101
111111111111011001011001
111111111110011110010001
111111111111101000111100
000000000000110110100100
111111111111110101000111
000000000001010001011101
111111111111001011100001
000000000000000010011101
000000000000100101110010
111111111111010000011111
111111111111110011100011
000000000000010110000001
000000000000101000011110
000000000000000100001110
000000000000011010111101
000000000000000100010011
111111111111010110000111
000000000000100011001101
111111111111010101111110
000000000000011101011110
111111111111111111011000
000000000000001000100000
000000000000110001001100
000000000000000011000011
000000000000001000111000
111111111110110110010101
111111111111100111111110
111111111111011111000110
000000000000110001110010
111111111111001011011100
111111111111010111110010
000000000000000000100101
111111111111110011110110
000000000000110011010000
111111111111110010010101
000000000000001010001010
000000000001101000000000
111111111111111110000111
111111111101111100111001
111111111111111010000011
000000000000110110100101
111111111111011001001010
000000000000100011101101
111111111111111111110001
111111111111001001000000
111111111111111110010110
111111111111100010111110
111111111111111011111000
000000000000010100010010
000000000000110111100100
000000000000001001011111
000000000000101111100111
111111111111100011011001
111111111111001101011001
000000000000100100010111
111111111111110001011011
000000000000101000010010
000000000000010001101111
000000000000001010000000
111111111111100111100001
111111111110100000011010
000000000000000011010000
000000000000000010111000
000000000000010111000000
111111111111000001010100
111111111111111011010110
000000000000101100111110
111111111111111001101111
111111111111000110010100
000000000000001000100100
111111111111011110101100
111111111111111111001101
000000000000001110001000
111111111110111100001011
111111111111110111101110
111111111111100001111100
000000000000001111101001
000000000000011011100001
000000000000100010110010
000000000000011111111000
000000000000001011100011
000000000000001100001101
111111111111110111011100
000000000000001100100101
111111111111000010100010
111111111111111001000000
111111111101110010101100
000000000000011000111101
111111111111111011011001
000000000000100000011011
000000000000000110011100
111111111111101001000110
000000000000000101011111
111111111111111111111011
000000000000100001100100
111111111111111110100100
111111111111111011110111
111111111110101110000000
111111111111011111110110
000000000000000101110011
000000000000000001000001
000000000001000010001111
111111111111101100100010
000000000000001100011010
111111111111111010100001
111111111111100000001001
000000000000001000110001
000000000000000110010001
111111111110011101011010
000000000000000000111000
111111111101111011100000
000000000000011010110111
111111111110101100010110
111111111111001010000110
000000000000010100110101
111111111111011010110010
111111111111100001111010
000000000000000100110010
000000000000001011001111
000000000000000101101000
000000000000011111011111
000000000000100010111100
000000000000010000010111
000000000000100110011100
000000000000001111111101
111111111111111011110011
000000000000110011001100
000000000000001100111100
111111111111000010111001
000000000000000100011110
111111111111111000100100
000000000000001010000001
111111111110010111001101
111111111111111010101000
111111111101110001011010
000000000000001110110111
111111111111110100011100
111111111111110111111110
000000000000010001100010
111111111111011101011100
000000000001000011000000
000000000000000001011110
111111111111101101100100
111111111111111111011110
000000000000011000010101
000000000010010000110000
000000000000010101000001
000000000000010001000000
111111111111110111111111
000000000001000100010101
111111111111000000101000
111111111111100011000111
111111111111001110101010
111111111111110011010100
111111111111110100101010
000000000000000000101111
000000000000000110100111
111111111111111010001110
000000000010001101000101
111111111111110000101110
000000000000111011100100
111111111111111101111110
111111111111100100101001
111111111111111011010001
000000000001001100101010
111111111111110110101100
111111111111011000000110
111111111111111011011100
000000000000001001100000
000000000010010010110010
111111111111011100110001
000000000000011101100110
111111111111001110010011
000000000001001110011001
000000000001000101100010
000000000000000011101101
000000000000001011110010
000000000000001101011100
111111111111101111001101
111111111111110111101110
111111111110100110111100
000000000000000100100111
111111111111111100101011
000000000000011010110001
111111111111001110000011
111111111111110111111101
111111111111011010101111
111111111111011001100010
000000000000000000000001
000000000000000100010110
000000000000001110011011
000000000000000100111100
111111111111100000000011
111111111110001000110111
000000000000011111111100
000000000000111001010010
000000000000110000000011
000000000001010000011000
111111111111001001110010
111111111111011010111100
111111111111001100110110
111111111111011110111011
000000000000001000011101
000000000000000001111000
000000000000001000111110
111111111111111100101010
111111111111101001000111
111111111111101101011000
111111111111100011110110
000000000000010100110101
111111111111101100100011
111111111111100011001001
000000000000111110110000
000000000000000100111100
000000000000101111101011
000000000000000011101000
000000000000001110010001
111111111111000101110110
111111111111101110101001
000000000000001010010100
111111111111100100010101
111111111111001101110001
000000000000010010011001
111111111111111010011001
000000000000011000101111
000000000000111000101111
000000000000000101100111
111111111111110111011100
111111111110011101100101
000000000000000010010100
111111111110010110111111
111111111111100101001110
000000000000000011111000
111111111111011010110100
111111111111111000001000
111111111111010111110110
000000000000011001110101
111111111111111000001001
111111111111110100100110
111111111111111010001011
000000000000000110110000
000000000000101010100010
000000000000011000111011
000000000000110110011000
111111111111111000111000
111111111111011101011010
111111111111001111000010
000000000000100111011000
111111111111001011111100
000000000000001010101101
000000000000010000100110
111111111111111001111001
000000000000010011001110
000000000000000101101101
111111111110111100000001
111111111111110100101010
000000000001011001001000
000000000000110111100110
000000000000100010101011
111111111111110001010101
111111111111101011100101
111111111111111110101001
000000000000110000011100
000000000000000110110101
111111111111011110100010
111111111111101010100011
000000000000001011101111
111111111111010101101111
111111111111100110110100
000000000000110011010111
111111111110100110011011
000000000000001110110010
000000000000110011011011
000000000001001010101000
000000000000100101100110
000000000000000111111100
000000000000000100100011
111111111111010101001111
111111111111100010111011
111111111111100101000101
111111111111111111111011
111111111111110010010101
111111111111011101100111
111111111111111111100011
111111111101111101100000
111111111111100101111000
000000000000101001110011
000000000000000110011110
111111111111111111010110
000000000000000111000011
000000000001101010011100
111111111111101001100001
111111111110110000100101
000000000001000000001011
000000000001011000101011
111111111111110101100000
111111111111011001101000
111111111111010101000111
111111111111111001010100
000000000000010110001110
000000000000000101011001
111111111111110001010010
000000000000010010000011
000000000001010101110000
000000000000000000011001
000000000000100001001101
000000000000010101101011
000000000000000110010100
111111111110101100001100
000000000000111100011111
111111111110111110100011
000000000000010010110001
000000000000110101101010
000000000000010011001110
111111111110011100000001
000000000000101111000000
000000000000000011100010
000000000001000111100111
000000000001001111100110
000000000000101110010110
111111111111101001000111
111111111101000001010111
111111111111100100010010
000000000000000000110010
111111111111111010001100
111111111111100001001011
111111111111111011000011
000000000000001011001111
111111111111111111011111
111111111111001100001111
000000000001010010010111
111111111111110101010010
000000000000011101011111
111111111111100111010000
111111111111000110001001
000000000000000011001100
111111111111100011010001
111111111111110100001111
000000000000011010100110
111111111110110110001000
000000000000000111101100
111111111111111001011101
000000000001010111011111
000000000001101110100011
000000000000000000001111
111111111111000101010001
111111111111100010100110
000000000000010010101101
000000000000011100111001
000000000000101010101011
111111111111100011011100
000000000000011111010100
111111111111111111001111
111111111110100001011010
111111111111100101000001
111111111111110111010110
000000000001011100010010
111111111111001011011001
111111111111111010011001
000000000000010011111011
111111111110110010000001
111111111111011110111111
000000000001011001011101
000000000001011111010011
111111111110111110100010
111111111111011010100001
111111111110100011000000
111111111110010110111100
111111111111110100110001
111111111111110100111100
000000000000000110011001
000000000000011101011010
000000000000001000100011
111111111111011111111110
111111111111101111101001
111111111110101010101110
000000000000000000000101
000000000000000101100000
000000000000010011001101
000000000000000101100001
111111111110010011101101
111111111111001100001010
000000000001001110101101
111111111111110010100101
000000000000100111010101
111111111111110001111111
111111111110100001110111
111111111111011110001001
000000000001001101010000
000000000000111100100111
111111111111011011111111
000000000000110010100111
000000000000111001000001
111111111111100010111111
000000000000000110111001
000000000000000110001100
111111111111101000010011
000000000000100011100001
111111111111100101110001
111111111110111111111101
000000000000000000011110
111111111110100001000001
111111111111110101010110
000000000000001010000100
111111111101111101110000
111111111111011010101011
111111111111100011000011
111111111111110011010110
111111111110110001001000
111111111111101111001000
000000000000010001111001
000000000000110100100001
000000000000010101110100
000000000000101001110000
000000000000111011001101
000000000000001011111111
000000000000100001110100
000000000000101110101101
111111111111000111110010
000000000000011000110101
000000000000011100110011
111111111111011101111100
000000000000001011010110
000000000000001011111110
111111111111111111001101
000000000000001001101110
000000000000111111100011
000000000000000110110001
000000000001100001000010
111111111110111110110111
111111111111101100010100
000000000000010110000000
111111111110100110101001
111111111111111101100111
000000000000010110001100
000000000000010010100110
000000000000111001110010
111111111110110100010011
111111111111111111010110
000000000001000100101100
000000000000011000111010
000000000000100001100000
111111111111001101011010
000000000000001100001010
000000000000000110110010
111111111111011101010000
000000000000110001011001
000000000000011000111010
111111111111111111110010
000000000000001000001100
111111111110111111001110
111111111111111100010011
000000000010001001111101
000000000000101101110100
111111111110100011110010
111111111111100101001111
000000000000011110001100
111111111111111110111111
000000000001110110001100
000000000001010110101110
000000000000100111110001
000000000000111000100110
000000000001000111110101
111111111111111101011011
000000000000011001000100
111111111110001110000010
111111111111011100010110
111111111111011110110010
000000000000000011010100
111111111111101110000010
111111111111010101110110
000000000000001010110000
111111111111111111010010
111111111110110111010000
000000000000100011101001
000000000000001100101000
111111111111000011000010
111111111111110000110100
000000000000000011111011
111111111111110110101110
000000000001100001110111
111111111111011001111110
111111111110111011100110
000000000000010001010110
111111111111111000111001
000000000000111110010100
111111111111111000101011
000000000000110111111111
000000000000101110111101
000000000010110100111001
000000000000001010011011
111111111111011110110010
111111111111111100110101
111111111111101101001101
000000000000001111110101
111111111111001110011001
111111111111111111100000
111111111110101100000000
000000000000111011001001
111111111111110011010111
000000000001001011010101
000000000000111010101010
000000000000001010010100
111111111111111010111111
000000000000110001011000
000000000000000010100111
000000000000101101101001
111111111111000010100001
000000000000111000000111
111111111111000000101010
111111111110110111001010
000000000000001010000111
111111111111001001011110
111111111111011111101110
000000000000111101110010
111111111111101110101001
000000000000000101100001
000000000000001100110000
000000000000100100100111
000000000000110101110110
000000000000000000010011
000000000000101001011100
111111111110111001110101
111111111111111100110111
000000000000111101101010
000000000000110111011011
111111111111100000100101
000000000000001110101010
111111111110111000100101
111111111111101011011011
111111111110100001100111
111111111111111100110100
111111111111111011111111
000000000000011110011011
111111111111111010100110
000000000000011001111000
111111111111101100010110
000000000001011011100011
000000000000111001111000
000000000000001000011100
111111111111111001111111
000000000000010100111010
111111111111110100011011
000000000000010011101111
000000000000000000000101
111111111111100110111000
111111111111100000101101
111111111111111011101011
111111111111111000110000
000000000000101000100010
000000000000011110011000
111111111111111000001111
000000000000111110010101
111111111111101101100010
000000000000000111011001
000000000000000001110010
111111111111010011110111
111111111111101010000010
111111111111010010000011
111111111111010000100111
111111111111110000101010
111111111100111100011110
111111111111111001111000
111111111111100110110110
111111111111110101111000
111111111111011011001110
111111111111010000100100
111111111111101000110011
111111111111111111011000
111111111111101100000011
000000000000011001011001
000000000000001011101001
000000000010000001011110
000000000000001110001111
111111111111010111001111
000000000000000010111000
111111111110011111101101
111111111111101100101110
000000000001001100011100
111111111110110101000011
111111111111101111000110
000000000001011010001011
111111111111001110001010
111111111111111000001011
000000000000100100001000
111111111101001110010001
000000000000101110001110
000000000000100001001011
000000000000001010111000
111111111111101100111001
000000000000001001001011
111111111111110010101001
111111111111111111101001
111111111111001100010000
111111111110101111000001
111111111111110110111101
111111111111111111000111
111111111111000100101001
000000000001011001101110
111111111111110010101001
000000000000010110001010
111111111111110001011110
000000000001001111101010
000000000000101101001011
000000000001001101010101
111111111111000101110100
111111111111011001110011
111111111111111110001001
111111111111110100011000
000000000010111111110010
000000000000110010110000
000000000000001111010100
000000000000011011111100
000000000000001000100010
111111111111010011010101
000000000000010010011101
000000000000000000011100
000000000000111001000101
000000000001000100110011
000000000000000000000100
111111111110110001100110
000000000000001011011110
111111111111001011000011
000000000000010010000000
000000000000110010100111
000000000000001010111101
111111111111100000100011
111111111110111110100111
111111111111010011100101
111111111111000111111110
000000000000100010100011
000000000000101110010001
000000000000100110100001
000000000001000010011000
111111111111011010110110
111111111111011011001000
111111111111100110010011
111111111111110001010001
000000000000000000111110
111111111110111000100111
111111111111111111011110
000000000000000110110101
000000000001010110101001
000000000000000001111010
111111111110101101110010
111111111111000100001101
111111111111000011001111
000000000000000011011011
000000000000100011010000
111111111111110010101000
000000000000011011011011
000000000000101001010001
000000000000011000010011
000000000000011110011101
000000000000100001000010
111111111110011010101101
000000000000001011000011
000000000000101101101010
000000000000011111101111
000000000000010010111110
111111111111101111011110
000000000000011111101010
111111111111001111110111
111111111110110010100010
111111111111111111111101
111111111111010000010101
000000000000001100011001
000000000000000111000000
000000000000000111110101
000000000000000000011100
000000000000111101001110
000000000000000110010000
111111111111110101101011
111111111111101111110101
000000000001101010100101
111111111111111000000001
000000000000000001100101
000000000001001001010100
111111111111101101100000
111111111111011000100100
111111111111111010110000
111111111110001000110101
111111111111011111011001
000000000000001001011100
111111111111100101100000
111111111111111011111110
111111111111010010110111
111111111110101100101010
111111111111111111010011
000000000001001111001110
000000000000101000001000
000000000000001011011001
111111111111010101000110
111111111111011110101010
000000000000010100011111
111111111111100111010110
000000000001001110100011
000000000000000110111000
111111111111001001110000
111111111111001011001101
000000000000011000110010
111111111111111011010110
000000000000110000101000
111111111111010110110110
111111111111000101100101
000000000000010000110000
000000000000011011100111
000000000000001111000110
111111111111100011110101
000000000000011000010010
111111111111001111011011
111111111111010001111000
111111111111111111111001
000000000000001011110010
000000000000100001110010
000000000000001010100101
000000000001011111100001
111111111111110101101100
111111111111011110011000
000000000000000010010001
000000000000111100101100
000000000000011100100010
111111111110111010010010
111111111111101000101000
111111111111110011100100
000000000001001011101001
111111111111000011110100
000000000001011011110000
111111111111010000110101
111111111111010000100011
000000000000101010000101
000000000000000001001000
000000000000000001110001
000000000000011010001001
000000000000110000000100
000000000000101111011001
000000000000000000011111
000000000000000010111111
111111111111001011010010
000000000000000001011100
000000000001101101010010
000000000001000000111010
111111111110110111001110
000000000000010011111011
000000000000010111101100
000000000000011100111100
000000000001110100110010
111111111111010111010110
111111111110110010110100
000000000001010110110011
000000000001000010000011
111111111111110100001101
000000000000001011010001
000000000000110010010100
000000000000111110010101
111111111111110011100010
111111111111101000000100
111111111111101011000100
111111111111111110110111
111111111110101100111011
111111111111111111100101
000000000000001011110100
111111111110111000001110
000000000000001011110010
000000000000000000000010
111111111111100001101100
000000000000011010010100
111111111111101010010110
111111111110110000010100
111111111111101000100000
111111111110010110000111
111111111110110001010100
000000000001001010101000
000000000001011000111111
111111111111001100100000
000000000001110101101100
111111111111001111000101
111111111110000100010000
111111111111100000100011
000000000000000010110101
000000000000000010011010
000000000000001111000111
111111111111111000001101
000000000000111001101110
111111111111111111110001
111111111111100001010111
111111111111011010100010
000000000000001000110101
000000000001011001011101
111111111111011101011110
000000000001010110111110
111111111111110000000111
000000000000100011100111
111111111111110100100010
000000000000111001100010
111111111111110001110101
111111111111010101000010
111111111111001000011001
000000000000010001011110
000000000000010001110011
000000000000010111101001
000000000011010100010000
111111111111101011001000
111111111111110011000111
111111111111100101100011
111111111111110101100001
111111111111011100001110
000000000001010011000100
000000000000000000000010
000000000000110110101001
111111111111110000110101
000000000000001100010011
000000000000100100110101
000000000000110110101110
111111111111101011001100
000000000000011001011101
000000000000010000110110
000000000000001000011000
111111111110101101010110
111111111110110101010100
111111111111110100111100
111111111111011001101101
111111111111010001011111
111111111110000010111001
111111111111001110001110
000000000000101000000101
111111111111000010010100
111111111111110110110011
000000000000000101001010
111111111111100110001011
111111111111101000110101
000000000000100011001001
000000000000000000101110
111111111110101110010010
000000000001000010110011
000000000000000100011111
111111111111100010111001
000000000000001001011100
000000000001011000010111
111111111111100010000101
111111111110101100100010
111111111111111011110001
111111111111011001000010
000000000000111010000010
111111111111011000111001
