000000000000001111111111
111111111111110000000000
000000000001001111110101
000000000000000000000000
000000000001101111100011
111111111110000000101010
000000000010001111000011
000000000010001111000011
111111111111010000000010
000000000000001111111111
000000000000111111111010
111111111111010000000010
000000000000011111111111
000000000000001111111111
111111111110000000101010
111111111110010000011100
000000000011011100011111
111111111111000000000101
000000000011101011101100
111111111110110000001010
111111111110000000101010
000000000001001111110101
000000000001011111101110
111111111110000000101010
111111111110100000010001
000000000001111111010101
111111111011001010000001
000000000001101111100011
111111111010010001000010
000000000000001111111111
000000000000001111111111
111111111100110010110100
111111111101000010001110
000000000000011111111111
111111111101010001101101
000000000010101110010010
111111111111110000000000
111111111101010001101101
000000000000001111111111
111111111111000000000101
000000000001101111100011
000000000001101111100011
111111111111110000000000
111111111101100001010010
111111111110100000010001
000000000000111111111010
111111111111100000000000
000000000000001111111111
111111111111110000000000
111111111110010000011100
000000000001001111110101
000000000000011111111111
111111111111100000000000
000000000001001111110101
000000000001001111110101
111111111110010000011100
000000000001011111101110
000000000010011110101101
000000000010011110101101
111111111000100110110010
111111111111010000000010
111111111111010000000010
000000000000000000000000
000000000011101011101100
111111111111010000000010
000000000010111101110001
000000000110001010100001
000000000000011111111111
000000000000000000000000
000000000010101110010010
111111111011110110001110
111111111110100000010001
000000000000000000000000
000000000010101110010010
111111111101010001101101
000000000010101110010010
000000000001111111010101
000000000000101111111101
111111111101100001010010
000000000011111010110010
111111111111010000000010
111111111110100000010001
111111111110110000001010
111111111111100000000000
111111111111110000000000
000000000000001111111111
000000000010111101110001
000000000000011111111111
111111111101010001101101
000000000010011110101101
111111111110110000001010
111111111110010000011100
000000000000001111111111
000000000000011111111111
000000000000011111111111
111111111110000000101010
000000000011011100011111
111111111101100001010010
000000000001001111110101
111111111111100000000000
111111111101100001010010
000000000001111111010101
000000000001011111101110
111111111111100000000000
000000000000011111111111
111111111011100111010111
111111111101100001010010
111111111110100000010001
111111111110010000011100
000000000000001111111111
111111111101100001010010
111111111101110000111100
111111111100110010110100
000000000000011111111111
111111111111110000000000
111111111100010100010011
000000000000000000000000
000000000010001111000011
111111111110000000101010
111111111101110000111100
111111111111000000000101
111111111111000000000101
111111111110110000001010
000000000000111111111010
000000000000000000000000
111111111110100000010001
111111111011110110001110
111111111100100011100000
000000000001001111110101
000000000010101110010010
000000000001001111110101
111111111110100000010001
000000000000111111111010
000000000000000000000000
111111111111110000000000
000000000000000000000000
000000000000011111111111
111111111101100001010010
000000000000111111111010
111111111111010000000010
111111111111000000000101
000000000001101111100011
000000000100001001110001
000000000000011111111111
111111111111110000000000
111111111110000000101010
000000000000000000000000
111111111110010000011100
000000000001001111110101
000000000000001111111111
000000000001101111100011
111111111111010000000010
111111111111110000000000
111111111110000000101010
111111111110100000010001
111111111111110000000000
000000000011011100011111
000000000001001111110101
000000000000101111111101
000000000000011111111111
000000000001011111101110
000000000001111111010101
000000000000101111111101
000000000000011111111111
111111111110110000001010
111111111110110000001010
000000000001001111110101
000000000000001111111111
000000000001011111101110
111111111011100111010111
111111111100010100010011
111111111101010001101101
111111111110010000011100
000000000000101111111101
000000000000011111111111
111111111011001010000001
111111111111100000000000
111111111110110000001010
000000000001001111110101
000000000000001111111111
000000000000011111111111
111111111111100000000000
000000000000000000000000
000000000000000000000000
111111111110010000011100
000000000000011111111111
111111111101000010001110
111111111111000000000101
111111111110000000101010
000000000010101110010010
111111111101000010001110
111111111111010000000010
000000000111001100100010
111111111100010100010011
000000000010011110101101
111111111110010000011100
111111111101100001010010
000000000010011110101101
000000000000111111111010
000000000000001111111111
000000000010111101110001
111111111110100000010001
000000000010011110101101
111111111011011000101000
111111111101110000111100
000000000011101011101100
000000000000101111111101
000000000000011111111111
111111111111010000000010
111111111111110000000000
000000000001101111100011
111111111110100000010001
111111111111010000000010
111111111101010001101101
000000000000001111111111
111111111011110110001110
000000000000000000000000
111111111111010000000010
111111111110100000010001
000000000001001111110101
000000000001101111100011
000000000011011100011111
000000000001101111100011
000000000010001111000011
111111111101100001010010
111111111110010000011100
111111111110000000101010
111111111101000010001110
000000000011101011101100
000000000100001001110001
111111111110110000001010
111111111011110110001110
000000000011101011101100
111111111111010000000010
000000000010011110101101
000000000101101110111101
000000000000001111111111
000000000000001111111111
000000000011101011101100
111111111100010100010011
000000000000001111111111
111111111111100000000000
111111111111110000000000
111111111100100011100000
000000000000101111111101
111111111100100011100000
000000000010011110101101
111111111011110110001110
111111111110000000101010
111111111111000000000101
111111111101000010001110
000000000000111111111010
000000000000011111111111
111111111101100001010010
111111111011100111010111
111111111100110010110100
111111111010000011001011
000000000001001111110101
000000000011001101001011
000000000010111101110001
000000000001011111101110
000000000001001111110101
111111111110100000010001
111111111101110000111100
111111111100000101001101
111111111110100000010001
111111111110100000010001
111111111111110000000000
111111111110110000001010
111111111100010100010011
111111111011011000101000
000000000000101111111101
111111111110100000010001
000000000010011110101101
111111111110100000010001
111111111101100001010010
111111111101110000111100
111111111111110000000000
000000000011011100011111
111111111111110000000000
111111111110100000010001
000000000000101111111101
111111111110110000001010
111111111111110000000000
000000000000001111111111
000000000000000000000000
111111111101010001101101
000000000000111111111010
000000000000011111111111
111111111100000101001101
111111111110000000101010
111111111100000101001101
111111111111110000000000
000000000001111111010101
111111111100110010110100
000000000000011111111111
000000000001101111100011
000000000110011000000100
000000000000001111111111
111111111111100000000000
000000000001011111101110
000000000001011111101110
000000000000101111111101
000000000010101110010010
000000000000000000000000
111111111111100000000000
000000000010011110101101
111111111101010001101101
111111111011110110001110
111111111110000000101010
000000000001001111110101
000000000000011111111111
111111111101010001101101
000000000001111111010101
111111111110000000101010
000000000001001111110101
111111111100100011100000
111111111111000000000101
111111111111110000000000
111111111110000000101010
111111111110010000011100
111111111110100000010001
111111111110110000001010
000000000010101110010010
000000000000000000000000
000000000000000000000000
000000000000001111111111
000000000000000000000000
000000000010011110101101
000000000000011111111111
000000000000001111111111
111111111111110000000000
111111111110010000011100
000000000001101111100011
111111111101100001010010
000000000001101111100011
111111111111010000000010
000000000001101111100011
000000000001011111101110
000000000000011111111111
000000000001001111110101
111111111100100011100000
111111111111100000000000
111111111101110000111100
111111111100010100010011
111111111111010000000010
111111111101110000111100
000000000000011111111111
111111111101110000111100
000000000101100000111011
000000000010101110010010
000000000100100111010111
111111111110110000001010
000000000010001111000011
000000000001011111101110
111111111111110000000000
000000000000011111111111
111111111111010000000010
000000000000000000000000
000000000000000000000000
000000000000001111111111
000000000001111111010101
111111111111110000000000
000000000001111111010101
111111111110010000011100
111111111101010001101101
111111111101010001101101
000000000000101111111101
000000000001101111100011
000000000001011111101110
000000000000011111111111
000000000000000000000000
000000000001001111110101
111111111111010000000010
000000000001111111010101
000000000000001111111111
111111111111110000000000
000000000001111111010101
111111111111100000000000
111111111101110000111100
000000000000000000000000
111111111101000010001110
111111111101110000111100
000000000001101111100011
000000000010011110101101
000000000010011110101101
111111111100000101001101
000000000000011111111111
000000000000001111111111
111111111111010000000010
000000000000111111111010
111111111111000000000101
111111111111010000000010
111111111110100000010001
111111111011011000101000
111111111111100000000000
000000000000011111111111
000000000010101110010010
000000000000011111111111
000000000000011111111111
111111111101010001101101
000000000010011110101101
000000000010111101110001
111111111111100000000000
000000000001001111110101
000000000000011111111111
000000000000111111111010
111111111011011000101000
000000000010101110010010
000000000000001111111111
111111111111110000000000
000000000000001111111111
000000000001101111100011
111111111010111011100011
000000000001101111100011
111111111011100111010111
111111111111100000000000
111111111110100000010001
111111111101110000111100
111111111111110000000000
111111111111100000000000
000000000010101110010010
111111111110010000011100
000000000001101111100011
000000000011011100011111
000000000000000000000000
111111111111000000000101
111111111111010000000010
000000000000111111111010
000000000000000000000000
000000000000111111111010
111111111100100011100000
