111111111110010000101100
000000000000011111100111
111111111111111001011011
111111111110110010100010
111111111110110011000010
111111111101101100001111
000000000000100100101101
000000000000100100000100
000000000000110001001000
000000000000111100000111
000000000000000000000000
000000000000000000000000
000000000000001010100011
111111111101001110101010
111111111110010010110110
111111111110111110011110
000000000000000011110011
000000000001010011011000
000000000000000111010100
000000000000010101101001
111111111111110100010000
000000000000000100011011
000000000000000000000000
000000000000000000000000
000000000000101000001001
000000000000001010000011
111111111110101001101101
111111111100111101010000
111111111101111100101011
111111111101111110101110
111111111111000110100011
000000000001001101000111
111111111101100100001101
111111111111000101110011
000000000000000000000000
000000000000000000000000
111111111111011011110111
111111111110011100110100
111111111111010101000111
000000000001000001100011
000000000000000100001001
111111111111010011111010
111111111111000011000111
111111111110111101110111
111111111111001111100010
111111111111111001011010
000000000000000000000000
000000000000000000000000
111111111110011100111110
111111111111011111101110
111111111101110011110000
000000000001000111111001
000000000000100001010101
111111111101101001101000
000000000000001011101001
000000000001011110010100
000000000000010111111011
111111111111111111010101
000000000000000000000000
000000000000000000000000
000000000000010011111001
000000000000010101110010
000000000000101101000101
000000000001100110011101
000000000001011111111110
000000000000111101111111
000000000000111101010011
111111111110100110100011
000000000000101100011001
111111111111110010100111
000000000000000000000000
000000000000000000000000
111111111111100100111010
111111111110100101111001
111111111110100000100111
000000000000001001110100
000000000000000000001100
000000000000001101101111
000000000000000110110101
000000000010101111001010
111111111110110001100101
000000000001000000100111
000000000000000000000000
000000000000000000000000
111111111111100111010101
000000000001100011100101
111111111111001101010110
000000000000101101100011
000000000000110001111000
000000000001010111101110
000000000000000011000001
111111111110111010010101
111111111110111111001011
000000000000010111011000
000000000000000000000000
000000000000000000000000
000000000000111111001001
111111111111000110000010
000000000000110101111100
111111111111100101001000
111111111110110111011000
000000000000010111101001
000000000000110111001011
111111111110100101100001
111111111111111101010010
000000000000010000111010
000000000000000000000000
000000000000000000000000
111111111110011111010100
111111111110001000111100
111111111111011110000100
000000000000011001111001
111111111111111110001011
000000000000010101111010
111111111111110101111111
111111111111111011110101
111111111110010011011101
000000000000111000010011
000000000000000000000000
000000000000000000000000
000000000000100110011010
000000000000100111101110
111111111110010111010110
000000000001000001010101
111111111111010010111010
111111111111011100000101
000000000000000110001001
000000000000000111111110
000000000000000011001011
000000000000111010010110
000000000000000000000000
000000000000000000000000
000000000001100011110111
000000000000100110000011
111111111101110100011110
000000000000111000000110
000000000000000010101001
000000000000001111111110
111111111111010010000010
000000000000011101100110
000000000000001010001011
111111111111100011011011
000000000000000000000000
000000000000000000000000
000000000000011000000100
111111111111110010111010
000000000000001111011001
111111111111011100001101
111111111101101000100000
000000000010101000000111
111111111111110100100001
111111111110110111111001
000000000000110010001010
000000000000111011111101
000000000000000000000000
000000000000000000000000
000000000000101011001011
111111111101011110100110
111111111110101011011001
000000000000001011110000
111111111110110111111010
000000000000010011100101
111111111111111010010001
000000000001011000000011
111111111111110011101111
000000000000001010000100
000000000000000000000000
000000000000000000000000
000000000000000001100110
000000000001110110110000
000000000001010110111011
111111111111101000101011
000000000001110110000011
111111111101110111100010
111111111110100000011101
111111111111101100011010
111111111101100011110111
111111111111000100100000
000000000000000000000000
000000000000000000000000
000000000000011101110111
111111111110101011101110
000000000000010001010100
111111111111101010001000
000000000000101111001010
111111111110010001110110
111111111111111011110110
111111111111001000011011
111111111111001011011010
111111111111110111010100
000000000000000000000000
000000000000000000000000
000000000001100010001101
111111111110010001111010
111111111110101111001001
111111111111000101011101
111111111110111000111100
111111111111100110110101
000000000001001001011010
111111111101110001101011
000000000000011011110001
000000000000001000010001
000000000000000000000000
000000000000000000000000
000000000000101001001111
111111111100110011010011
111111111111011110010100
000000000001001101000101
111111111110100101100010
111111111111011000011010
111111111101011011110011
111111111111011100000011
000000000000100101010011
111111111111110100001110
000000000000000000000000
000000000000000000000000
000000000010001010100101
111111111110001001001010
111111111111110101000111
111111111111000010111000
000000000000011011010101
111111111110100110001000
111111111110100001100001
111111111110100101010001
111111111110110001100011
000000000001000011100000
000000000000000000000000
000000000000000000000000
000000000000101111100011
000000000001010011011110
111111111111101100111111
000000000000101000100101
111111111110000101010101
000000000001100011101101
000000000001000110001100
111111111111010101100010
111111111111000010100100
000000000000011000011001
000000000000000000000000
000000000000000000000000
111111111111110000110011
111111111110101010011111
000000000001111011111011
111111111111111100110011
000000000000011001110000
111111111111111110110111
111111111111111001001011
000000000001100100000101
000000000000000001000111
000000000000010011001111
000000000000000000000000
000000000000000000000000
000000000000010100011111
111111111111100111000110
111111111110010101111110
111111111111111010100000
111111111111010110101001
000000000000111011011010
000000000000001101000110
000000000001011011000010
111111111110011010001011
000000000000111110000011
000000000000000000000000
000000000000000000000000
000000000001101010101011
111111111111110010001110
111111111111100000010010
111111111111111101001001
000000000000011001010101
000000000000001110110100
111111111111001001101001
111111111111011001111100
111111111111111111010111
000000000000111100101100
000000000000000000000000
000000000000000000000000
000000000001101000101101
000000000000100110111110
000000000000101011010000
111111111111001010100011
111111111110011010011110
111111111111111110100011
111111111110100001010101
000000000000110000001111
000000000000001010000000
111111111111101011010011
000000000000000000000000
000000000000000000000000
