111111111111110010100011
111111111111101011101110
000000000001000011000110
000000000000001110010101
000000000010000000110011
000000000000011001100011
111111111110100010011000
111111111111010001111110
111111111111101110111100
111111111110101001000011
111111111110101100111110
111111111111010010110111
000000000001000100110101
000000000000100011001000
111111111111110001101000
000000000001000100101000
000000000000000000101001
111111111111101101100100
000000000100001111111100
000000000000101011000100
000000000000010111111010
000000000001111011101010
111111111100101111011110
111111111110000100001001
111111111101111110000011
000000000000010001110100
111111111111111100011100
111111111101110110110010
000000000000001001110111
000000000000110010011100
111111111101011110011001
000000000010111100010101
000000000000110111001101
111111111101000100110101
111111111111000110110101
111111111111001110010010
000000000001111001111101
000000000000010000010111
111111111111100001000100
111111111100101000111101
111111111110100100010110
000000000001011101101001
000000000000011010111110
000000000010010101100110
111111111111001111000100
111111111110010110111010
111111111111000101010110
000000000000010011100000
000000000000011010000110
111111111111000111100010
111111111110001010010110
111111111111001011011011
000000000010011010010010
111111111110111110001001
000000000001000010011011
000000000010011010011111
000000000000110011101111
000000000000100101001110
111111111110001001110000
000000000001010000111000
111111111110101101010010
111111111101001010100000
111111111101101100111001
000000000100001000101101
111111111111001100011100
000000000001111100100010
000000000001110111100011
111111111101101101000011
111111111110110011001001
000000000001110011110111
000000000000111110000100
111111111111110010100000
000000000001100010111000
000000000000100011110001
111111111111010110001111
000000000001110000001110
111111111111110110000001
000000000000011110000100
111111111111101010101011
000000000011110000010110
111111111101100101011111
000000000000110001101100
111111111111000101111100
000000000000001001000001
000000000010110111010110
111111111101001100100100
111111111111100011100100
000000000000001000100001
000000000010011011001001
000000000000101111000011
000000000010010001000010
111111111010111110000001
111111111110011001100010
000000000000010110001000
000000000011101011000001
000000000001010101111001
000000000000001011110101
000000000000100010000111
111111111110010000101110
111111111111111011010100
000000000000101011100010
111111111111101111011110
111111111110101011101010
000000000010010010011101
000000000001100101001001
000000000000001010000101
000000000010001101011010
111111111101101011100010
000000000010101001110110
000000000001001110100101
000000000001110100100011
111111111110110101100111
000000000010000110000100
000000000000000100111001
111111111111101110111101
000000000001001111001010
111111111111100100000111
111111111111001010101101
111111111111110110111100
111111111100111000001000
000000000000000000000000
000000000000000000000000
000000000000000000000000
000000000000000000000000
000000000000000000000000
000000000000000000000000
000000000000000000000000
000000000000000000000000
000000000000000000000000
000000000000000000000000
000000000000000000000000
000000000000000000000000
000000000000000000000000
000000000000000000000000
000000000000000000000000
000000000000000000000000
000000000000000000000000
000000000000000000000000
000000000000000000000000
000000000000000000000000
000000000000000000000000
000000000000000000000000
000000000000000000000000
000000000000000000000000
000000000000011001101110
000000000001000010111010
111111111111001101100111
111111111111100111111111
111111111101110111011100
000000000001100011001001
000000000001110111100111
000000000001000011101111
000000000001101100111011
111111111111110010101100
111111111110110000000011
111111111111011101110111
000000000000011011000110
000000000000010010110010
111111111111100010010000
000000000000011011110000
111111111101000001110110
000000000001011011001000
111111111110101001001111
000000000000011001111110
111111111111010101010111
111111111111110111100010
111111111110111111000111
000000000000101000001001
111111111111011111000111
000000000000011111010011
000000000001011101101110
000000000000011000000010
111111111111001001001101
000000000000110101011110
111111111101111111111001
000000000000100000101110
000000000000110100110010
000000000001001010111101
000000000000001111111100
111111111110101110010101
000000000000011011110110
000000000000001111101001
000000000000110010111010
111111111111011001011111
111111111110110010001100
000000000001010000010011
000000000000010011011001
111111111111111011011001
000000000000100100100001
000000000000111101011101
111111111111111010001101
000000000000000101010101
000000000000000110111010
111111111110110011111011
111111111111100001010011
111111111110111000010010
000000000000100101011001
000000000001111100000011
111111111101111001001101
000000000000000100000000
111111111111001000101101
111111111111100100000011
000000000000000100101111
111111111111111100101111
111111111111011001001011
111111111110110111011001
000000000000001101011000
000000000000110110001111
111111111111010011000101
111111111111001010111100
111111111111001110101000
111111111110010111011001
111111111111001001101001
000000000001011011000111
000000000000111010110101
000000000001101001101110
000000000001011001001111
111111111111010010111011
000000000000100110100101
111111111111011011000000
000000000001110110011010
111111111110000101100101
000000000000101110011010
000000000010110000001001
111111111111011100110101
111111111110000110010111
111111111110000001010010
111111111110010000101001
000000000000111101110100
111111111101110010011000
111111111110110100011001
111111111111100001100110
000000000000000100011010
000000000010100110101000
111111111111100011110000
111111111111010100110101
000000000000000000100101
000000000000010110111011
111111111111111100111010
000000000000110111100111
111111111111111010010111
111111111111110101000001
000000000001111011101001
000000000000111010001101
111111111111011001101110
111111111101111010010110
111111111111000010001101
000000000000101110011101
000000000000110111000100
000000000001001010111100
000000000001110001010001
111111111101010000010110
000000000000101110011101
000000000000111000101101
111111111101011110110010
111111111111100000101100
000000000001111110101010
000000000000000101100000
111111111111101100100011
111111111111011100111111
111111111101010001111000
000000000000110010110101
000000000000101011110111
000000000000111100000010
000000000000000000000000
000000000000000000000000
000000000000000000000000
000000000000000000000000
000000000000000000000000
000000000000000000000000
000000000000000000000000
000000000000000000000000
000000000000000000000000
000000000000000000000000
000000000000000000000000
000000000000000000000000
000000000000000000000000
000000000000000000000000
000000000000000000000000
000000000000000000000000
000000000000000000000000
000000000000000000000000
000000000000000000000000
000000000000000000000000
000000000000000000000000
000000000000000000000000
000000000000000000000000
000000000000000000000000
111111111111111010111111
000000000000100000111001
000000000000001001010111
111111111111111010110110
000000000000000010101011
000000000001101111110010
111111111111001111011011
111111111111110101001110
000000000000101100010110
111111111111100010001110
111111111111101100100101
000000000000011000011101
111111111111100011011000
000000000000001101001010
000000000000110110101111
000000000001001000001100
000000000000101100110101
000000000001010100001010
000000000000110010011110
000000000000100111001011
000000000000101000110011
000000000000011110000011
111111111110111011011110
111111111111011010010001
111111111111011001100100
000000000000011110101011
000000000000000100100000
111111111111010100100000
111111111111111100110001
000000000001111110111101
111111111110000000000000
000000000000010111111011
000000000000100101101111
111111111111001001101100
111111111111101110000111
000000000000100001100001
000000000000111000111011
111111111111101001111010
111111111111010100000000
111111111110101001110000
111111111111110000101010
000000000001011000010000
000000000000111010010100
000000000001011100001111
111111111111000100101011
111111111111010100001111
111111111111000010111100
111111111111100100010110
000000000000000000010111
111111111111011000011010
111111111110101101111101
111111111110101111110110
000000000010000100011111
111111111111101011100000
111111111111010111101100
111111111111110100011000
000000000000101111011111
000000000000010010010111
111111111111010111001111
000000000000100000110010
111111111110010011101001
111111111110111000110010
111111111110111111011000
000000000001001011100011
000000000000001001000000
000000000001101101010010
000000000000100011101000
111111111111000100110000
111111111111011000110110
000000000000111100000101
111111111111011011101110
000000000000001111011101
111111111111101101001111
000000000000010010101000
111111111111001010101010
111111111111111011000100
000000000001000011001101
111111111111000110011000
000000000000111101011001
000000000001001101101010
111111111111101100011111
000000000000001000100011
000000000000000001010110
000000000000010010101100
000000000000110111001011
111111111111000011011101
111111111110111100101111
111111111111110100111101
000000000001101111101111
000000000000011000111000
000000000010000110100000
111111111110000101010110
111111111110010010100011
000000000000011011111011
000000000000100011010001
000000000000111000000001
111111111111111111000101
111111111111011000001001
111111111110110110110010
000000000000101010010110
000000000001010001001011
111111111111010010100111
000000000000111001100111
000000000000100101001011
000000000001010000001010
000000000000101101001011
000000000001000011011111
111111111110110110010011
000000000001001101011001
111111111111111101100011
111111111111111111000010
111111111111100100001010
000000000001111100001011
111111111111110011011000
111111111111001001110101
000000000000101001000010
111111111110100111110110
000000000000000010010111
111111111111001001101100
111111111110110010000001
000000000000000000000000
000000000000000000000000
000000000000000000000000
000000000000000000000000
000000000000000000000000
000000000000000000000000
000000000000000000000000
000000000000000000000000
000000000000000000000000
000000000000000000000000
000000000000000000000000
000000000000000000000000
000000000000000000000000
000000000000000000000000
000000000000000000000000
000000000000000000000000
000000000000000000000000
000000000000000000000000
000000000000000000000000
000000000000000000000000
000000000000000000000000
000000000000000000000000
000000000000000000000000
000000000000000000000000
000000000010000010010011
111111111111011110101110
111111111111111011010001
111111111101111010101101
111111111110111111010100
000000000001011011111110
111111111110111011101011
111111111101111110011101
111111111111001000101000
111111111110100011110010
111111111111000101001011
111111111110010111111010
111111111101011000111000
111111111111110000100101
111111111111111100011110
111111111110111001001010
000000000011001101110111
000000000001111110000011
000000000010100000100011
000000000100000001001010
000000000000110010101101
111111111110111000010011
000000000001110011100000
111111111110111001011110
111111111110110010001000
111111111110101110111001
111111111111111100110100
000000000001111111001011
111111111110110001110010
000000000011001010101100
111111111111000011110100
111111111101110100101100
111111111101110101101110
000000000000001101111011
000000000000101010001011
000000000011110100111111
000000000001101100100101
111111111111110101011001
111111111111100100000110
000000000000100011101100
000000000011111011111011
111111111111101110001000
000000000010010011100000
000000000000111001101101
111111111100100011100011
000000000001000111100111
000000000001100010111101
000000000001011000100110
111111111110000100010001
000000000001010110000110
000000000011001001001000
111111111101100101000000
000000000001001000110100
111111111110110101010010
111111111111000001110101
111111111101010110001010
000000000001110100011011
000000000010000011100101
000000000000001110100001
000000000000101011101010
111111111100100111000101
000000000001101110011100
000000000000111111110111
111111111110010111000010
000000000010001001001111
000000000100101001100000
111111111100000010011110
000000000010011010101101
000000000010110011010101
111111111100001110101011
111111111111110100110010
111111111111001111010100
111111111101100110110010
000000000000101001000001
111111111111110000101101
111111111110100011110110
000000000010101100111111
111111111111001100000000
000000000000100000011000
111111111101101111100111
000000000001000101101001
000000000011011101000111
000000000000110110110101
000000000000001101101100
111111111110010000111111
000000000001100100010110
000000000000001101011101
000000000000011100110010
111111111111011000000101
111111111100001010011010
111111111111100001001000
000000000001001001000111
111111111101110011010010
111111111111011101111000
111111111110011110111110
111111111111111110101001
111111111111100000101100
111111111111001101100010
000000000010010010001000
000000000001010111101110
000000000001011001110001
000000000001100001101111
000000000000010011010100
111111111110010101101001
111111111110111000000100
000000000000111011010110
111111111110110000000110
111111111111000100001010
111111111101100010111001
111111111111101110001111
000000000001100110011101
000000000001000000110000
111111111110111100001010
111111111101010101010010
111111111101001101111000
111111111111100000010001
111111111111111011101111
000000000000100100111001
111111111111001100101000
000000000010111111000100
000000000000000000000000
000000000000000000000000
000000000000000000000000
000000000000000000000000
000000000000000000000000
000000000000000000000000
000000000000000000000000
000000000000000000000000
000000000000000000000000
000000000000000000000000
000000000000000000000000
000000000000000000000000
000000000000000000000000
000000000000000000000000
000000000000000000000000
000000000000000000000000
000000000000000000000000
000000000000000000000000
000000000000000000000000
000000000000000000000000
000000000000000000000000
000000000000000000000000
000000000000000000000000
000000000000000000000000
111111111110000000111110
111111111111101100100000
000000000001000011110010
111111111111111010011111
000000000011111100111010
111111111110101110001001
111111111110110100011111
111111111111000010011000
111111111101110011100111
111111111110111010101000
111111111111111111111110
111111111111011010011010
111111111111101110100011
000000000000110001110011
000000000000101010001100
000000000001001101001001
000000000010110000010001
111111111101110010111000
000000000011000110111111
000000000001001001110001
111111111111111010010110
000000000001001101000110
111111111111111011100101
111111111101100110110101
111111111110111100001100
000000000000011001110100
111111111110011100101111
111111111110001001110101
000000000001001010100010
111111111111010010110101
000000000000000111110111
000000000010010100011101
111111111110100000110101
111111111101011100000100
111111111111101000111100
000000000000101000101001
000000000001001101111110
111111111111000001010000
000000000000000010010000
111111111110101011100110
111111111111110000011010
111111111111011001100101
111111111111101001001011
000000000001100100111101
111111111101110100111100
111111111110000101110111
000000000000110100111111
000000000001010110011110
000000000000101111000001
111111111111111111101010
111111111111110101001011
000000000000100011101101
000000000001001011101100
111111111101110001100111
000000000001100001001101
000000000000111000001011
000000000010001101000011
000000000001000101110111
111111111110110010010001
000000000001000000011111
000000000000000011011110
111111111111101110101101
111111111110101011000101
000000000001111101010001
111111111111100100100001
000000000000011101011000
000000000001001100111011
000000000001110101001000
111111111111011010110010
111111111111101101010001
000000000000000000011101
111111111111000001101110
111111111111101001010010
000000000000101101111110
111111111111010111101111
000000000001110011000011
000000000000101000010000
000000000001101010000100
111111111111100001011111
111111111110101101010011
111111111111100110010010
000000000010100111011011
000000000001010000100111
000000000000000101111110
000000000001111000000010
111111111111101111000111
000000000001111011110001
000000000001100111000010
000000000000000001001000
111111111110110111100001
000000000000111001000110
111111111110111000011100
111111111110101100100101
111111111111000011000011
000000000001101010100000
000000000000011011101100
111111111110110001010011
000000000000101100000111
111111111101111111110000
111111111111100111010110
000000000001000010001100
000000000010000011111011
111111111111101011000011
111111111111100100100100
111111111110010111011110
111111111110001100111000
111111111110101000001010
000000000001010000111000
111111111111101011010100
000000000000101101110111
000000000010011101000011
111111111111100100100110
111111111101111110100001
000000000000010110110001
111111111111111100110100
000000000001101011010011
000000000010010110010110
111111111110100010010100
000000000000000100110110
111111111111010010101100
000000000000000000000000
000000000000000000000000
000000000000000000000000
000000000000000000000000
000000000000000000000000
000000000000000000000000
000000000000000000000000
000000000000000000000000
000000000000000000000000
000000000000000000000000
000000000000000000000000
000000000000000000000000
000000000000000000000000
000000000000000000000000
000000000000000000000000
000000000000000000000000
000000000000000000000000
000000000000000000000000
000000000000000000000000
000000000000000000000000
000000000000000000000000
000000000000000000000000
000000000000000000000000
000000000000000000000000
000000000001110111111000
000000000000110011101101
000000000001001010001111
111111111111000110111110
111111111110101110000000
000000000000110000101111
000000000000001110100011
111111111111000001001000
111111111111001011110001
111111111111001100110011
111111111110010011100111
111111111111001110110110
111111111111001100000010
111111111111010011101011
111111111110000100001110
111111111111010110111101
000000000000000000000111
000000000001001101010011
111111111111110000010000
000000000011001101001011
000000000000011010110010
111111111111011111011000
000000000001010011000001
111111111111011111110011
111111111101101101010000
000000000000000001110011
000000000000011011111011
000000000000111101110000
000000000000000010110010
000000000001101100100010
111111111111001001110010
111111111111100110111000
111111111111010101111011
000000000000010010000100
111111111110010111001111
000000000001000011100011
000000000001100111000111
000000000000100101010111
000000000001001000111000
111111111111011001001011
000000000001001101011111
000000000000100100111110
000000000000100100111111
111111111111110110001000
111111111111001111000111
000000000000000100010011
000000000010011010000010
000000000001100001010111
111111111110111111011001
000000000001111100111101
000000000000111111000011
111111111110100011000111
000000000001110100011001
000000000000111000010110
111111111111101001101100
111111111110111100001101
000000000000000101101100
000000000000110011111100
111111111111010000101100
000000000000000101000001
111111111110000010100011
000000000001111111111101
000000000000001110010110
111111111111001110110110
111111111110010101010110
000000000001100001001011
111111111110101101101101
000000000001110001010101
000000000000001111000001
111111111110011001101111
000000000001111010101000
111111111111010101100011
000000000000001111100001
000000000000111011100100
000000000001011001001100
111111111111110010001111
000000000010011110000011
111111111110111010100110
000000000000010000101101
111111111110110000111001
000000000001000110101001
000000000000011000011011
111111111111010110011010
111111111110110001001000
000000000000100001111100
000000000000001100110101
000000000000010111111111
000000000000010101001101
111111111110100110011011
111111111111010000001011
111111111111100111110001
111111111111101111010010
111111111110110100111100
111111111111100101010110
111111111110001111011010
111111111111010000110111
111111111111010010000011
111111111101110010111000
000000000010110000100111
000000000000011010111001
111111111111010010101011
000000000000100111101000
111111111111110111101001
111111111110010001000101
111111111111111010011111
000000000000110011101111
111111111110101100000111
000000000000000001000101
111111111101110000111100
111111111111111101001100
000000000000000101010011
000000000000110101010010
111111111111011001101000
111111111110111101010010
000000000000000001101101
111111111111110111110110
000000000000000101110000
000000000000100001011111
000000000001111001011011
000000000000110010100001
000000000000000000000000
000000000000000000000000
000000000000000000000000
000000000000000000000000
000000000000000000000000
000000000000000000000000
000000000000000000000000
000000000000000000000000
000000000000000000000000
000000000000000000000000
000000000000000000000000
000000000000000000000000
000000000000000000000000
000000000000000000000000
000000000000000000000000
000000000000000000000000
000000000000000000000000
000000000000000000000000
000000000000000000000000
000000000000000000000000
000000000000000000000000
000000000000000000000000
000000000000000000000000
000000000000000000000000
000000000001110111110011
000000000000101001001010
000000000000111101101001
000000000001001000100001
000000000001100010101101
000000000000110000001000
111111111110110010101000
111111111111111000000000
111111111111010011010111
111111111110010001111000
111111111111001010001011
111111111111000011110101
000000000000001111000011
111111111111010110001010
111111111111101110100000
111111111111010001111000
000000000000001100111001
000000000000101111010010
000000000100001011010011
111111111111111001101101
000000000000101110100110
000000000001010011000100
111111111110110001010101
111111111110001111101010
111111111101010110100101
111111111111001001011010
000000000000011001110000
000000000000111111011000
111111111111100000011100
000000000010000111010010
111111111111000100000110
000000000001111001101001
000000000000101000111010
111111111100100101010001
111111111111010001000010
111111111111011000101111
000000000000100000101110
000000000001011010000011
000000000000010011000011
111111111101010101101100
111111111110101111001110
000000000001010100000011
111111111111100000000011
000000000010101001000000
111111111111110010110100
111111111110010100010101
000000000000011000100011
111111111110110100110001
111111111111100110010101
111111111111100011011110
111111111110101000100011
111111111111011001100101
000000000011010001010001
000000000000100101010111
000000000001000110000011
000000000010011110011001
000000000000011011000100
000000000000000110011101
111111111110101101001110
000000000001011111010100
111111111111101010101110
111111111101100001110011
111111111110010110011100
000000000000111001100000
111111111110111001000011
000000000010110100101000
000000000000001100100100
111111111110001010111000
111111111110101000100001
000000000001000001011010
000000000001011010111000
111111111111001000101010
111111111111101110110010
000000000000010011111001
111111111111111110001111
000000000000011011000100
000000000000010000110010
000000000000100100100001
111111111110100000000101
000000000011110101010101
111111111110010100011000
000000000001001001010011
111111111111101001101111
000000000000011101110101
000000000000010000000111
111111111101001001010110
111111111110110110111111
000000000000001010100001
000000000001011100010110
000000000000001110011110
111111111111010111110110
111111111101100110100011
111111111110010011111100
111111111111101110100101
000000000001111111101111
111111111111101010011101
000000000000111100001000
000000000001001000101000
111111111110010100000111
000000000001010001110000
000000000000001110001101
111111111110101100000111
111111111110010000110111
000000000010000110011110
000000000000100101101010
000000000000011011110111
000000000000100111011111
111111111110111111011110
000000000000100011010010
000000000000100111111111
000000000010010011110000
000000000001010010111101
000000000010001001011100
111111111110011111111111
111111111110111110111100
000000000001100010000011
111111111111001101011011
111111111111010000111010
000000000000010111001101
111111111101100000101000
000000000000000000000000
000000000000000000000000
000000000000000000000000
000000000000000000000000
000000000000000000000000
000000000000000000000000
000000000000000000000000
000000000000000000000000
000000000000000000000000
000000000000000000000000
000000000000000000000000
000000000000000000000000
000000000000000000000000
000000000000000000000000
000000000000000000000000
000000000000000000000000
000000000000000000000000
000000000000000000000000
000000000000000000000000
000000000000000000000000
000000000000000000000000
000000000000000000000000
000000000000000000000000
000000000000000000000000
111111111101111010101001
111111111111100000000001
111111111110011010100110
111111111110101100001011
000000000100001011000111
111111111110101100100010
111111111111101000001011
000000000000000111111011
111111111101011101100110
111111111110010001101101
000000000001100000110101
000000000000111100100000
111111111110101000010001
000000000001010110001001
000000000010000101000111
000000000000010001001101
000000000000000011111101
111111111111100000001001
000000000011011001110101
000000000010011000000100
000000000000011100010111
111111111111101101010101
111111111110010010000110
111111111111011010010111
000000000000011101110011
111111111110111110010011
000000000000000100000110
111111111110011000101000
000000000000110001011110
111111111111111001000111
111111111111100010110110
000000000011011010010100
111111111111000100100000
111111111111101100110000
000000000010100011111111
000000000000001111100111
000000000000011100010111
111111111110100000010101
111111111111001001001010
111111111110100101101101
000000000000011111011001
000000000000000111000101
000000000000010101111110
000000000001000111010011
111111111110111011000011
111111111111011011001101
111111111111011101111101
111111111111000010111011
000000000001110111101011
111111111111010100000110
000000000010111011101001
111111111111101011000111
111111111101001000110011
111111111110111110101111
000000000010001110000100
000000000001110010000011
000000000010001111110011
000000000001100010101010
000000000001110101010101
000000000001110010001100
111111111111100000101001
111111111111111010110100
000000000001000011000011
000000000000011000110010
000000000000110001011100
000000000000010111001001
000000000001000001111001
111111111111100001111101
000000000001000001011111
111111111110010011000000
111111111111000100010111
000000000001011111111110
111111111110111000000110
111111111111011000111011
111111111110100011111001
000000000000101111110011
111111111110000110010110
000000000000111111010100
111111111111000111000010
000000000001101001001110
111111111111010100111010
000000000001111110010001
000000000010001001010110
000000000000001111111111
000000000000100010110001
000000000000011010101010
111111111111001111100110
000000000000111100011001
111111111110011100000011
111111111111000001111001
000000000000010100110001
000000000001000100011100
111111111111101100111010
111111111111110111111000
000000000010010100101100
000000000010011010011000
111111111111100101101100
000000000010000110000001
111111111110110100111101
000000000000101111100110
000000000000111110001011
000000000010111111101000
111111111101111011101011
111111111111100001111101
111111111101010100100110
111111111110110011100001
111111111111111000100110
111111111110101000110110
111111111111111101000010
000000000000001001111111
000000000001001000101011
111111111101011111011011
111111111101101111110001
111111111111101000111100
000000000001101111000010
111111111111111001010000
111111111111011000100111
111111111111010011100000
000000000000010010000100
111111111111100000011101
000000000000000000000000
000000000000000000000000
000000000000000000000000
000000000000000000000000
000000000000000000000000
000000000000000000000000
000000000000000000000000
000000000000000000000000
000000000000000000000000
000000000000000000000000
000000000000000000000000
000000000000000000000000
000000000000000000000000
000000000000000000000000
000000000000000000000000
000000000000000000000000
000000000000000000000000
000000000000000000000000
000000000000000000000000
000000000000000000000000
000000000000000000000000
000000000000000000000000
000000000000000000000000
000000000000000000000000
