000000000010000000110000
111111111101000000110000
000000000000011000000100
000000000011011100010011
111111111111101111011010
000000000001101001101100
111111111101011100001011
000000000011111011100001
000000000000000110010010
000000000001111000110100
111111111111101111100000
000000000001011000101110
000000000001001000100000
000000000000001001000010
000000000011011000100010
111111111111110001000101
111111111100001110000100
111111111110101010101010
111111111110101110101000
000000000001001010110001
000000000011000010100001
000000000011101111001011
000000000010110000110110
111111111110001010111110
111111111100101011011011
111111111110001110001101
000000000100000100101011
000000000010000100000110
111111111101101111000000
000000000011100111001111
000000000001011111100011
111111111100110011010110
111111111100100110000111
111111111110110000100101
111111111110000111110011
000000000011101010111001
000000000001001000100000
000000000000001001000010
000000000011011000100010
111111111111110001000101
111111111100001110000100
111111111110101010101010
111111111110101110101000
000000000001001010110001
000000000011000010100001
000000000011101111001011
000000000010110000110110
111111111110001010111110
000000000011111001101010
000000000010000100100011
111111111110110101000000
000000000000101011010101
000000000001010100100001
000000000100000001011100
111111111111010011001111
111111111100010001100001
000000000000101101101110
111111111111011111100101
000000000000101011111011
000000000011100110010001
000000000000001000111011
000000000011100010011110
111111111101010010011110
000000000000111010101000
111111111101010101110101
000000000100000101011000
111111111110001010111110
000000000001101010010110
111111111100010100110001
111111111101001000011010
000000000010110000001110
111111111111001010010100
000000000000001000111011
000000000011100010011110
111111111101010010011110
000000000000111010101000
111111111101010101110101
000000000100000101011000
111111111110001010111110
000000000001101010010110
111111111100010100110001
111111111101001000011010
000000000010110000001110
111111111111001010010100
000000000000001000111011
000000000011100010011110
111111111101010010011110
000000000000111010101000
111111111101010101110101
000000000100000101011000
111111111110001010111110
000000000001101010010110
111111111100010100110001
111111111101001000011010
000000000010110000001110
111111111111001010010100
000000000000001000111011
000000000011100010011110
111111111101010010011110
000000000000111010101000
111111111101010101110101
000000000100000101011000
111111111110001010111110
000000000001101010010110
111111111100010100110001
111111111101001000011010
000000000010110000001110
111111111111001010010100
000000000000001000111011
000000000011100010011110
111111111101010010011110
000000000000111010101000
111111111101010101110101
000000000100000101011000
111111111110001010111110
000000000001101010010110
111111111100010100110001
111111111101001000011010
000000000010110000001110
111111111111001010010100
000000000000000000000000
000000000000000000000000
000000000000000000000000
000000000000000000000000
000000000000000000000000
000000000000000000000000
000000000000000000000000
000000000000000000000000
000000000000000000000000
000000000000000000000000
000000000000000000000000
000000000000000000000000
000000000000000000000000
000000000000000000000000
000000000000000000000000
000000000000000000000000
000000000000000000000000
000000000000000000000000
000000000000000000000000
000000000000000000000000
000000000000000000000000
000000000000000000000000
000000000000000000000000
000000000000000000000000
000000000001001000100000
000000000000001001000010
000000000011011000100010
111111111111110001000101
111111111100001110000100
111111111110101010101010
111111111110101110101000
000000000001001010110001
000000000011000010100001
000000000011101111001011
000000000010110000110110
111111111110001010111110
000000000010000000110000
111111111101000000110000
000000000000011000000100
000000000011011100010011
111111111111101111011010
000000000001101001101100
111111111101011100001011
000000000011111011100001
000000000000000110010010
000000000001111000110100
111111111111101111100000
000000000001011000101110
000000000001001000100000
000000000000001001000010
000000000011011000100010
111111111111110001000101
111111111100001110000100
111111111110101010101010
111111111110101110101000
000000000001001010110001
000000000011000010100001
000000000011101111001011
000000000010110000110110
111111111110001010111110
111111111100010100000011
111111111100100111011001
111111111100001000010110
000000000011111100111010
111111111110000111110010
000000000000100001101011
000000000000101111110101
111111111011111101101101
111111111110000101011101
000000000011011111100000
000000000001101111010000
000000000010100101010010
111111111101011011001100
000000000010000110100000
000000000001100100110111
000000000001111110000011
111111111100100000001001
000000000001001111001000
111111111100100000110011
111111111110000000011000
000000000000010000111000
111111111111110101111100
000000000011010010100100
111111111110001000001100
000000000001001000100000
000000000000001001000010
000000000011011000100010
111111111111110001000101
111111111100001110000100
111111111110101010101010
111111111110101110101000
000000000001001010110001
000000000011000010100001
000000000011101111001011
000000000010110000110110
111111111110001010111110
111111111100010100000011
111111111100100111011001
111111111100001000010110
000000000011111100111010
111111111110000111110010
000000000000100001101011
000000000000101111110101
111111111011111101101101
111111111110000101011101
000000000011011111100000
000000000001101111010000
000000000010100101010010
000000000011111001101010
000000000010000100100011
111111111110110101000000
000000000000101011010101
000000000001010100100001
000000000100000001011100
111111111111010011001111
111111111100010001100001
000000000000101101101110
111111111111011111100101
000000000000101011111011
000000000011100110010001
000000000000001000111011
000000000011100010011110
111111111101010010011110
000000000000111010101000
111111111101010101110101
000000000100000101011000
111111111110001010111110
000000000001101010010110
111111111100010100110001
111111111101001000011010
000000000010110000001110
111111111111001010010100
000000000000001000111011
000000000011100010011110
111111111101010010011110
000000000000111010101000
111111111101010101110101
000000000100000101011000
111111111110001010111110
000000000001101010010110
111111111100010100110001
111111111101001000011010
000000000010110000001110
111111111111001010010100
000000000000000000000000
000000000000000000000000
000000000000000000000000
000000000000000000000000
000000000000000000000000
000000000000000000000000
000000000000000000000000
000000000000000000000000
000000000000000000000000
000000000000000000000000
000000000000000000000000
000000000000000000000000
000000000000000000000000
000000000000000000000000
000000000000000000000000
000000000000000000000000
000000000000000000000000
000000000000000000000000
000000000000000000000000
000000000000000000000000
000000000000000000000000
000000000000000000000000
000000000000000000000000
000000000000000000000000
000000000010000000110000
111111111101000000110001
000000000000011000000010
000000000011011100010001
111111111111101111011110
000000000001101001100101
111111111101011100010111
000000000011111011100011
000000000000000110010110
000000000001111000111011
111111111111101111101010
000000000001011000101111
111111111101100110101011
111111111011111110010110
000000000010100100111011
000000000011100010101000
000000000011101010010101
000000000001011101110101
000000000010100100100001
000000000010011011100011
000000000011101101000111
000000000010010011001100
111111111111111011111010
111111111100111100101101
111111111100101001010001
000000000000010000111111
111111111111010111100101
111111111111001001100010
000000000011011110100011
111111111100000110101101
000000000000101010010100
000000000000000110000001
111111111101011010110001
111111111111100110100101
111111111110110111000011
111111111101010000000000
111111111101011011001100
000000000010000110100101
000000000001100100111001
000000000001111110001000
111111111100100000000111
000000000001001111000001
111111111100100000111100
111111111110000000011000
000000000000010000111100
111111111111110101111110
000000000011010010100100
111111111110001000001101
111111111100101001010001
000000000000010000111111
111111111111010111100101
111111111111001001100010
000000000011011110100011
111111111100000110101101
000000000000101010010100
000000000000000110000001
111111111101011010110001
111111111111100110100101
111111111110110111000011
111111111101010000000000
000000000011111001100101
000000000010000100110000
111111111110110101001101
000000000000101011011011
000000000001010100010111
000000000100000001010110
111111111111010011001101
111111111100010001011010
000000000000101101101011
111111111111011111100010
000000000000101100000011
000000000011100110001001
000000000001001010000101
111111111101011100001100
111111111111101101000010
000000000000000101101001
000000000000011011111100
111111111110111101000111
111111111111111101000000
111111111100110111000111
000000000010100010110001
111111111101010101011010
111111111100001011000100
111111111101101000110011
111111111101001000000011
111111111101000000100110
111111111101111001001101
000000000000010101100010
000000000000101110110111
000000000100001100100101
111111111111101001010010
000000000011110110110010
111111111111011011000010
000000000011011011110010
111111111101100010010111
111111111111010000111111
000000000000001000100001
000000000011100010101001
111111111101010010101110
000000000000111010010011
111111111101010101011111
000000000100000101010101
111111111110001010111011
000000000001101010010110
111111111100010101001010
111111111101001000001001
000000000010101111101101
111111111111001010101101
000000000000001000100001
000000000011100010101001
111111111101010010101110
000000000000111010010011
111111111101010101011111
000000000100000101010101
111111111110001010111011
000000000001101010010110
111111111100010101001010
111111111101001000001001
000000000010101111101101
111111111111001010101101
000000000000000000000000
000000000000000000000000
000000000000000000000000
000000000000000000000000
000000000000000000000000
000000000000000000000000
000000000000000000000000
000000000000000000000000
000000000000000000000000
000000000000000000000000
000000000000000000000000
000000000000000000000000
000000000000000000000000
000000000000000000000000
000000000000000000000000
000000000000000000000000
000000000000000000000000
000000000000000000000000
000000000000000000000000
000000000000000000000000
000000000000000000000000
000000000000000000000000
000000000000000000000000
000000000000000000000000
000000000001001000010111
000000000000001000111110
000000000011011000100010
111111111111110001001011
111111111100001110011001
111111111110101010011111
111111111110101110011001
000000000001001010100110
000000000011000010011100
000000000011101111000001
000000000010110001001000
111111111110001011000110
000000000001001000010111
000000000000001000111110
000000000011011000100010
111111111111110001001011
111111111100001110011001
111111111110101010011111
111111111110101110011001
000000000001001010100110
000000000011000010011100
000000000011101111000001
000000000010110001001000
111111111110001011000110
000000000010000000110000
111111111101000000110001
000000000000011000000010
000000000011011100010001
111111111111101111011110
000000000001101001100101
111111111101011100010111
000000000011111011100011
000000000000000110010110
000000000001111000111011
111111111111101111101010
000000000001011000101111
000000000001110111001111
111111111111100000100011
111111111110101100010111
000000000011101111001110
111111111110111101110101
000000000000111111100010
000000000010001001101100
111111111101101101110010
111111111100000111100110
111111111100010000101101
000000000001101001001100
000000000001111000100011
000000000001001000010111
000000000000001000111110
000000000011011000100010
111111111111110001001011
111111111100001110011001
111111111110101010011111
111111111110101110011001
000000000001001010100110
000000000011000010011100
000000000011101111000001
000000000010110001001000
111111111110001011000110
000000000001110111001111
111111111111100000100011
111111111110101100010111
000000000011101111001110
111111111110111101110101
000000000000111111100010
000000000010001001101100
111111111101101101110010
111111111100000111100110
111111111100010000101101
000000000001101001001100
000000000001111000100011
000000000011111001100101
000000000010000100110000
111111111110110101001101
000000000000101011011011
000000000001010100010111
000000000100000001010110
111111111111010011001101
111111111100010001011010
000000000000101101101011
111111111111011111100010
000000000000101100000011
000000000011100110001001
000000000000001000100001
000000000011100010101001
111111111101010010101110
000000000000111010010011
111111111101010101011111
000000000100000101010101
111111111110001010111011
000000000001101010010110
111111111100010101001010
111111111101001000001001
000000000010101111101101
111111111111001010101101
000000000000001000100001
000000000011100010101001
111111111101010010101110
000000000000111010010011
111111111101010101011111
000000000100000101010101
111111111110001010111011
000000000001101010010110
111111111100010101001010
111111111101001000001001
000000000010101111101101
111111111111001010101101
000000000000001000100001
000000000011100010101001
111111111101010010101110
000000000000111010010011
111111111101010101011111
000000000100000101010101
111111111110001010111011
000000000001101010010110
111111111100010101001010
111111111101001000001001
000000000010101111101101
111111111111001010101101
000000000000000000000000
000000000000000000000000
000000000000000000000000
000000000000000000000000
000000000000000000000000
000000000000000000000000
000000000000000000000000
000000000000000000000000
000000000000000000000000
000000000000000000000000
000000000000000000000000
000000000000000000000000
000000000000000000000000
000000000000000000000000
000000000000000000000000
000000000000000000000000
000000000000000000000000
000000000000000000000000
000000000000000000000000
000000000000000000000000
000000000000000000000000
000000000000000000000000
000000000000000000000000
000000000000000000000000
111111111111101100011101
000000000001100000101100
111111111101001101110001
111111111101001101110101
000000000001000001010100
000000000000010110100010
111111111101001110011000
000000000001001011101111
111111111100010101000110
000000000000010101100010
111111111100010100001001
111111111110101010011111
111111111110110000110100
111111111101000110000011
111111111110011001110011
000000000011101000101101
111111111100001001000000
000000000100001010111111
111111111101010101110000
000000000011110100000011
111111111100010000100110
111111111110010010101111
111111111101100010100000
111111111100011010110111
000000000010000000110110
111111111101000000110101
000000000000011000000000
000000000011011100001000
111111111111101111100110
000000000001101001001011
111111111101011100101000
000000000011111011101110
000000000000000110011111
000000000001111001000011
111111111111101111110001
000000000001011000011110
111111111110000100010100
000000000011111101011111
111111111101111100110111
111111111111001111000110
111111111110011010100010
111111111111000010100100
111111111101100100001110
111111111110100010001100
111111111111111110110001
000000000011000100011110
111111111111101010100011
000000000010100100001110
111111111100010011110101
111111111100100111011100
111111111100001000001100
000000000011111101000011
111111111110000111101110
000000000000100001110000
000000000000101111101101
111111111011111101011010
111111111110000101011101
000000000011011111100111
000000000001101111100001
000000000010100101011111
111111111101011011001001
000000000010000110101011
000000000001100100111101
000000000001111110010010
111111111100100000000110
000000000001001110110101
111111111100100001000001
111111111110000000010011
000000000000010001000011
111111111111110110000010
000000000011010010101000
111111111110001000001111
111111111110110000110100
111111111101000110000011
111111111110011001110011
000000000011101000101101
111111111100001001000000
000000000100001010111111
111111111101010101110000
000000000011110100000011
111111111100010000100110
111111111110010010101111
111111111101100010100000
111111111100011010110111
000000000011111001110001
000000000010000100111101
111111111110110101011110
000000000000101011100010
000000000001010100000011
000000000100000001001101
111111111111010011000111
111111111100010001100000
000000000000101101100111
111111111111011111001110
000000000000101100001001
000000000011100110000000
000000000000001000011000
000000000011100010110011
111111111101010010110001
000000000000111001110100
111111111101010101000000
000000000100000101101010
111111111110001011000100
000000000001101010010110
111111111100010101101111
111111111101000111110011
000000000010101111011101
111111111111001011000101
000000000000001000011000
000000000011100010110011
111111111101010010110001
000000000000111001110100
111111111101010101000000
000000000100000101101010
111111111110001011000100
000000000001101010010110
111111111100010101101111
111111111101000111110011
000000000010101111011101
111111111111001011000101
000000000000000000000000
000000000000000000000000
000000000000000000000000
000000000000000000000000
000000000000000000000000
000000000000000000000000
000000000000000000000000
000000000000000000000000
000000000000000000000000
000000000000000000000000
000000000000000000000000
000000000000000000000000
000000000000000000000000
000000000000000000000000
000000000000000000000000
000000000000000000000000
000000000000000000000000
000000000000000000000000
000000000000000000000000
000000000000000000000000
000000000000000000000000
000000000000000000000000
000000000000000000000000
000000000000000000000000
000000000001001000011001
000000000000001000111000
000000000011011000010110
111111111111110001100111
111111111100001110011110
111111111110101010001100
111111111110101110001010
000000000001001010011111
000000000011000010010000
000000000011101110111011
000000000010110001010100
111111111110001011010110
111111111110100111101110
111111111100111101001000
111111111111100100101101
000000000011110110101011
111111111110111011111111
000000000100010000001001
111111111101101001111000
111111111101010100101100
111111111111110101011101
000000000001110110111010
111111111110110100100110
000000000000111100011111
111111111110110000110100
111111111101000110000011
111111111110011001110011
000000000011101000101101
111111111100001001000000
000000000100001010111111
111111111101010101110000
000000000011110100000011
111111111100010000100110
111111111110010010101111
111111111101100010100000
111111111100011010110111
000000000010000000110110
111111111101000000110101
000000000000011000000000
000000000011011100001000
111111111111101111100110
000000000001101001001011
111111111101011100101000
000000000011111011101110
000000000000000110011111
000000000001111001000011
111111111111101111110001
000000000001011000011110
000000000010101010101111
000000000000111100001110
000000000010001010001011
111111111110011001000000
000000000100010000100010
111111111110010000100101
000000000011000001101110
000000000011111010111100
000000000011011000000101
111111111111110110100000
000000000011000011111000
000000000010010100100101
111111111100101001010100
000000000000010001000000
111111111111010111101010
111111111111001001101010
000000000011011110011011
111111111100000110100111
000000000000101010011111
000000000000000110000001
111111111101011010101100
111111111111100110101000
111111111110110111000111
111111111101001111111100
111111111101110010001000
000000000001100110110110
000000000100001001001101
111111111110100011111101
111111111100101100010110
111111111101101100011010
000000000001100111111110
000000000001101010010110
000000000001100011111000
000000000001110110001111
000000000000010010101111
111111111110111111010111
111111111100101001010100
000000000000010001000000
111111111111010111101010
111111111111001001101010
000000000011011110011011
111111111100000110100111
000000000000101010011111
000000000000000110000001
111111111101011010101100
111111111111100110101000
111111111110110111000111
111111111101001111111100
000000000010101010101111
000000000000111100001110
000000000010001010001011
111111111110011001000000
000000000100010000100010
111111111110010000100101
000000000011000001101110
000000000011111010111100
000000000011011000000101
111111111111110110100000
000000000011000011111000
000000000010010100100101
000000000011111001110001
000000000010000100111101
111111111110110101011110
000000000000101011100010
000000000001010100000011
000000000100000001001101
111111111111010011000111
111111111100010001100000
000000000000101101100111
111111111111011111001110
000000000000101100001001
000000000011100110000000
000000000000000000000000
000000000000000000000000
000000000000000000000000
000000000000000000000000
000000000000000000000000
000000000000000000000000
000000000000000000000000
000000000000000000000000
000000000000000000000000
000000000000000000000000
000000000000000000000000
000000000000000000000000
000000000000000000000000
000000000000000000000000
000000000000000000000000
000000000000000000000000
000000000000000000000000
000000000000000000000000
000000000000000000000000
000000000000000000000000
000000000000000000000000
000000000000000000000000
000000000000000000000000
000000000000000000000000
000000000010000000111001
111111111101000000110100
000000000000011000000000
000000000011011100001001
111111111111101111100100
000000000001101000110100
111111111101011100110101
000000000011111011101111
000000000000000110110001
000000000001111001010101
111111111111101111101111
000000000001011000000110
000000000001001000101110
111111111100111000000001
111111111110001011100010
111111111101000110111101
000000000010010000011011
111111111110110000001110
111111111100110001111101
000000000001101111100011
000000000000000000111010
111111111111000001010010
000000000011110110011110
000000000000001110011000
111111111101011011000110
000000000010000110110010
000000000001100101000110
000000000001111110010011
111111111100100000000111
000000000001001110101001
111111111100100001000001
111111111110000000000111
000000000000010001001100
111111111111110110000111
000000000011010010101011
111111111110001000010100
111111111111101101010010
000000000011011111001101
111111111101101010011111
000000000001000010011110
000000000011010011101011
000000000000011010001100
111111111110100111100001
000000000001111001011111
111111111101100001000011
111111111111100100100010
000000000010101000101110
000000000001110111011010
000000000011111001111101
000000000010000101001010
111111111110110101100101
000000000000101011011111
000000000001010011110100
000000000100000001001101
111111111111010010111110
111111111100010001101011
000000000000101101101000
111111111111011110111110
000000000000101100000000
000000000011100101110011
000000000000001000010110
000000000011100010110110
111111111101010010110010
000000000000111001011100
111111111101010100101001
000000000100000101110011
111111111110001011001110
000000000001101010010001
111111111100010110001110
111111111101000111101101
000000000010101111010100
111111111111001011011000
000000000000001000010110
000000000011100010110110
111111111101010010110010
000000000000111001011100
111111111101010100101001
000000000100000101110011
111111111110001011001110
000000000001101010010001
111111111100010110001110
111111111101000111101101
000000000010101111010100
111111111111001011011000
000000000000001000010110
000000000011100010110110
111111111101010010110010
000000000000111001011100
111111111101010100101001
000000000100000101110011
111111111110001011001110
000000000001101010010001
111111111100010110001110
111111111101000111101101
000000000010101111010100
111111111111001011011000
000000000000001000010110
000000000011100010110110
111111111101010010110010
000000000000111001011100
111111111101010100101001
000000000100000101110011
111111111110001011001110
000000000001101010010001
111111111100010110001110
111111111101000111101101
000000000010101111010100
111111111111001011011000
000000000000001000010110
000000000011100010110110
111111111101010010110010
000000000000111001011100
111111111101010100101001
000000000100000101110011
111111111110001011001110
000000000001101010010001
111111111100010110001110
111111111101000111101101
000000000010101111010100
111111111111001011011000
000000000000000000000000
000000000000000000000000
000000000000000000000000
000000000000000000000000
000000000000000000000000
000000000000000000000000
000000000000000000000000
000000000000000000000000
000000000000000000000000
000000000000000000000000
000000000000000000000000
000000000000000000000000
000000000000000000000000
000000000000000000000000
000000000000000000000000
000000000000000000000000
000000000000000000000000
000000000000000000000000
000000000000000000000000
000000000000000000000000
000000000000000000000000
000000000000000000000000
000000000000000000000000
000000000000000000000000
000000000010000000111001
111111111101000000110100
000000000000011000000000
000000000011011100001001
111111111111101111100100
000000000001101000110100
111111111101011100110101
000000000011111011101111
000000000000000110110001
000000000001111001010101
111111111111101111101111
000000000001011000000110
111111111100010011101100
111111111100100111011101
111111111100001000001000
000000000011111101000100
111111111110000111101000
000000000000100001111011
000000000000101111100011
111111111011111101001110
111111111110000101010101
000000000011011111100101
000000000001101111101101
000000000010100101100000
000000000001001000101111
000000000010111101100001
000000000000010110011110
111111111110101010001111
000000000011110101111110
111111111011101110100100
000000000001001001110010
000000000010100000011000
111111111110100111010110
111111111111000001110100
000000000011110110001001
111111111110100111101011
111111111111111111000000
111111111110101110100011
111111111100111000111111
111111111101000100011101
111111111110101000111100
111111111100101010011000
000000000000110101110111
000000000001101010001111
000000000001100000111011
000000000010011010010111
000000000001011011001001
111111111100001110100010
111111111100010011101100
111111111100100111011101
111111111100001000001000
000000000011111101000100
111111111110000111101000
000000000000100001111011
000000000000101111100011
111111111011111101001110
111111111110000101010101
000000000011011111100101
000000000001101111101101
000000000010100101100000
111111111110000100010000
000000000011111101100011
111111111101111100110111
111111111111001111001100
111111111110011010100011
111111111111000010100111
111111111101100100010000
111111111110100010000110
111111111111111110111010
000000000011000100100110
111111111111101010100000
000000000010100100001001
000000000011111001111101
000000000010000101001010
111111111110110101100101
000000000000101011011111
000000000001010011110100
000000000100000001001101
111111111111010010111110
111111111100010001101011
000000000000101101101000
111111111111011110111110
000000000000101100000000
000000000011100101110011
000000000000001000010110
000000000011100010110110
111111111101010010110010
000000000000111001011100
111111111101010100101001
000000000100000101110011
111111111110001011001110
000000000001101010010001
111111111100010110001110
111111111101000111101101
000000000010101111010100
111111111111001011011000
000000000000001000010110
000000000011100010110110
111111111101010010110010
000000000000111001011100
111111111101010100101001
000000000100000101110011
111111111110001011001110
000000000001101010010001
111111111100010110001110
111111111101000111101101
000000000010101111010100
111111111111001011011000
000000000000001000010110
000000000011100010110110
111111111101010010110010
000000000000111001011100
111111111101010100101001
000000000100000101110011
111111111110001011001110
000000000001101010010001
111111111100010110001110
111111111101000111101101
000000000010101111010100
111111111111001011011000
000000000000000000000000
000000000000000000000000
000000000000000000000000
000000000000000000000000
000000000000000000000000
000000000000000000000000
000000000000000000000000
000000000000000000000000
000000000000000000000000
000000000000000000000000
000000000000000000000000
000000000000000000000000
000000000000000000000000
000000000000000000000000
000000000000000000000000
000000000000000000000000
000000000000000000000000
000000000000000000000000
000000000000000000000000
000000000000000000000000
000000000000000000000000
000000000000000000000000
000000000000000000000000
000000000000000000000000
