111101011001000100
000010000101101111
111111100100101010
000000110110101001
000001111110101110
111101100110011001
000001011000000110
000000010110010001
111111000010011011
111101111000100110
111101110000100000
111111011001110111
111111110101100110
111101101010100001
111110011111100010
111110101001111100
111101101010000110
111111111100010011
000010010100001000
111110000111001110
000001001110011100
111101100111100111
000001010111111110
111110011111001011
000010001111100111
000001011111010010
111101110110000110
000000010000011100
111111111011100111
000001111110001000
111101110100110100
000010000110100000
000010100001000100
111101011001100100
000001100011001111
000000001100100101
000000100100000101
000000111011100101
111111011000000100
111111011001011100
000001001100111000
111110101000110000
111111101100110111
111110110011111111
111111010110010110
111110111101111110
000001100101110110
000001001111010111
111111110010100100
111111001011010011
111101111110000110
111101101011111101
111110110111111100
111101111111000110
111110011101001111
000000011010111001
111111010110010011
111111011011011110
111110001101011100
000000010101100011
000010001011100101
000010010101101000
111110110100100100
111110011001110000
111110001000011100
000000010101111101
000010001010000001
000001110001110100
000000000110000000
000000111011100000
000001100011101010
111110001010111010
111110111010000111
111101110101001000
000010000100111111
111111111101111011
000001110100000100
111111110110011000
000001000111111111
111101101101010111
000000100111110110
000010001010011100
111110111001010011
000010000110110011
111110111101001100
000001110000010100
000000111010001000
000001000010011101
111110011000100001
111110010100101110
111111111111100111
000001111111110010
000001110011000101
000010011011101000
000001101001000101
111111000000100111
111111110010100100
111111001011010011
111101111110000110
111101101011111101
111110110111111100
111101111111000110
111110011101001111
000000011010111001
111111010110010011
111111011011011110
111110001101011100
000000010101100011
000010001011100101
000010010101101000
111110110100100100
111110011001110000
111110001000011100
000000010101111101
000010001010000001
000001110001110100
000000000110000000
000000111011100000
000001100011101010
111110001010111010
111101011110101010
000001010110001110
000001000100010010
000000101110001100
111101110011110100
000010010101100011
111111101000000101
111111000101111110
111110011100001010
000000110000000001
111110010100110111
111111111010011101
111111100110010100
000001110001001011
000010010101001010
111111000000011011
000010000110100100
000001001110001010
000010011110001110
000010000111011100
111110000011011111
000000010001101010
111111011110111011
111110011101010000
000010100010001001
000000001000111000
111101110010001101
000001011100111110
111101100110101100
111110110000000011
000001010010011011
111110110100100011
000010100111010100
111110000011010000
000010001001000100
111111000110111010
000010001111111011
111111111111111000
111110110100100001
111111011111101110
111101110011001101
000001110111000100
000010011100011101
111111110001110010
111110111110100111
111111100101011010
111111110111110101
111111001011101010
000000000111010111
111110001101001100
000001011101110001
111111000001010011
000010001101011101
000010100111100100
111101111010100111
000001011010001100
000010010001011101
000001101101010100
111110000010101011
000000011101000001
111110010011111100
111101111100111100
111111000000111110
111111110100010100
000001011110100100
111111011000111000
000001001111101011
111110011110010111
000001001010000111
000001111011010110
111101110000001010
000010000010001010
111110010110010111
000000001010010000
111111001001111110
111110010001011110
000000110010000111
111101100110001001
000001110111100101
111111110100110011
000000010101000100
000010001111010000
000000001010100111
111101111001000101
111111010000111001
000000111000011100
111101111101100000
111110000110001010
111110001010101010
000000001001111100
111110011010000101
111101100010110000
111111001111110010
000001101100111100
111111011100000001
111101011001100000
111110010110010111
000000001010010000
111111001001111110
111110010001011110
000000110010000111
111101100110001001
000001110111100101
111111110100110011
000000010101000100
000010001111010000
000000001010100111
111101111001000101
111111010000111001
000000111000011100
111101111101100000
111110000110001010
111110001010101010
000000001001111100
111110011010000101
111101100010110000
111111001111110010
000001101100111100
111111011100000001
111101011001100000
