111111111111110010100011
111111111111101011101110
000000000001000011000110
000000000000001110010101
000000000010000000110011
000000000000011001100011
111111111110100010011000
111111111111010001111110
111111111111101110111100
111111111110101001000011
111111111110101100111110
111111111111010010110111
000000000001000100110101
000000000000100011001000
111111111111110001101000
000000000001000100101000
000000000000000000101001
111111111111101101100100
000000000100001111111100
000000000000101011000100
000000000000010111111010
000000000001111011101010
111111111100101111011110
111111111110000100001001
111111111101111110000011
000000000000010001110100
111111111111111100011100
111111111101110110110010
000000000000001001110111
000000000000110010011100
111111111101011110011001
000000000010111100010101
000000000000110111001101
111111111101000100110101
111111111111000110110101
111111111111001110010010
000000000001111001111101
000000000000010000010111
111111111111100001000100
111111111100101000111101
111111111110100100010110
000000000001011101101001
000000000000011010111110
000000000010010101100110
111111111111001111000100
111111111110010110111010
111111111111000101010110
000000000000010011100000
000000000000011010000110
111111111111000111100010
111111111110001010010110
111111111111001011011011
000000000010011010010010
111111111110111110001001
000000000001000010011011
000000000010011010011111
000000000000110011101111
000000000000100101001110
111111111110001001110000
000000000001010000111000
111111111110101101010010
111111111101001010100000
111111111101101100111001
000000000100001000101101
111111111111001100011100
000000000001111100100010
000000000001110111100011
111111111101101101000011
111111111110110011001001
000000000001110011110111
000000000000111110000100
111111111111110010100000
000000000001100010111000
000000000000100011110001
111111111111010110001111
000000000001110000001110
111111111111110110000001
000000000000011110000100
111111111111101010101011
000000000011110000010110
111111111101100101011111
000000000000110001101100
111111111111000101111100
000000000000001001000001
000000000010110111010110
111111111101001100100100
111111111111100011100100
000000000000001000100001
000000000010011011001001
000000000000101111000011
000000000010010001000010
111111111010111110000001
111111111110011001100010
000000000000010110001000
000000000011101011000001
000000000001010101111001
000000000000001011110101
000000000000100010000111
111111111110010000101110
111111111111111011010100
000000000000101011100010
111111111111101111011110
111111111110101011101010
000000000010010010011101
000000000001100101001001
000000000000001010000101
000000000010001101011010
111111111101101011100010
000000000010101001110110
000000000001001110100101
000000000001110100100011
111111111110110101100111
000000000010000110000100
000000000000000100111001
111111111111101110111101
000000000001001111001010
111111111111100100000111
111111111111001010101101
111111111111110110111100
111111111100111000001000
000000000000011001101110
000000000001000010111010
111111111111001101100111
111111111111100111111111
111111111101110111011100
000000000001100011001001
000000000001110111100111
000000000001000011101111
000000000001101100111011
111111111111110010101100
111111111110110000000011
111111111111011101110111
000000000000011011000110
000000000000010010110010
111111111111100010010000
000000000000011011110000
111111111101000001110110
000000000001011011001000
111111111110101001001111
000000000000011001111110
111111111111010101010111
111111111111110111100010
111111111110111111000111
000000000000101000001001
111111111111011111000111
000000000000011111010011
000000000001011101101110
000000000000011000000010
111111111111001001001101
000000000000110101011110
111111111101111111111001
000000000000100000101110
000000000000110100110010
000000000001001010111101
000000000000001111111100
111111111110101110010101
000000000000011011110110
000000000000001111101001
000000000000110010111010
111111111111011001011111
111111111110110010001100
000000000001010000010011
000000000000010011011001
111111111111111011011001
000000000000100100100001
000000000000111101011101
111111111111111010001101
000000000000000101010101
000000000000000110111010
111111111110110011111011
111111111111100001010011
111111111110111000010010
000000000000100101011001
000000000001111100000011
111111111101111001001101
000000000000000100000000
111111111111001000101101
111111111111100100000011
000000000000000100101111
111111111111111100101111
111111111111011001001011
111111111110110111011001
000000000000001101011000
000000000000110110001111
111111111111010011000101
111111111111001010111100
111111111111001110101000
111111111110010111011001
111111111111001001101001
000000000001011011000111
000000000000111010110101
000000000001101001101110
000000000001011001001111
111111111111010010111011
000000000000100110100101
111111111111011011000000
000000000001110110011010
111111111110000101100101
000000000000101110011010
000000000010110000001001
111111111111011100110101
111111111110000110010111
111111111110000001010010
111111111110010000101001
000000000000111101110100
111111111101110010011000
111111111110110100011001
111111111111100001100110
000000000000000100011010
000000000010100110101000
111111111111100011110000
111111111111010100110101
000000000000000000100101
000000000000010110111011
111111111111111100111010
000000000000110111100111
111111111111111010010111
111111111111110101000001
000000000001111011101001
000000000000111010001101
111111111111011001101110
111111111101111010010110
111111111111000010001101
000000000000101110011101
000000000000110111000100
000000000001001010111100
000000000001110001010001
111111111101010000010110
000000000000101110011101
000000000000111000101101
111111111101011110110010
111111111111100000101100
000000000001111110101010
000000000000000101100000
111111111111101100100011
111111111111011100111111
111111111101010001111000
000000000000110010110101
000000000000101011110111
000000000000111100000010
