000010000000110000
111101000000110000
000000011000000100
000011011100010011
111111101111011010
000001101001101100
111101011100001011
000011111011100001
000000000110010010
000001111000110100
111111101111100000
000001011000101110
000001001000100000
000000001001000010
000011011000100010
111111110001000101
111100001110000100
111110101010101010
111110101110101000
000001001010110001
000011000010100001
000011101111001011
000010110000110110
111110001010111110
111100101011011011
111110001110001101
000100000100101011
000010000100000110
111101101111000000
000011100111001111
000001011111100011
111100110011010110
111100100110000111
111110110000100101
111110000111110011
000011101010111001
000001001000100000
000000001001000010
000011011000100010
111111110001000101
111100001110000100
111110101010101010
111110101110101000
000001001010110001
000011000010100001
000011101111001011
000010110000110110
111110001010111110
000011111001101010
000010000100100011
111110110101000000
000000101011010101
000001010100100001
000100000001011100
111111010011001111
111100010001100001
000000101101101110
111111011111100101
000000101011111011
000011100110010001
000000001000111011
000011100010011110
111101010010011110
000000111010101000
111101010101110101
000100000101011000
111110001010111110
000001101010010110
111100010100110001
111101001000011010
000010110000001110
111111001010010100
000000001000111011
000011100010011110
111101010010011110
000000111010101000
111101010101110101
000100000101011000
111110001010111110
000001101010010110
111100010100110001
111101001000011010
000010110000001110
111111001010010100
000000001000111011
000011100010011110
111101010010011110
000000111010101000
111101010101110101
000100000101011000
111110001010111110
000001101010010110
111100010100110001
111101001000011010
000010110000001110
111111001010010100
000000001000111011
000011100010011110
111101010010011110
000000111010101000
111101010101110101
000100000101011000
111110001010111110
000001101010010110
111100010100110001
111101001000011010
000010110000001110
111111001010010100
000000001000111011
000011100010011110
111101010010011110
000000111010101000
111101010101110101
000100000101011000
111110001010111110
000001101010010110
111100010100110001
111101001000011010
000010110000001110
111111001010010100
000001001000100000
000000001001000010
000011011000100010
111111110001000101
111100001110000100
111110101010101010
111110101110101000
000001001010110001
000011000010100001
000011101111001011
000010110000110110
111110001010111110
000010000000110000
111101000000110000
000000011000000100
000011011100010011
111111101111011010
000001101001101100
111101011100001011
000011111011100001
000000000110010010
000001111000110100
111111101111100000
000001011000101110
000001001000100000
000000001001000010
000011011000100010
111111110001000101
111100001110000100
111110101010101010
111110101110101000
000001001010110001
000011000010100001
000011101111001011
000010110000110110
111110001010111110
111100010100000011
111100100111011001
111100001000010110
000011111100111010
111110000111110010
000000100001101011
000000101111110101
111011111101101101
111110000101011101
000011011111100000
000001101111010000
000010100101010010
111101011011001100
000010000110100000
000001100100110111
000001111110000011
111100100000001001
000001001111001000
111100100000110011
111110000000011000
000000010000111000
111111110101111100
000011010010100100
111110001000001100
000001001000100000
000000001001000010
000011011000100010
111111110001000101
111100001110000100
111110101010101010
111110101110101000
000001001010110001
000011000010100001
000011101111001011
000010110000110110
111110001010111110
111100010100000011
111100100111011001
111100001000010110
000011111100111010
111110000111110010
000000100001101011
000000101111110101
111011111101101101
111110000101011101
000011011111100000
000001101111010000
000010100101010010
000011111001101010
000010000100100011
111110110101000000
000000101011010101
000001010100100001
000100000001011100
111111010011001111
111100010001100001
000000101101101110
111111011111100101
000000101011111011
000011100110010001
000000001000111011
000011100010011110
111101010010011110
000000111010101000
111101010101110101
000100000101011000
111110001010111110
000001101010010110
111100010100110001
111101001000011010
000010110000001110
111111001010010100
000000001000111011
000011100010011110
111101010010011110
000000111010101000
111101010101110101
000100000101011000
111110001010111110
000001101010010110
111100010100110001
111101001000011010
000010110000001110
111111001010010100
000010000000110000
111101000000110001
000000011000000010
000011011100010001
111111101111011110
000001101001100101
111101011100010111
000011111011100011
000000000110010110
000001111000111011
111111101111101010
000001011000101111
111101100110101011
111011111110010110
000010100100111011
000011100010101000
000011101010010101
000001011101110101
000010100100100001
000010011011100011
000011101101000111
000010010011001100
111111111011111010
111100111100101101
111100101001010001
000000010000111111
111111010111100101
111111001001100010
000011011110100011
111100000110101101
000000101010010100
000000000110000001
111101011010110001
111111100110100101
111110110111000011
111101010000000000
111101011011001100
000010000110100101
000001100100111001
000001111110001000
111100100000000111
000001001111000001
111100100000111100
111110000000011000
000000010000111100
111111110101111110
000011010010100100
111110001000001101
111100101001010001
000000010000111111
111111010111100101
111111001001100010
000011011110100011
111100000110101101
000000101010010100
000000000110000001
111101011010110001
111111100110100101
111110110111000011
111101010000000000
000011111001100101
000010000100110000
111110110101001101
000000101011011011
000001010100010111
000100000001010110
111111010011001101
111100010001011010
000000101101101011
111111011111100010
000000101100000011
000011100110001001
000001001010000101
111101011100001100
111111101101000010
000000000101101001
000000011011111100
111110111101000111
111111111101000000
111100110111000111
000010100010110001
111101010101011010
111100001011000100
111101101000110011
111101001000000011
111101000000100110
111101111001001101
000000010101100010
000000101110110111
000100001100100101
111111101001010010
000011110110110010
111111011011000010
000011011011110010
111101100010010111
111111010000111111
000000001000100001
000011100010101001
111101010010101110
000000111010010011
111101010101011111
000100000101010101
111110001010111011
000001101010010110
111100010101001010
111101001000001001
000010101111101101
111111001010101101
000000001000100001
000011100010101001
111101010010101110
000000111010010011
111101010101011111
000100000101010101
111110001010111011
000001101010010110
111100010101001010
111101001000001001
000010101111101101
111111001010101101
000001001000010111
000000001000111110
000011011000100010
111111110001001011
111100001110011001
111110101010011111
111110101110011001
000001001010100110
000011000010011100
000011101111000001
000010110001001000
111110001011000110
000001001000010111
000000001000111110
000011011000100010
111111110001001011
111100001110011001
111110101010011111
111110101110011001
000001001010100110
000011000010011100
000011101111000001
000010110001001000
111110001011000110
000010000000110000
111101000000110001
000000011000000010
000011011100010001
111111101111011110
000001101001100101
111101011100010111
000011111011100011
000000000110010110
000001111000111011
111111101111101010
000001011000101111
000001110111001111
111111100000100011
111110101100010111
000011101111001110
111110111101110101
000000111111100010
000010001001101100
111101101101110010
111100000111100110
111100010000101101
000001101001001100
000001111000100011
000001001000010111
000000001000111110
000011011000100010
111111110001001011
111100001110011001
111110101010011111
111110101110011001
000001001010100110
000011000010011100
000011101111000001
000010110001001000
111110001011000110
000001110111001111
111111100000100011
111110101100010111
000011101111001110
111110111101110101
000000111111100010
000010001001101100
111101101101110010
111100000111100110
111100010000101101
000001101001001100
000001111000100011
000011111001100101
000010000100110000
111110110101001101
000000101011011011
000001010100010111
000100000001010110
111111010011001101
111100010001011010
000000101101101011
111111011111100010
000000101100000011
000011100110001001
000000001000100001
000011100010101001
111101010010101110
000000111010010011
111101010101011111
000100000101010101
111110001010111011
000001101010010110
111100010101001010
111101001000001001
000010101111101101
111111001010101101
000000001000100001
000011100010101001
111101010010101110
000000111010010011
111101010101011111
000100000101010101
111110001010111011
000001101010010110
111100010101001010
111101001000001001
000010101111101101
111111001010101101
000000001000100001
000011100010101001
111101010010101110
000000111010010011
111101010101011111
000100000101010101
111110001010111011
000001101010010110
111100010101001010
111101001000001001
000010101111101101
111111001010101101
