00000010
00000001
00000011
00000001
00000100
00000000
00000000
00000000
00000000
00000000
00000001
00000010
00000001
00000101
00000110
00000001
00000101
00000100
00000000
00000000
00000010
00000111
00001000
00000110
00001000
00000100
00001001
00001010
00000000
00000000
00000001
00000001
00000010
00001011
00000001
00001011
00000100
00000000
00000000
00000000
00001100
00001101
00000010
00001110
00000101
00000110
00001101
00000100
00000000
00000000
00000001
00001111
00001101
00000010
00010000
00001000
00010001
00001000
00010000
00000100
00000010
00010010
00000110
00010011
00000100
00000000
00000000
00000000
00000000
00000000
00000010
00000101
00010100
00010101
00000101
00001110
00000100
00000000
00000000
00000000
