00000010
00000001
00000011
00000001
00000100
00000000
00000000
00000000
00000000
00000000
00000001
00000010
00000001
00000101
00000110
00000001
00000101
00000100
00000000
00000000
00000010
00000111
00001000
00000110
00001000
00000100
00001001
00001010
00000000
00000000
00000001
00000001
00000010
00001011
00000001
00001011
00000100
00000000
00000000
00000000
00001100
00001101
00000010
00001110
00000101
00000110
00001101
00000100
00000000
00000000
00000001
00001111
00001101
00000010
00010000
00001000
00010001
00001000
00010000
00000100
00000010
00010010
00000110
00010011
00000100
00000000
00000000
00000000
00000000
00000000
00000010
00000101
00010100
00010101
00000101
00001110
00000100
00000000
00000000
00000000
00010110
00000010
00001011
00010111
00001011
00000100
00000000
00000000
00000000
00000000
00001101
00000010
00011000
00011001
00011010
00011011
00000100
00011100
00000000
00000000
00000010
00001011
00011101
00001011
00000100
00010010
00011110
00001111
00011110
00011111
00100000
00000010
00001110
00001011
00100001
00001011
00001110
00000100
00100000
00000000
00100010
00100010
00100010
00000010
00100011
00000110
00100011
00000101
00000101
00000100
00011100
00000101
00100100
00100101
00000101
00100100
00000100
00011100
00100110
00100110
00001010
00001010
00000010
00100111
00100101
00010000
00000100
00000000
00000000
00000000
00100000
00000010
00011101
00101000
00011101
00100000
00000100
00000000
00000000
00000000
00010100
00011001
00000010
00101001
00000101
00010101
00000101
00000100
00010010
00000000
00000010
00000001
00000001
00000001
00000001
00000100
00000000
00000000
00000000
00000000
00010001
00000010
00001000
00001000
00000100
00010010
00101010
00000000
00000000
00000000
00100101
00000011
00010011
00000010
00001000
00001000
00010000
00000101
00000100
00000000
00000010
00001110
00001011
00101011
00001011
00000100
00100000
00101100
00101100
00000000
00000010
00000101
00100100
00000001
00000101
00100100
00000100
00000000
00000000
00000000
00000111
00000010
00001000
00000110
00001000
00001110
00000100
00100010
00100010
00100010
00100110
00000010
00101101
00010111
00101101
00000100
00100110
00010100
00000000
00000000
00100110
00100110
00000010
00101100
00000001
00010001
00000001
00101100
00000100
00010110
00000010
00000101
00010101
00000001
00101110
00000100
00000001
00000000
00000000
00000000
00000010
00000101
00001011
00000100
00011100
00000010
00001011
00001011
00001110
00000100
00000001
00000010
00000101
00000001
00000001
00000001
00000101
00000100
00000001
00000000
00100110
00000010
00000101
00100001
00010101
00000101
00000100
00000000
00000000
00000000
00000010
00011000
00000101
00010101
00000110
00101110
00011000
00000100
00101111
00000000
00000010
00000101
00010101
00010111
00101110
00001110
00000100
00000001
00000001
00000000
00000010
00000101
00100111
00000101
00010111
00010000
00000101
00000100
00000000
00000000
00000010
00001011
00001011
00000100
00110000
00110001
00000000
00000000
00000000
00000000
00011001
00000001
00000010
00101101
00110010
00101101
00000101
00000101
00000100
00000000
00110011
00000010
00110100
00000101
00100001
00010101
00000101
00000100
00011100
00000000
00000010
00011001
00100101
00011011
00110100
00000100
00000000
00000000
00000000
00000000
00000010
00110101
00110010
00110110
00110100
00000100
00000000
00000000
00000000
00000000
00000010
00010100
00010001
00010100
00001010
00000100
00001010
00000000
00000000
00000000
00000010
00000001
00001000
00010001
00001000
00000100
00000000
00000000
00000000
00000000
00100110
00100110
00110111
00000010
00111000
00000001
00111000
00000100
00011100
00000000
00000001
00000010
00010101
00000101
00110010
00000101
00001110
00000100
00000000
00000000
00001000
00001000
00001000
00001000
00000010
00110100
00000011
00100000
00000011
00000100
00000001
00000001
00110000
00000010
00001011
00100001
00001011
00101111
00000100
00110001
00101100
00101100
00000010
00010010
00001110
00111001
00100001
00000100
00010010
00000000
00000100
00010011
00000010
00001011
00101001
00001011
00000100
00010010
00000000
00000000
00000010
00000001
00000001
00000001
00010111
00000001
00000001
00000001
00000100
00000001
00000001
00000001
00000001
00000010
00101101
00010111
00101101
00000100
00000000
00000000
00111001
00111001
00000001
00000001
00010001
00000010
00101001
00001011
00011111
00000100
00110001
00000010
00000010
00001011
00001011
00000100
00000100
00000000
00000000
00000000
00000010
00000101
00110010
00010101
00000101
00000100
00000000
00000000
00000000
00000000
00000001
00000010
00001011
00010000
00001011
00000100
00000001
00000001
00000000
00000000
00000010
00000101
00000110
00010101
00000101
00000100
00000000
00000000
00000000
00000000
00011110
00000001
00000001
00000001
00000010
00000001
00000001
00000001
00010000
00000100
00000010
00000001
00000110
00000001
00000100
00000000
00000000
00000000
00000000
00000000
00000010
00000111
00001000
00010111
00001000
00000100
00000111
00000001
00111001
00000000
00000010
00000101
00010101
00100101
00101110
00000100
00010110
00111001
00000000
00000000
00000010
00000001
00000001
00000001
00000100
00000000
00000000
00000000
00000000
00000000
00000001
00000010
00000101
00000001
00000001
00000001
00000100
00000000
00000000
00000000
00000010
00011101
00111010
00011111
00000000
00000000
00000000
00000000
00000000
00000000
00000010
00000001
00000101
00000001
00010101
00000101
00000100
00000001
00000000
00000000
00000010
00111011
00011101
00111011
00110100
00000100
00100110
00100110
00000000
00000000
00000111
00000010
00011101
00010001
00011101
00000001
00000100
00000000
00000000
00000000
00000010
00000001
00100111
00011010
00000001
00100111
00000001
00000100
00000000
00000000
00000010
00000001
00000001
00000001
00000001
00000001
00000001
00000001
00000101
00000100
00111100
00000101
00110010
00001101
00010101
00000101
00000001
00111101
00110001
00000000
00000010
00000011
00100001
00000100
00110000
00000000
00000000
00000000
00000000
00000000
00100110
00000010
00110100
00001000
00100000
00001000
00000100
00111110
00000000
00000000
00111110
00000010
00000101
00101101
00000101
00101101
00000100
00000000
00000000
00000000
00000001
00001101
00000010
00001000
00010111
00001000
00000100
00000001
00100110
00100110
00110001
00000010
00001110
00000101
00100100
00000101
00100100
00000100
00000000
00000000
00000001
00000010
00000001
00010000
00000001
00000100
00000000
00000000
00000000
00000000
00000010
00010000
00001000
00010111
00001000
00000100
00011100
00000101
00111111
00111001
00100110
00001101
00000010
00010101
00000101
00001000
00000110
00001000
00000101
00000100
00000010
00100000
00100100
00000101
00010100
00100100
00000101
00100000
00000100
00000000
00001111
00000001
00000010
00011101
00010001
00001011
00000100
00000000
00000000
00000000
00010011
00000101
00010011
00010001
00010010
01000000
00010010
00000101
00000000
00000000
00000001
00000010
00011100
00111000
00000001
00111000
00000100
00011100
00100110
00100110
00000010
00011111
00000101
00100100
00000001
00000101
00100100
00011111
00000100
00000000
00111001
00111001
00111001
00011101
00000010
00000001
00100010
00000001
00000100
00000000
00000010
00000101
00011010
00010101
00000101
00001110
00000100
00000000
00000000
00000000
00110000
00000010
00001000
00011000
00010001
00001000
00101110
00010000
00000100
00000000
00110000
00000010
00001011
00100000
00001011
00000100
00000001
00000000
00000000
00000000
00010001
00000001
00000010
00001011
00001011
00000001
00000100
00000100
00100110
00100110
00000010
00000101
00000001
00000001
00000001
00001101
00011100
00000100
00000000
00000000
00100000
00000010
00100001
00101110
00000100
00100000
00101100
00101100
00000000
00000000
00000010
00100000
00000101
00010111
00010101
00000101
00100000
00000100
00000000
00000000
00101011
00000010
00011101
00010001
00011101
00000100
00101011
00000000
00000000
00000000
00010111
00100000
00000010
00001011
00111001
00001011
00101100
00000100
00000000
00000000
00000010
00000001
00000001
00000001
00000001
00000001
00000100
00000000
00000000
00000000
00000010
00001110
01000001
00001000
01000001
00000100
00011100
00011110
00000000
00000000
00000010
00001011
00001011
00000101
00000100
00000000
00000000
00000000
00000000
00000000
00100110
00100110
00000010
00111000
00010001
00111000
00000001
00001111
00110011
00000000
00000010
00100000
00000101
00010101
00010111
00101110
00100000
00000100
00100110
00000000
00001000
00001000
00001000
00000010
00010000
01000010
01000010
00000100
00010010
00000000
00100110
00000001
00000010
00100100
00000101
00000001
00100100
00000101
00000100
00000000
00000001
00010011
00000010
00001011
00011101
00001011
00000100
00000000
00000000
00000000
00111110
00000010
00101101
00010111
00000101
00010101
00000000
00000000
00000000
00000000
00000010
00001110
00000101
00100101
00010101
00000101
00001110
00000100
00000000
00000000
00000001
00001101
00000010
00111000
00000001
00111000
00000001
00000100
00100110
00100110
00001101
00000010
00000001
00110010
00000001
00000101
00000100
00000000
00000000
00000000
00000001
00000010
00011101
00100010
00011101
00000100
00000000
00000000
00000000
00000000
00000001
00000010
00101110
01000011
00000101
00010101
00000100
00000001
00000000
00000000
00000010
00000101
00111001
00000001
00100111
00000100
00000111
00000000
00000000
00000000
00000010
00000101
00001000
00000101
00010101
00010100
00001000
00101110
00000100
00000000
00000010
00000101
00000001
00000001
00000001
00000001
00000001
00000101
00000100
00000000
01000000
01000000
00001110
00011101
00000110
00011101
00000100
00011100
00001010
00000000
00000010
01000001
00101001
01000001
00001110
00000100
00000000
00000000
00000000
00000000
00001101
00000010
00000101
00000101
00100100
00100001
00000100
00101111
00000000
00000000
00000010
00010001
00000001
00010001
00000100
00101011
00000000
00000000
00000000
00000000
00011110
00001101
00000010
00011101
00000001
00011101
00111010
00000100
00000000
00000000
00000010
00001110
00110011
00010111
00001000
00001110
00000100
00000001
00000000
00000000
00001101
00000010
00100000
00001011
01000011
00001011
00100000
00000100
00000000
00000000
00000010
00101101
00000101
00010000
00101101
00000101
00000100
00000000
00000000
00000000
00011101
00011101
00011101
00011101
00011101
00000010
00000101
00000101
00000100
00000000
00000010
00000101
00001000
00010001
00001000
00010101
00000101
00000100
00000001
00000000
00000001
00000010
00000101
00010101
00101000
00101110
00001110
00000100
00000000
00000000
00000010
00000001
00101101
01000011
00101101
00000100
00001010
00000000
00000000
00000000
00000010
00110100
00011111
00011010
00011111
00000100
00111110
00000000
00000000
00000000
00000001
00000010
00110100
00011101
00000110
00011101
00000100
00000001
00000000
00000000
00000010
00001110
00001011
00000010
00000001
00000100
00001011
00001110
00000100
01000100
00000010
00000101
01000010
00110010
01000010
00000100
00000000
00000000
00000000
00000000
00000010
00110100
00010001
00110100
00000100
00010011
00000010
00001011
00001110
00000100
00000001
00000001
00000001
00000010
00000001
00010001
00000001
00000100
00000000
00000000
00000010
00000001
00000001
00001000
00011010
00011011
00000100
00011100
00000000
00000000
00100110
00001101
00000010
00001000
00000001
00001000
00010000
00000001
00000000
00000000
00001101
00000010
00011001
00100001
00011011
00000100
00100000
00000001
00000001
00100110
00001101
00000010
00001110
01000001
00010100
01000001
00000100
00100000
00110001
00000000
00000010
00001000
00101000
00001000
00101110
00001110
00000100
00100010
00100010
00100010
