1111110000000011
1101101010100110
0011011001111110
1110101010110111
1101110100010001
1111001110100101
0000010011011001
1110101010001101
1111100011101010
0000010011010110
1110001101101011
0000011100101100
0000001110000110
1101111100110000
1110110110100001
0000111101101010
1110111100000000
0000010000101110
0000101110101011
1111100011010110
0000001111111111
1110100110011010
1111111110001101
1111110011110001
0000010101010110
1110001011011101
0000000111110110
1111110001111011
1111001011111010
0000010000001000
1101110111011111
1111000000101010
1111111110011010
0000000101101011
1110001001101111
1111111111100000
1111101111110100
0000100111011101
1110110100100110
1111011000001111
1110101101001111
1111111101000111
1110111000110111
1111010110010001
1111101100101011
1111000110000110
1111111101001111
1111000100100011
0000001011001111
1111101111101001
1111100110000010
0000001100111001
0000000110101000
0000011010110011
1111111000001011
0001000100011101
0000010101110111
1111101001001001
0000111011100000
0000010001010110
1111001010010111
1110100111010100
1111111110011000
0001000100001001
1110010010100000
0000000000111011
1111000010110001
0000101011101000
1111001100000010
1111001110001101
0000101010100100
1111000111001010
1110110101111011
0000010110100111
1111101000110000
1110101011001000
0001001100111001
0000100100000000
0000110011110101
1111011100100010
0000100011001001
1111001010111110
0000111011001010
1110010101000101
0000000011111101
0000010010010010
1111001011101001
0000101000011101
1111000001001110
0001100111111101
0000101111111011
0000000001000100
0000011001110000
0000000010001010
0000011110010001
0001010100000010
1110111110000011
1110110100111100
1110110001111010
1111011111100010
0000010000001100
1111100000001101
1111011000011010
0001000110101010
1111010001000100
1110110010111011
1111001001011100
1111110001000011
1110110001000011
1111101101101101
1111010010100001
1110101100010111
0000010100000001
1111101000001001
1110011011011011
0000000000101010
0000001010000000
0000000101011000
1111000110001000
1111011111010001
0001011100000010
1111010000011100
1111110001111111
1110111001110000
1111110010000100
1111001100011110
1111001111100000
0000011111000000
1111100001101000
0000001100011111
0000010111110101
1111100110101101
1111101101001100
0000010100111000
1110111100100101
0000011111110011
0000010110110011
0000011000101011
0000011001111101
0001011101110110
0000101111101101
1111101100000101
1111001010011100
1110111110011100
0000001011000010
0000110111101101
1111100111010001
1111111001111110
1111101101111001
1111100000000001
1111111000110100
1111110100000011
1111100101000000
1110001001001001
1111001000110011
0000001100111100
0000000101101111
0000100001001001
1111110011100000
0000000001111101
0000100000100000
1111011100101010
0000100001101011
0000011010110011
0000011111101110
1111000011011101
0000100011110010
0000010000001110
1110110011111100
1110100100101100
1111100110111101
0000010010110101
1111101000011001
1111100111110111
0000010111111111
1110101001100111
1111110001011000
0000100011111111
1111100010100110
1111110000011110
1111010010011100
0000001111001101
0000011001011010
0000001001001011
1111101100001000
1111010100010001
1111101110000101
1110111110111101
1111011001001111
1111000100010111
0000001010101100
1110111110111101
0000011101111100
0000101111111000
1111001000011001
0000100101110011
1111110101011111
0000010111111111
1111101010010000
0000001111110001
1111110010011011
0001101000010100
1110000000111001
0000101111011011
0001111011111110
0000000111010001
1111011101001110
0100001010000001
1110111001101110
1111100111000111
0001001111001010
1111001010001010
1110110000100111
0001111001111101
0001000101011001
1101101011010001
0001000000100001
1110000011100101
0001100100001110
0000011100110011
0000110010101010
0010011111000001
1101100000011101
0001101100101111
1101101111000010
1111110110000011
1111011011001001
1110000010100001
1111011110111101
0001101101001011
0010000000011110
1111101101110101
1101101101111010
0001010010100100
0000000001111010
1110110110001001
0001101011101011
0000000010110011
1111100100111100
1110010111000010
0000010100000110
1111100110100010
1110111000010111
1110011000000000
1111100111110101
1111101010110110
1101011010000010
1111011110101010
1111011101000101
0000010011111110
1111011101110111
1111101111111011
1111100110011110
1110111001111001
1111000001001000
1110111111111110
1110011001001100
0000011100101110
1110111010111001
1101010011100010
1110110110011101
0000001010011111
0000000101010111
0010000001000111
0010101110011100
1110111100000001
0000111110000010
0000111111110001
0000000000000000
0000000101111110
1110101000101101
1111010100010010
1110010111010111
0000000101011101
1111011111000011
0001001001001011
1110011010101000
1110100000101111
1111001110100111
1111001001000110
1111001011010000
0000000001111010
1110011011001001
0010001110111001
0010000100011101
1111000111100011
0000101110001111
0000000011100010
1111111000000101
1101110100110110
1110000101110101
1110011110001100
1111110110001011
1110000001101101
1111111001101001
1110100010010110
1111110111000100
1111100100111110
0000001001100100
1111101111000101
0001011111100111
1111101001001000
1111111001110011
1111111110011010
0001001000011010
1111100010100111
1111111010111011
1111000110010011
0000001110100010
0000000010000110
0000000101000011
1111111100110000
1111101110101010
1110011100011110
0001100111001000
0000010010000010
1110111100100011
1111101110111101
0000111000111011
1110110101010101
1111001111011110
1111100010111001
0001101010011111
0000010000010100
0000001000010011
0000101000100011
1111001110100000
1110011110000111
0000110011100011
0001011111001000
1111001011001111
1101111100100101
1111000001010001
1111100100100000
0001000011011000
0001001110001101
1111011001000110
0000100100100000
1111011010101000
1101110101001001
1110101011001000
0000000111101011
1111101010101011
0000111111010000
0000001011111101
1110010001110110
1111000111101101
0000101111110010
1110101100101101
1110111000011101
1110000001011011
0000101110001010
0001010110001100
0001100001000001
1111111001110001
0001010100010000
1110100101100111
1111011111100111
1111000101010100
0000101101010111
1111000111001100
1110111011110111
1111001110011110
0000100011000001
1101110011011010
1111011110010000
1110111110111001
1111110011010111
0001010111000011
1111101110011110
0000010100000100
0000100111000001
1111010110110001
1110111000011110
1110111000000011
0001001100001111
1110110001011100
1111000001011001
1111011000010010
1110111010001011
0000000110010110
1111001000000010
1111100011001000
1111100101011001
0000101010101110
1111110100010100
1111001001110111
0001001111110010
1111100010011110
0000011110010011
1111100110001010
0001000110100100
1110010110110110
1111110010100111
0000110001110101
0000010001100110
1111011010100011
1110100111110100
1110111010111000
0000111110111111
1110101111100111
1111110110001101
0000001101010010
0010111000101110
0000011010010110
1100101000110111
0010100110110001
1110101011011011
0001100000010011
1110011011111110
0001110001100010
1101100101100010
1101011011101100
1111011010101000
0011010011011010
0001001001111101
1110101100111110
0000110010010010
1101110101000100
1110011010111000
1101100111010011
1110010000001010
0010110100101001
1101001000001110
0000001110011101
0001110010110010
0101100000001100
0000101110010101
0001100101100101
1101111011001000
0001101111000111
0001100101010110
0010110011000010
1100110101000110
0010001000001101
1110000011010001
1111100011001011
1101010101111111
0001100111110010
0010001001010000
0010100000010111
0011001111010010
0001011101011000
1111101000010011
0011011011000010
0001010100001111
0010000010110001
0000111111001100
1101111010111010
1110010010100000
0011011010010110
1111001100001111
0001101000101101
1111000100100110
1110111010110100
1110001010111011
1110110000001100
0001000000101011
1100111010110010
1110101010100000
0000101010010111
0001011101001010
0000100101110111
1101101100110010
0010010100011000
0011001001010001
1110010111110110
1110010110001101
0011011011110101
0001100010100011
1110010110111110
0001100001000011
0010001100110010
1111000001110110
0011000111111111
0001011111100100
1101101001001101
1110011100110110
1111000100001111
0001010000010101
1110001101111001
0011010110011100
1110000111000000
1110110101010110
1110100100010011
1110101000101010
0001110101111111
1110011000100101
0001010000100000
1101101000110101
1110010010101001
1110110001010110
1101101111111110
1111001111101000
1101010101000110
1101111101011010
0001001101011010
0000011010100111
0010111101110011
0011000111010011
1110011010010001
0010110101101000
0011110101111110
1110011111110111
0010010111101111
0010011001000001
0001001001010011
1111110100011100
0001101011110100
0001010000100101
0001011101101100
0010010111100110
1101110001111001
0000101110101110
0001111010010100
0010001110010001
0000010011000110
1101100101111101
0000010100000001
0010000000001001
1101101110001011
1111100111010010
1101110010010110
0001110100011101
1111100000000110
0000110011001000
1110101111001101
0001010010011000
0001111000101010
1101010010000100
0000011011110110
0001011010011001
0001101110100001
1110110010001010
0010011101011000
1110100101101110
1110100011011000
1110111111010000
1111001000001011
1101110001110000
1110010101101111
0000111000000110
0011001110010000
0001110000111001
1110101001011110
1110110001101100
1111001111111000
1110111000010101
0001111100010001
0001110101100101
0001001011011100
1110011111010000
0001011010110100
0001001101010111
0010001000001001
0000000011110111
0001100101010110
1111011000111011
0001010000111101
1110100100111111
1110011100100010
0001000000110101
1110110001011010
1110101100001010
0001111110001111
0000101001101110
1101101100001010
1110100001011000
0001000010110111
0001100011101011
1111001110101100
1101001011011111
0001110010110011
0001110101111001
1110001011000000
0000101011000011
0010100110111000
1110000100100011
0001010010110111
1111111111111100
1110100111110101
1101110000110100
1110010110100110
1110110011010010
1110001101110100
0001001011100010
0000000100001101
0010000101010011
0001011011010110
0000111111100101
1110111001110111
0001100000001110
1110011000000101
1101110000100010
0010010111101111
1110101010011001
1110000110010010
1110110001001000
0010110101111001
1110010110111101
1111001011111101
0000001111101000
1111100000111100
0000010001001111
1111011011111011
0000101111100001
0000000101000101
1110101011110010
0011010100101011
1111000011011000
0000110000110011
1111011010111110
1110111010101111
0000100101000000
1111110100010111
0001101001101101
1111011011111000
0001001001100101
1101011000010110
1111001100011000
1110000010100101
1110000011000001
0010111100110110
1101100100010100
0000111101001100
0010111110101111
0000010101110000
0001101111011001
0011011110111010
1101010100101010
1111110101111100
0011100000100001
0001101000100111
1101010001101101
0010010001011001
1111010101011100
1101110011100000
1111011000001010
0011010001111001
0001010011101010
0001010000100111
1111110001101010
0010110100001110
0000111000111110
0000001101000101
0011001001010001
0010010010111001
0010101110011110
0000010010001100
1110011101010001
1111110101001011
1110111111000111
1111001001101111
1111111010100000
0000000111100000
1111010101011001
1111110110000100
1110111101100001
1110111100110001
0000111000010010
0000100001001110
0011101001011100
1110011111000100
1101000111000001
1111010111000010
0000100100001000
1111100011011001
1101110010010111
0000110011100001
0010010010011011
1111001101110101
0000111011111000
0001100101101111
1110110111110110
0000001101100110
0001000010010011
1111100011100000
0000011101111110
1111010110101000
0010001010000000
1111010101110001
0000100110110111
1111100100100000
1111010100001011
1110000111000011
1111100101100111
1111111100111000
1110011111110110
0010010011111101
0000110101010111
1111111011110101
0001000101000110
1110110111101001
0000100000000111
1110111000100100
1111001110100011
0010010111110110
0010100101001100
0001011101101010
0000100011011000
1101101010010111
0000101001110110
0000010100110010
1111000001100011
1111010001100010
0010010101100110
0010110000111100
0000000111111110
0011010001010110
0001010100000110
0010010101000011
0010001010011001
1110010100111010
0001001111110011
0000000010101110
1111010111010101
0001101100010101
1110110010100100
1111111111100010
0010001100110011
1110100110101010
1111101111100010
1101111110110101
0011000011111001
0000011010011101
0001100111001001
0000000100011010
0001100110111100
1111111001011011
1101111111001111
1111111000010101
0010101010101000
0010000011101010
1111001111000101
0000100000001010
1110000000110000
1111001001011101
1110011101101010
1111011001110100
1111101111100101
1111100010010010
1111011110110111
0001101001011000
0000011101000111
1111001111111011
0000100111001101
0000111010110100
1110110001100111
0010001111001110
0010100111111010
0010000101011010
1110010001110101
1111001101110101
0001010011010100
0010110111010101
1110110010101100
0001001000111011
1110111001011001
0001100011100001
1110010000100100
1111100110100110
0010001010010100
1110101111011111
1110100110111110
0001011000010001
0010011010010111
1111000100010110
1111000000101000
0001010010110110
0010000010001101
0000000110001100
1110100111010010
0010010100011011
0001001010111011
1111100101101011
0000100111010111
0001101100110001
1111001011000000
0010001110110000
0000110100010111
1111011100011000
0000010011101101
1110101011001101
1110111011010111
1110101101011011
0000011110110011
0000000011111000
1111110111011011
0001100001101111
0010001010100011
1110111000111011
1111111110100011
0000001100100111
1110101110101101
1111101101011001
1111000001110001
1111101001100100
0000001101100110
0001101100000101
1110001110100001
1101110100101000
1111011101001110
0001000000010011
0001000110001101
0000011001110001
1110010011010101
0001111100000000
1110100000100111
1111101011110001
0001111100100010
1111000101111100
0001000010101110
0000100001011010
1111010001010110
0001100100000101
0001001111011010
0000101000100011
0010110001010101
0000111100111101
1111111101111001
0000000100100100
0000011111110110
0001100101000011
1111010111011001
0010101111001001
1110111000001101
0010010110001111
0001101111110011
1110100111100011
0000111111101000
1111110111110011
1111000100000110
0010110001000101
1111011001111110
1111001111001100
0001001110100011
0001100011101011
0001000101011011
1110100011010001
0000111110011100
1111111110100010
0010001100010100
1111000101000001
0000001100011100
0010010001100101
1110111110111111
0001001100100111
1110011101110101
0001000111110010
0001011010101110
0010110111111100
0001110000010000
0100011010010111
0000111110001001
1111111000011011
0000100010100001
0001101110010001
0001101010110100
0000010100101100
1111001101101010
0001101100101110
1110001011100010
0011000101101100
0000110111010001
0000001000001001
0011010001101100
0000000001100111
0001000111101001
0010000001110011
1111000101111110
0001011010101001
0000100010001010
0001010101100111
0000110110011100
0010001000101101
1111010110110010
0000000000001110
1111111001000000
0000011111011001
0000001000110011
0000101110010010
0010000111011000
1111111011100111
1111000000111100
0001000011110000
0000100111001011
0001101100110000
0001101110111001
1111010000001110
1111100101010100
0000011100000000
0000000111000010
0001000111011100
0000110110010001
0000010011010101
0001001100001010
1111001100010111
1111011100011000
0000110011011111
0001100000010001
0000110010111010
0001101101001110
0010000100000000
0000111011111110
0001110001100000
0000000100010000
1110111101111001
0000111100100000
1110101111000111
0000001011101100
1111000011100001
0000001010100011
0001001010011000
0000100111101001
0000101111000100
0010011101010011
0000010010110110
1111101100111100
1111110000100100
0000100101110001
0000001111001000
0001000101010010
1111110111010101
1110101001011101
0001100101111011
1111101010010110
1111101110101000
0001001111101001
0001010000110101
0000000001111111
0001101100000011
0000011010010010
0000010110010110
0000101110100001
0000010101111011
0001010000001101
0001000010101011
0001010110100110
0001100011001101
1111111101100111
0000011111010111
0010100101011101
0000111011100110
0000010110111011
0000110011101100
1111101001001011
1111110100000000
0000110110100010
0000111001011010
1111100100111100
0001000110110100
0000011101001110
0001001010000000
1111101110001011
1110111001100001
0001100101000011
0001010111001000
0001110110110101
1111111101100010
0000111111100000
0000011110000111
1111100100011001
0010001101100000
0001011111000001
0001010101111111
1111100000000100
0000010000011111
0000111011111000
1111001100000111
1111101111110101
0000100111100001
1111110011100100
1111111000010000
0001011101001010
0000001010010001
0000001001100010
0001001110110011
0001000011000101
0000001110100001
0001001100101011
0000011100111100
1111101000010001
0000111000111010
0001000111011001
1111111100111011
0000010110001000
0000010100100000
0001000100001011
1111111101001110
1111010010011000
0001010011110111
0000111000010000
1111110001011001
0000010000100101
0001101000000000
0000100111001001
1111101000101101
1111011101001110
0000110010010001
0000010000011111
0000001110000110
1111100100000101
1101111001110001
1110011100001110
1110111011110000
0100101001110010
1110100100111111
0000101111011110
1111111100111110
0000010011011000
0000001011000001
0000110011100001
0000011010001010
0000101110101011
1101110110001010
0000001011100001
1111101010111101
0000001001001001
0000111100111001
1111110111011101
1111110111011100
0000001010110001
1111010010001100
0000010101010100
0000011010101110
0000110000011110
1100000101111110
1111110100110000
0000000100110100
0000011000110111
1110000100101101
0000001100101011
1111100110011111
0000001011011100
0000000011010011
0000010100110010
1111110111011110
0000011100010101
0000011111001100
1110000101000001
0000000000100011
1110010100010110
0000010000110110
1111000110010100
1101110000010010
0000001010100011
1111000111001001
0000000111101010
0000110001110100
0000001000111111
1101010111001101
1111110101100000
1110100000110011
1111100011000110
0000000001111011
0000011001011001
0000001011111011
1110100010100000
0001000000011010
1111110111101001
1111010111101100
0000101111011111
1110001000000001
0000010110010111
1110001000101110
1111000100111110
0000010001000000
0000000101011101
1101110110001000
0000011000100110
0000011101101111
1111100001010001
1110011000010100
1111100000010100
1110010000100010
0000000110010110
0000110100011011
0000110001101101
1111101100100110
1111101001001011
0000110010011101
1101111011001011
1111110010110011
0000010111011100
0000001111001001
1111111111101111
1110111001100000
0000000001100001
0000101101111110
0001100010010110
0000011000010100
0001001110100010
0000011000111001
1111101101111000
0000111000111000
0001001001111011
0000001110000111
0000110011110111
1111001110011010
1110100001001000
0000100010111011
1110101100001011
1101101010111011
0000001111101010
1101110110010110
1111010101001011
0000001111011100
1111010101100000
0000010110111011
0000010001011111
1111110100011011
1111100011100011
0000001010100111
1111110110101111
1111001000111110
1110010001111100
0000001001001011
0000101011100111
0000001001000101
1111111110000000
0000001101111010
1111110011111001
0000101111011110
0000000010100110
0000000011000000
1111011110111100
0000001010111100
1111110101101000
1110100110000001
0000010100011011
1111100101000000
1111110110100100
1111001111110000
0000001010110111
0000000101100100
0000101101000011
1111110110101011
0000011110010100
1111111110100111
0000111010011010
0000010001110110
1110010110001000
1111001011011011
1111101110110000
0000010110011101
1111110100000010
0000010100111011
0000110010110011
1111010101100000
1111010111101010
1111011000101101
0000000000101010
1110110011110001
0000010000010001
0000000011100100
1111100100011111
1111000111101000
1111101011001000
1111100111110010
0000011111100101
0000100100101110
1111110000001010
1111110100001001
1111100110110001
1110011010100110
0000000100001011
0000101100100010
0000001010110111
0000000011000111
0000001011010111
0000010110011011
0000110100011100
1111101000001101
1111001011000000
0000100000000001
1111001110011110
1110100000100101
0000010110001110
1111100110111010
0000000010100110
0000010101110110
0000011111110110
0000010001010100
0000010000001100
0000101111101010
1111010111000011
1111000010100101
1110111011111001
1111011110101100
0000010101000001
1111110011101100
1111000001110011
0001001000000111
0000011110100010
1111100011010000
0000010001000101
0000010100010000
1111111000000101
1110101111111100
0000101111101100
0001101010010101
0000010101001010
1111101011101000
1110100000001001
0000011001101011
0001110100011011
1110010000011100
0001000100011000
1101011000110001
0001110011110000
1110100111000100
0001101001111111
0010000101001101
0000000000001010
1110011011100110
1110011001011010
0000111111010010
1111001001001000
0001100011001001
0001100011111010
0001101111110100
0001101000011101
1101010001101101
0011011111000110
1111101010101001
1101001100001011
1100110111101010
1111011110110110
1101001100111000
0010000110011111
0000000111110111
1101001111010111
1101100010111110
0100000111111100
1101110111000000
0001001110001010
0001010011010100
0001111110100011
1101011001111101
1110100101001110
1101111110111100
1101111001000010
1101100100000110
0000011111111000
1110000111010110
1101101010101011
1101111000110010
1101110011000001
0001010101100011
0001101000100111
1110001000100110
0001010000010111
1111010100100100
0000111010000101
0001000010010110
0001110111100011
0001011110100000
0000100101010000
0010110110011010
0001010001010010
1111110111101110
1101000110111101
0001001001101011
0010001111111001
1111101101000000
1101101001011110
0001001000011110
0001101111010110
1101111010110100
1101110010001111
0001100000111011
1110110001100010
1110010110010010
0000110011000001
1110010011010000
1110111111010110
0010011011011100
0000011001110000
0001000010000100
1110010101100111
0001100000011100
1101111111001011
0001110100000111
0000110111111101
0001001110000000
0001110000110011
1110101110001011
0001101010101011
1110001011100111
0000111110000000
0001111010101111
0000110010010011
0010010011010101
0000001010001100
0001110010010101
0001010101011110
1110000001001011
1111010011101101
1101100100011100
1101111111010111
0001011010111111
1110001100011011
1101101110100011
0000111111000010
1111011000001001
1101100110100100
1101111001011110
0000111001001111
1101001110111011
1110101101010011
1101111111010111
1101011111101110
0010010111100111
1111010011101111
1110110111110011
1111000100010011
1110110101101000
0001111100001100
1111100101010000
1101010101000100
0010011111001110
0000111100110011
0010000001110010
1101011101000101
0000110000010010
1110101011000100
0001011110000100
1110001110001110
1110111011000110
0001111110000010
1111111001111111
1110000011100000
1110001000010100
0001001100101000
1110010101111000
0001001000100011
0001110001111011
0000111000001011
0000111011101011
0001011111011100
0001011011110010
1111111010011111
1101011100101001
1110101100001001
0001010111010101
0000100010111100
0000010000100101
0000111011001110
1101111101010001
1101101001111010
1110111000001101
0001110101001101
1111110000010101
1110110111101010
1101010101011110
0000010110111000
1110110100111101
0001001110001110
1110010011011011
0001001101001000
0001001010000101
1110010010110111
0001011101111000
0001111001010110
1110111101010010
1110010110100001
0001110111111101
0001111000000001
1110101001100101
1110010011001011
0000011110001011
0010100010010100
1101110101111111
1110100101110111
0001101101000001
1111010011100001
1101101110100000
0010000001011100
1101111011111100
0000001101100000
0001010100010001
0001011011000111
0001110001101110
0001010111110111
0001100110111101
1111101001101010
0000000000101101
1110111101001011
1110101111010000
1110001010111000
0001100101100001
1111001011001110
0000111111101111
0010001010110110
1110101001000011
0001000001101111
0001111011111010
0001001110111000
1101111101111111
0001010101101001
0011110111000100
0000100001111100
1110111101111000
1111011000010100
1111111000110001
0000000111001100
1101111101101101
0000100000101111
1111000010011001
1110010001001101
0000100011100110
1111001111000110
0000100001111100
1111111111000110
1110010111010101
1101101111100111
1111011111011011
1101001100111110
1101111011110011
0001000001101111
0000011110000111
1111011111100011
1101110101100011
0000101101100110
1101011101010010
0000000100100110
1110011010001011
1110001010100111
1111101110000100
1110100111101111
0000111010100100
1111001101110000
1101011101011011
0001000100010101
1111111111101100
1111001010010111
1110100111111011
1110001101110000
0000001000000000
0000000110101011
1111100010111000
1110001111101110
0000011011000101
0001110101010100
1110010101010111
1111010000011001
1110101111011101
0000101111010000
1110011001110011
1110110111100100
1101110001100010
1110001110110111
1011011111111110
1111101110010001
0000111101010000
1111111000011011
1111000000011110
1111000111110101
0000000100111011
0010000010100100
1111100111011001
0000000000000010
1101110111110111
1110010010101111
1111101100010011
1101000010110100
0000011101000000
1110100011011000
1110001100111000
1111100011010110
1110111111111000
1111101011111100
1111111010110000
1111001100000111
1110010000111011
1111111110111111
0000101100100111
1111101110101110
1111110100000001
1111100000111011
1111100011000101
1110001110000110
0000111011101101
0000111011101110
1110010100011100
0000000011110000
1110000010000100
1110010010111100
1111100101000001
0000011111001011
0000001011101111
0000000011110110
1111010001110001
0000001101000011
1111101100100100
1110011110100010
1111110011110101
1111100000101011
1110101100011000
1110011010110001
1110100110111111
1110011011110011
1110010010011100
1110100011011011
1110011110011100
1111000100001001
1111101000011000
0000000100000001
1111011010111001
1110101110001101
1111111000110000
1111000110101110
1111100100110101
1111100101111010
1110111111010111
1101101000011101
1111000111011101
0001001000101011
1111110000110001
1110100110000000
1111111111100111
1111010100101110
1111101101110111
1111110000010010
1110001011111111
1111000101000101
0001101111010001
1101100110110010
1110011101011011
1111100100101010
1110011000111111
1111001001111011
1111000000100000
1111101000110100
1110111001001011
1101101111111111
1111100111011010
1110001110111100
1110011010000110
0000010100111100
0000000010101010
1110000100000110
1110011010011001
1111010101110001
1111000011000110
0000111110100110
0000111101001010
1110100001110111
1110101100101011
1111110011110010
1110111101000110
1111101110101000
1110010110011001
1111000110111100
0000000011101101
1110000010100100
1110111111000011
1110101000000110
1111101001010011
1110100100001101
1111110110011110
0000010011010100
1110011000100110
1110101011110010
1111000101110101
1111100110001100
0000001111010011
1111011101001110
1111100001001111
1111110001110111
1110111100011000
0000010011000000
1111001010010011
1110101000100111
0000100100001100
1111100000000011
1110101001001100
1111001101110111
1110110100011011
1111100001100001
0000010000100000
0000101110001001
1111011000111100
1111001010100010
0000001101001110
1111111001011000
0000011111111101
1110111100101000
1111111100000110
1111011101010111
1111001110001101
1110111110111110
0000101110010111
1111101010011010
1101111111101010
1110111100010001
0001001000101101
0001100101111111
1111010001001101
1111011110010110
0100101111100100
1111101100100101
1111100000101000
0000110000101001
1111100111001011
1101011100011110
1111001110100110
1111110010110011
1111100011111011
1011011110010011
0001100011110010
1101001011010111
1110011110101011
1111000101101010
0000001010100011
1101100001101100
1110001000010100
1011100000010000
1101000010111100
1111001110101011
1111100111110100
1110011100100111
1110010011000111
1110011011111111
1011100000011111
0000100111001001
0001100010001000
1100110000101101
0000011011001101
1101000001010101
0001001111001001
1111110001000000
1101110101111010
1110111101111001
0000000110011010
1101010000011110
1101110111111001
1011011011010001
0000110110000110
0000111110011110
0000001110010101
1111111011000001
0000110100010000
0001001010010110
1111111001011100
1111100111000110
1110111010011001
0000111101000010
1011100111001001
1100110110001001
1111100000000010
1100101110000100
1011100101110011
1110011101011111
0000000111001110
1101111000111010
1100011111011001
1111000110111000
1100110011110101
0000111001110010
1111001110000001
0000011100011101
1100110000000001
1101001111100101
0000011110000010
1110010100111000
1110101110011111
1101011000011010
1111101011011101
0000000000100101
1100110111000100
0000100001100011
0000010101110011
1110100000001010
1111101110000001
0000001111111011
1110010001010010
1110010110001110
1110100100010101
1111110101101001
1101100011100000
1111110000101111
1111001110110110
0000001111010111
1101011101100001
1110010010101001
1110011100010110
1100011011001011
1111110111010110
1110100010001101
1101101010110010
1110000001100111
1100011001011111
1111010000111001
1101101100100010
1100011010110010
0000001100100111
1101110111111000
1111101001010000
1111111111010010
1101111010011001
1111101001000111
0000010110001100
1101011001000100
1111110100110100
1111101111001011
0000000110011101
1110110100001001
1111111001001000
1110110100011100
0000011100010000
1111110110110110
1101010000010000
1111011011001110
0000001100000101
1110011001100011
1110111111110001
1111111100110111
1111100110100110
1111010000110011
1110010011000001
1101110011101010
1110011011111110
0000010001010111
1100100110100000
1111001101110111
0000011000001100
1101100101000001
1111010000101000
1110010001101101
1101101110000000
1111101101011100
1111100011111111
1110010100001000
0000010000101011
1100110001011101
1101011111011110
1101010100111100
1100110000110011
1110110011110010
1110101010011011
1110001001111011
1111101001001001
0000000101010001
1101001010101000
1111111101011110
0000000011101011
1101011000001100
1111010100010000
0000100111110011
1110011100010100
1110000111001000
1110100000000011
1111000101110000
0000111101001000
1101111100110110
1110111001001001
1101010011111110
1111110101110101
1101010101111011
1110011111111000
0000100110110001
1100111001011110
1100111010011111
1111100100111110
1111101000010010
1110011101000001
1101010101010110
1111111111110010
1111111100001010
1101011110101101
1110011010100110
1111100100101010
1110111000011010
1110101111000000
1111100111100001
1111101101000001
1100101110100001
1111010111100111
1110000100000111
1110001010011111
1110100101110111
1101101111001001
1101111000000100
1111000000011000
0000000101100001
0000010111001010
1111111111001111
0000011000101001
1111100101010111
1101101001100011
1111100011110100
1111011010111110
1110000110000001
1110111010001110
1101110001100111
1111010111100001
0000100011101000
0000010100011101
1110100100010001
0011110100011111
1101011010001010
0000010100110010
1111011101110011
1101111000100011
1110110111101011
1111010110010001
1111101100100101
1110100000000001
1100010111011010
0000011100000000
1101101111110110
1110011011011100
1101110111010111
1111001101000100
1101101100100111
1100111110101100
1100110111001100
1110010000100100
1110010110000101
1111010100000000
1101011011110110
1101101100100011
1110100100010100
1100111111101110
1111100111100110
1111110101010111
1100011100100011
1111010100000001
1101101101101111
1111011111110101
1110101010111010
1110000001011100
1110110010000110
1110111001101000
1101000111101101
1110010000100010
1011101011110110
1111110001000100
1111100100110110
1111101101100101
1111100000100100
1111110000011100
1111100110101010
1111011000111101
1110010111001101
1110010011100000
1111010000001110
1100010010110110
1100111101001010
1111001010110010
1101000110001101
1101010011100110
1110011111110100
1111011001011110
1110101110000000
1100111111010011
1110110100011101
1101010000110001
1111110101000011
1110010011101111
1111001001000000
1101000001010000
1110010111111011
1111011010001101
1110011011111101
1101100101010011
1110001111101010
1111001100001101
1111001100000000
1101110110111111
0000001100101000
1110110111011010
1110111001001001
1111010001010011
1111011100001111
1111000100101111
1110001110100011
1110010011110110
1111000110010001
1110000100101110
1111000101010000
1110110101111100
1110111110010001
1110010000110110
1110010000011011
1101110110011101
1101000100011011
1111011010011010
1111011101010100
1110000010111110
1110010001001101
1100111101100011
1110011000110001
1110000010011110
1101101101010100
1111001011010111
1101001100010010
1111010011010011
1111100101011011
1110100011101000
1111001010101010
1111101011110011
1110100010110101
1111000000110101
1110111000010110
1110111011100010
1110010110110100
1110101100111100
1111001010000001
1111001011100010
1111000101011001
1101101000101011
1110110000000011
1111011010011010
1110101111110110
1110110010100001
0000010101110000
1110111110010111
1110101011100010
1110110101101000
1101011010000100
1110111100011011
1111000111110011
1100110101100011
1101111100111010
1111010000111000
1101011001001000
1110101100000010
1110010000010101
1110001010000110
1110111010010011
1110100010101011
1110011111101001
0000010100010101
1101110001110011
1101011111010010
1110001000001010
1101001101100010
1111101100010100
1111001110100110
1101110000101100
1110111010001011
1111111101010001
1101101010001101
1111001011100100
1111000011000001
1110001101001010
1110101010000111
1111100111010111
1110001001111000
1101111000001010
1110011001101010
1101111111111101
1111110000101110
1110100010110100
1110011110100101
1110001010101110
1110111101100001
1101111101010010
1111001010101001
1111011110011101
1101111011100010
1101100110001101
1110111000001000
1110101010110111
1110101010011111
1101100010111101
1110100111001010
1110111010001011
1101100110101100
1111000000011001
1110110001010001
1110100011000001
1110101111010000
1110100111001000
1110101011100101
1101101010011100
1110100111100111
1101111111100011
1101111101000100
1110000110100000
1110010000001101
1110000100111100
1111010111001010
1111100110000110
1111010100100111
1111101000010000
1111110101001101
1110111010110001
1101100100010101
1111010101110110
1111100001010010
1110111000010000
1111000101100100
1110011001101011
1110110010110110
1111110101000100
1111110011101000
1111001000110010
