111111100010100000000000111000001111111101100001111111100110110100000000000111000000000000110110
000000000000000000000000000000000000000000011101000000011001100000000000010111000000000011011000
000000000000000000000000000000000000000000000000000000000000000000000000000000000000000000000000
000000000000000000000000000000000000000000000000000000000000000000000000000000000000000000000000
000000011101000100000000011100001111111101110010111111101100001011111101110011000000000010001100
000000000000000000000000000000000000000000110010000000010111011000000000100111100000000010011100
000000000000000000000000000000000000000000000000000000000000000000000000000000000000000000000000
000000000000000000000000000000000000000000000000000000000000000000000000000000000000000000000000
000000010101110111111101111101111111111000010111000000100100100111111111010100010000000000011010
000000000000000000000000000000001111111011110000000000001110011000000000010101010000001010010000
000000000000000000000000000000000000000000000000000000000000000000000000000000000000000000000000
000000000000000000000000000000000000000000000000000000000000000000000000000000000000000000000000
111111100101111111111101111011110000000001111001000000010011011111111111000011000000001000000110
000000000000000000000000000000000000000111000010111111110010001011111111111001011111111110001101
000000000000000000000000000000000000000000000000000000000000000000000000000000000000000000000000
000000000000000000000000000000000000000000000000000000000000000000000000000000000000000000000000
111111111001011111111110110010101111111011000011111111111110001000000001111001000000001001101100
000000000000000000000000000000001111111011101001111111101111101111111110100101100000000001100100
000000000000000000000000000000000000000000000000000000000000000000000000000000000000000000000000
000000000000000000000000000000000000000000000000000000000000000000000000000000000000000000000000
111111111010001011111111011000110000000001010101000000011011010011111111100000001111110110100010
000000000000000000000000000000001111111010001011111111111101111000000000000011110000001010111010
000000000000000000000000000000000000000000000000000000000000000000000000000000000000000000000000
000000000000000000000000000000000000000000000000000000000000000000000000000000000000000000000000
000000001010110111111110110101100000000100110011111111101100000000000001100010010000000010011001
000000000000000000000000000000001111111001000101000000000010100011111111010000101111110110011111
000000000000000000000000000000000000000000000000000000000000000000000000000000000000000000000000
000000000000000000000000000000000000000000000000000000000000000000000000000000000000000000000000
000000000010011011111111000110000000000100001000111111100111011000000000000011000000000011111101
000000000000000000000000000000001111111010100010000000011111010011111111100001011111111111101110
000000000000000000000000000000000000000000000000000000000000000000000000000000000000000000000000
000000000000000000000000000000000000000000000000000000000000000000000000000000000000000000000000
000000010001100000000001101011111111111110010110000000000110111100000000011010001111111010100011
000000000000000000000000000000001111111001000000000000001000110111111110101100101111111110011010
000000000000000000000000000000000000000000000000000000000000000000000000000000000000000000000000
000000000000000000000000000000000000000000000000000000000000000000000000000000000000000000000000
000000011100110111111111111111101111111100101011000000001010010000000001100000011111111001101101
000000000000000000000000000000001111111101010110111111011000110000000001010101011111111110111101
000000000000000000000000000000000000000000000000000000000000000000000000000000000000000000000000
000000000000000000000000000000000000000000000000000000000000000000000000000000000000000000000000
000000000111001000000001100100000000000001110101111111100111011111111111101011000000000011011010
000000000000000000000000000000001111111101010011000000010001011000000001000000010000000011001000
000000000000000000000000000000000000000000000000000000000000000000000000000000000000000000000000
000000000000000000000000000000000000000000000000000000000000000000000000000000000000000000000000
111111100001100100000000110111110000000110011110111111111111100000000001010011101111111011110010
000000000000000000000000000000000000000101110011111111111011010011111111110100010000000101011011
000000000000000000000000000000000000000000000000000000000000000000000000000000000000000000000000
000000000000000000000000000000000000000000000000000000000000000000000000000000000000000000000000
000000100000001111111110010000001111111110100000000000011101101100000000001010111111111101101010
000000000000000000000000000000000000000100100000111111101001010111111111101110010000000001100110
000000000000000000000000000000000000000000000000000000000000000000000000000000000000000000000000
000000000000000000000000000000000000000000000000000000000000000000000000000000000000000000000000
111111101010000111111101010100010000001000101010000000000000001000000000110000010000000101100011
000000000000000000000000000000001111111101111101111111111111011000000000011010110000000010110010
000000000000000000000000000000000000000000000000000000000000000000000000000000000000000000000000
000000000000000000000000000000000000000000000000000000000000000000000000000000000000000000000000
000000010110110111111110111011010000000001011110111111011010011011111111011110011111111111000100
000000000000000000000000000000000000000010100101111111011100011000000001000000101111111110110101
000000000000000000000000000000000000000000000000000000000000000000000000000000000000000000000000
000000000000000000000000000000000000000000000000000000000000000000000000000000000000000000000000
000000100000101000000010000101111111111001111101111111011010101111111110010111110000001000110111
000000000000000000000000000000000000000010111011000000010010110011111110100101101111111000000010
000000000000000000000000000000000000000000000000000000000000000000000000000000000000000000000000
000000000000000000000000000000000000000000000000000000000000000000000000000000000000000000000000
000000000111110000000001001000101111111111001101111111101101100000000000100100001111111100011000
000000000000000000000000000000001111111101000101111111110001000011111100101011110000000111000110
000000000000000000000000000000000000000000000000000000000000000000000000000000000000000000000000
000000000000000000000000000000000000000000000000000000000000000000000000000000000000000000000000
111111111011001100000011001011111111111100111101111111111001101000000000111101100000000001100010
000000000000000000000000000000001111111111110011000000000001000100000000010001001111111111010110
000000000000000000000000000000000000000000000000000000000000000000000000000000000000000000000000
000000000000000000000000000000000000000000000000000000000000000000000000000000000000000000000000
111111110011101011111110100101011111111111111110000000011010101111111110100101000000000011110001
000000000000000000000000000000000000000010010000000000011000100111111111110011010000000110000001
000000000000000000000000000000000000000000000000000000000000000000000000000000000000000000000000
000000000000000000000000000000000000000000000000000000000000000000000000000000000000000000000000
111111101011101100000010010100000000000101011110000000000111100011111101110010100000000100100010
000000000000000000000000000000000000000100111011111111111111111111111110000000001111111010100110
000000000000000000000000000000000000000000000000000000000000000000000000000000000000000000000000
000000000000000000000000000000000000000000000000000000000000000000000000000000000000000000000000
111111100110010011111110111111100000000000011111000000011101100111111111001101101111111111100001
000000000000000000000000000000000000001001100101111111111000010100000000010001010000000100011000
000000000000000000000000000000000000000000000000000000000000000000000000000000000000000000000000
000000000000000000000000000000000000000000000000000000000000000000000000000000000000000000000000
111111100111010011111111110010010000001000011110000000010100100100000000111011100000000100100110
000000000000000000000000000000000000000000000010111111011011011000000000100000000000000011111100
000000000000000000000000000000000000000000000000000000000000000000000000000000000000000000000000
000000000000000000000000000000000000000000000000000000000000000000000000000000000000000000000000
000000101000110000000000000101010000000100110100000000000000010100000000010110100000000011110011
000000000000000000000000000000000000000000111100111111111011010011111110011011110000000010010101
000000000000000000000000000000000000000000000000000000000000000000000000000000000000000000000000
000000000000000000000000000000000000000000000000000000000000000000000000000000000000000000000000
111111111101111111111110101001000000000010011010111111110000000000000000110000100000001000010101
000000000000000000000000000000001111111101011011111111111100001111111110100000000000000110001011
000000000000000000000000000000000000000000000000000000000000000000000000000000000000000000000000
000000000000000000000000000000000000000000000000000000000000000000000000000000000000000000000000
