000000010101100100000001011010111111111110001011111111110110000111111110101100110000000010100001
000000000000000000000000000000001111111111010001111111111100100111111101111101111111111101011101
000000000000000000000000000000000000000000000000000000000000000000000000000000000000000000000000
000000000000000000000000000000000000000000000000000000000000000000000000000000000000000000000000
000000011001011111111110010101100000000111010110111111100100010000000010110100111111111100011001
000000000000000000000000000000001111111101101100000000001001101100000000000001101111111001111001
000000000000000000000000000000000000000000000000000000000000000000000000000000000000000000000000
000000000000000000000000000000000000000000000000000000000000000000000000000000000000000000000000
000000000011100111111110101001101111110111100000000000010000101111111110110101100000000100011011
000000000000000000000000000000001111111111110100111111110110101000000001110111111111111110010101
000000000000000000000000000000000000000000000000000000000000000000000000000000000000000000000000
000000000000000000000000000000000000000000000000000000000000000000000000000000000000000000000000
000000001000101000000001000010100000000001010011111111101000110100000000011010000000000010010110
000000000000000000000000000000000000000000101111111111110010101111111111001111101111111011000101
000000000000000000000000000000000000000000000000000000000000000000000000000000000000000000000000
000000000000000000000000000000000000000000000000000000000000000000000000000000000000000000000000
000000101010100111111110111000001111111110100110111111111111111000000001001101110000001001100100
000000000000000000000000000000001111111011011100111111111111110011111111110111001111111111010001
000000000000000000000000000000000000000000000000000000000000000000000000000000000000000000000000
000000000000000000000000000000000000000000000000000000000000000000000000000000000000000000000000
111111100110110011111110001100110000000110111000111111111111110100000000110111001111111001011111
000000000000000000000000000000001111111101100100111111110101010100000001010101000000001010100100
000000000000000000000000000000000000000000000000000000000000000000000000000000000000000000000000
000000000000000000000000000000000000000000000000000000000000000000000000000000000000000000000000
111111111010100100000000001100001111111010011010111111110010000000000001011001101111111111011111
000000000000000000000000000000000000000011101000000000010110001011111111101001110000000011111110
000000000000000000000000000000000000000000000000000000000000000000000000000000000000000000000000
000000000000000000000000000000000000000000000000000000000000000000000000000000000000000000000000
000000000111010011111111110100110000000100011000000000010110010011111111000101111111111100001000
000000000000000000000000000000000000000111011100000000100010001111111111001001111111110110001110
000000000000000000000000000000000000000000000000000000000000000000000000000000000000000000000000
000000000000000000000000000000000000000000000000000000000000000000000000000000000000000000000000
000000001001111000000000000010111111111011001000000000101101100000000000011001011111110111111111
000000000000000000000000000000001111111101110110000000000011111111111111100111110000000101100000
000000000000000000000000000000000000000000000000000000000000000000000000000000000000000000000000
000000000000000000000000000000000000000000000000000000000000000000000000000000000000000000000000
111111101110110000000010011111111111111001101100111111100111101000000000101010111111111110011011
000000000000000000000000000000001111111101100001000000010100101011111111000101010000000110001111
000000000000000000000000000000000000000000000000000000000000000000000000000000000000000000000000
000000000000000000000000000000000000000000000000000000000000000000000000000000000000000000000000
000000000110010000000000010111001111111010010000111111101001101000000001100011011111111011110001
000000000000000000000000000000000000000011001111111111110000001111111110110001100000000101100111
000000000000000000000000000000000000000000000000000000000000000000000000000000000000000000000000
000000000000000000000000000000000000000000000000000000000000000000000000000000000000000000000000
000000000000001111111111110111011111111010101011000000001100110111111111110100101111111011001010
000000000000000000000000000000000000000101001010000000001001000011111111100000000000000001011010
000000000000000000000000000000000000000000000000000000000000000000000000000000000000000000000000
000000000000000000000000000000000000000000000000000000000000000000000000000000000000000000000000
000000100010111111111101100111000000000010000110000000010000000000000000100011001111111111101101
000000000000000000000000000000001111111101100010111111111111110000000000101100000000000100100101
000000000000000000000000000000000000000000000000000000000000000000000000000000000000000000000000
000000000000000000000000000000000000000000000000000000000000000000000000000000000000000000000000
000000100100110100000000010111011111111110100100111111101111100111111111111110011111111000011011
000000000000000000000000000000001111111100101110111111110101100011111111001010101111111101011000
000000000000000000000000000000000000000000000000000000000000000000000000000000000000000000000000
000000000000000000000000000000000000000000000000000000000000000000000000000000000000000000000000
000000011010001100000001001010000000000000011001000000000101011000000000010000001111111011001001
000000000000000000000000000000001111111110111110000000010011110100000001000010010000000010100010
000000000000000000000000000000000000000000000000000000000000000000000000000000000000000000000000
000000000000000000000000000000000000000000000000000000000000000000000000000000000000000000000000
000000000111111000000001100110101111111101001001111111111111110111111110000011100000000010100110
000000000000000000000000000000000000000100110001111111110011010100000010100001101111110110011100
000000000000000000000000000000000000000000000000000000000000000000000000000000000000000000000000
000000000000000000000000000000000000000000000000000000000000000000000000000000000000000000000000
111111111100110000000010010100100000000010011111000000100111010111111101001011100000000100100010
000000000000000000000000000000001111111100101010000000010101001100000000100001011111111110011101
000000000000000000000000000000000000000000000000000000000000000000000000000000000000000000000000
000000000000000000000000000000000000000000000000000000000000000000000000000000000000000000000000
111111110001011100000001010000100000000000010010000000001011010000000010100010001111110110100101
000000000000000000000000000000001111111010110000111111011010000100000000111010110000000001011101
000000000000000000000000000000000000000000000000000000000000000000000000000000000000000000000000
000000000000000000000000000000000000000000000000000000000000000000000000000000000000000000000000
111111110010011111111111110001000000000001100001000000000000010011111111100001010000000110001010
000000000000000000000000000000001111111101101010000000001011011111111111010001110000000110101011
000000000000000000000000000000000000000000000000000000000000000000000000000000000000000000000000
000000000000000000000000000000000000000000000000000000000000000000000000000000000000000000000000
111111101111000011111110100110000000000111111111000000000011001011111111101001111111111011001110
000000000000000000000000000000000000000001000011000000000100111100000000101111110000000010110110
000000000000000000000000000000000000000000000000000000000000000000000000000000000000000000000000
000000000000000000000000000000000000000000000000000000000000000000000000000000000000000000000000
000000011110010011111111110011010000000010001011000000000111000011111111001011001111111010111011
000000000000000000000000000000000000000000001011000000000110011000000000010101001111110111011100
000000000000000000000000000000000000000000000000000000000000000000000000000000000000000000000000
000000000000000000000000000000000000000000000000000000000000000000000000000000000000000000000000
111111101010100111111110100110111111111110100001111111110010001111111111101100001111111110010011
000000000000000000000000000000000000000101100000000000100011100000000000001001100000000110100110
000000000000000000000000000000000000000000000000000000000000000000000000000000000000000000000000
000000000000000000000000000000000000000000000000000000000000000000000000000000000000000000000000
111111101001101011111111011000001111111111101011111111011011001011111111100000110000000001000011
000000000000000000000000000000000000000101100010000000011001100000000001010011011111110011011001
000000000000000000000000000000000000000000000000000000000000000000000000000000000000000000000000
000000000000000000000000000000000000000000000000000000000000000000000000000000000000000000000000
000000000011001000000000011101011111111100110000000000000000001011111110101111010000001000010110
000000000000000000000000000000001111111111111000111111110100001011111111100011110000000010011100
000000000000000000000000000000000000000000000000000000000000000000000000000000000000000000000000
000000000000000000000000000000000000000000000000000000000000000000000000000000000000000000000000
