111111101001100111111111001001111111111011100011000000000011100000000000101111000000000001001001
000000000000000000000000000000001111111111010000111111101000111100000001101100011111111011100010
000000000000000000000000000000000000000000000000000000000000000000000000000000000000000000000000
000000000000000000000000000000000000000000000000000000000000000000000000000000000000000000000000
111111010001010111111111111101010000000001101110111111101010001000000011000101000000000000110010
000000000000000000000000000000001111111100100000000000001011111000000000100100100000000100011100
000000000000000000000000000000000000000000000000000000000000000000000000000000000000000000000000
000000000000000000000000000000000000000000000000000000000000000000000000000000000000000000000000
000000001110011111111110001101000000000001001110111111110111011111111111111111100000000101000001
000000000000000000000000000000001111111011011101000000010010110011111110110100000000000111001001
000000000000000000000000000000000000000000000000000000000000000000000000000000000000000000000000
000000000000000000000000000000000000000000000000000000000000000000000000000000000000000000000000
000000001011100011111110010100001111111110001001111111011010101011111111010001001111111110011010
000000000000000000000000000000001111111111001011000000001100111100000001010111010000000010100101
000000000000000000000000000000000000000000000000000000000000000000000000000000000000000000000000
000000000000000000000000000000000000000000000000000000000000000000000000000000000000000000000000
111111101011001111111110101111100000000000000111111111111001100000000000110101110000000101100110
000000000000000000000000000000001111111011010000000000011100110111111111100110100000000011000101
000000000000000000000000000000000000000000000000000000000000000000000000000000000000000000000000
000000000000000000000000000000000000000000000000000000000000000000000000000000000000000000000000
000000001000101111111111010110111111111111011011111111110110000011111111001110111111111111111100
000000000000000000000000000000001111111011000111111111111010011100000010000111000000000010110100
000000000000000000000000000000000000000000000000000000000000000000000000000000000000000000000000
000000000000000000000000000000000000000000000000000000000000000000000000000000000000000000000000
111111101110000011111110110011100000000010111110111111111001110100000001001100011111111111000111
000000000000000000000000000000001111111111011000000000010011000011111110100010110000000001100000
000000000000000000000000000000000000000000000000000000000000000000000000000000000000000000000000
000000000000000000000000000000000000000000000000000000000000000000000000000000000000000000000000
000000100000111100000001001011111111111101011111111111111111111000000000101110110000000000111010
000000000000000000000000000000001111111010011111111111111110010000000000111101100000000100110100
000000000000000000000000000000000000000000000000000000000000000000000000000000000000000000000000
000000000000000000000000000000000000000000000000000000000000000000000000000000000000000000000000
000000010011111000000010011001101111110110001000111111011011111100000010001000010000000101010010
000000000000000000000000000000000000000101000000000000010000011100000000000110001111111100100111
000000000000000000000000000000000000000000000000000000000000000000000000000000000000000000000000
000000000000000000000000000000000000000000000000000000000000000000000000000000000000000000000000
111111110001010111111111101010100000000000011110000000100010101011111111110010010000001001101111
000000000000000000000000000000001111111100001110111111111101101100000001001000100000000000011110
000000000000000000000000000000000000000000000000000000000000000000000000000000000000000000000000
000000000000000000000000000000000000000000000000000000000000000000000000000000000000000000000000
000000010011101111111111001111101111110101000110000000010010100000000001111100111111111011111110
000000000000000000000000000000000000000110000010000000001111000000000001011110100000000011110100
000000000000000000000000000000000000000000000000000000000000000000000000000000000000000000000000
000000000000000000000000000000000000000000000000000000000000000000000000000000000000000000000000
000000000000000111111111110011001111111000100001000000011111011111111101101001111111111011100110
000000000000000000000000000000001111111101000110111111101011111011111111100010100000000010010111
000000000000000000000000000000000000000000000000000000000000000000000000000000000000000000000000
000000000000000000000000000000000000000000000000000000000000000000000000000000000000000000000000
000000001000000011111110101100111111111010001100000000000010111011111101001000011111111111010010
000000000000000000000000000000001111111100000101111111101101001111111110111001001111111000010000
000000000000000000000000000000000000000000000000000000000000000000000000000000000000000000000000
000000000000000000000000000000000000000000000000000000000000000000000000000000000000000000000000
000000001101010100000011001100111111111111001001111111101111111011111110010001111111111110111111
000000000000000000000000000000000000000101001111111111111100100111111111111101110000000010010111
000000000000000000000000000000000000000000000000000000000000000000000000000000000000000000000000
000000000000000000000000000000000000000000000000000000000000000000000000000000000000000000000000
000000001001100000000001110110011111111100111011111111101100000100000010010100000000000000101010
000000000000000000000000000000001111111011001101000000000100000100000000111010010000000001010100
000000000000000000000000000000000000000000000000000000000000000000000000000000000000000000000000
000000000000000000000000000000000000000000000000000000000000000000000000000000000000000000000000
000000010010011111111111111100001111111111011000111111111001000111111110111010000000000000011001
000000000000000000000000000000001111111100010001111111011111101111111101000000111111111100011111
000000000000000000000000000000000000000000000000000000000000000000000000000000000000000000000000
000000000000000000000000000000000000000000000000000000000000000000000000000000000000000000000000
111111101110110011111111101010111111111010111111111111111010111100000010000101011111111101111011
000000000000000000000000000000001111111111001111000000010101110111111110111011101111111100110000
000000000000000000000000000000000000000000000000000000000000000000000000000000000000000000000000
000000000000000000000000000000000000000000000000000000000000000000000000000000000000000000000000
000000001010010000000000100000110000000001101111111111111000110000000001001101111111111001011110
000000000000000000000000000000000000000010011000111111111001100111111110100101001111111011110000
000000000000000000000000000000000000000000000000000000000000000000000000000000000000000000000000
000000000000000000000000000000000000000000000000000000000000000000000000000000000000000000000000
000000010100111111111111010000111111110110011110000000011110001100000000101001011111111001100101
000000000000000000000000000000001111111101011101000000011000100111111111001010010000000100001111
000000000000000000000000000000000000000000000000000000000000000000000000000000000000000000000000
000000000000000000000000000000000000000000000000000000000000000000000000000000000000000000000000
000000000011001100000000000100010000000010111011111111011101101011111110111010110000000101111011
000000000000000000000000000000001111111001010000000000011011100111111101100011001111111101111110
000000000000000000000000000000000000000000000000000000000000000000000000000000000000000000000000
000000000000000000000000000000000000000000000000000000000000000000000000000000000000000000000000
000000010001000011111110100101110000000011001101111111011010001000000000000110000000000000110010
000000000000000000000000000000000000001001101111111111101001010100000000111011011111111100101010
000000000000000000000000000000000000000000000000000000000000000000000000000000000000000000000000
000000000000000000000000000000000000000000000000000000000000000000000000000000000000000000000000
111111110001000100000000100011000000001001111110000000001000000000000000001011011111111101101111
000000000000000000000000000000000000000110011010000000011000001111111110110011110000000010001100
000000000000000000000000000000000000000000000000000000000000000000000000000000000000000000000000
000000000000000000000000000000000000000000000000000000000000000000000000000000000000000000000000
111111111100011011111111111010111111111010010100111111111100101000000001101000000000000010001101
000000000000000000000000000000001111111011011110000000001000111000000000000110111111111110101011
000000000000000000000000000000000000000000000000000000000000000000000000000000000000000000000000
000000000000000000000000000000000000000000000000000000000000000000000000000000000000000000000000
111111101101110011111111100100000000000100100110000000001011011000000000100110101111111001011000
000000000000000000000000000000000000000100100001111111100100011111111110100010011111111110001001
000000000000000000000000000000000000000000000000000000000000000000000000000000000000000000000000
000000000000000000000000000000000000000000000000000000000000000000000000000000000000000000000000
