000000000000000000000000000110010000000001001011000000010101010011111111011101101111111001010000
000000000000000000000000000000001111111011100101000000010100110100000010100111001111111001001110
000000000000000000000000000000000000000000000000000000000000000000000000000000000000000000000000
000000000000000000000000000000000000000000000000000000000000000000000000000000000000000000000000
000000010100011100000001011110101111111011011100000000010100110011111111011010101111111000110101
000000000000000000000000000000001111110111011010111111111011010100000010100001001111111101110001
000000000000000000000000000000000000000000000000000000000000000000000000000000000000000000000000
000000000000000000000000000000000000000000000000000000000000000000000000000000000000000000000000
111111111000101111111110101100001111111010000000000000001010101011111111111100100000000001010001
000000000000000000000000000000000000000011011010000000011100100011111111011111100000000111110011
000000000000000000000000000000000000000000000000000000000000000000000000000000000000000000000000
000000000000000000000000000000000000000000000000000000000000000000000000000000000000000000000000
000000000011001100000000100001100000000001000101000000101000010011111111110000101111111011010000
000000000000000000000000000000000000000111001100111111110100110100000001111101110000000101000000
000000000000000000000000000000000000000000000000000000000000000000000000000000000000000000000000
000000000000000000000000000000000000000000000000000000000000000000000000000000000000000000000000
111111111000110100000000000101010000000001100010111111101111111111111111111011011111110110110101
000000000000000000000000000000001111111001111011111111111001010000000001110011000000000000111110
000000000000000000000000000000000000000000000000000000000000000000000000000000000000000000000000
000000000000000000000000000000000000000000000000000000000000000000000000000000000000000000000000
111111101011000000000001010011001111110110100001000000001101011011111111010011000000000011011000
000000000000000000000000000000000000000001100000111111100110101011111111111011100000000011101000
000000000000000000000000000000000000000000000000000000000000000000000000000000000000000000000000
000000000000000000000000000000000000000000000000000000000000000000000000000000000000000000000000
000000010100000011111111001011100000000111011100000000001100001011111111011010001111111011100010
000000000000000000000000000000000000000010000000000000100001010100000000001101101111111110011111
000000000000000000000000000000000000000000000000000000000000000000000000000000000000000000000000
000000000000000000000000000000000000000000000000000000000000000000000000000000000000000000000000
111111110110100011111111111100101111110100110100111111110101100111111111101100000000000101111100
000000000000000000000000000000000000000000001100000000101011011011111111000100101111111101001011
000000000000000000000000000000000000000000000000000000000000000000000000000000000000000000000000
000000000000000000000000000000000000000000000000000000000000000000000000000000000000000000000000
111111111000100111111111001010101111111101110100000000010010011000000001000101011111111100101001
000000000000000000000000000000000000000100011010111111100100010111111110111001011111111100111110
000000000000000000000000000000000000000000000000000000000000000000000000000000000000000000000000
000000000000000000000000000000000000000000000000000000000000000000000000000000000000000000000000
111111111001001111111111011110000000000100011101111111100010001111111110110011011111111001000110
000000000000000000000000000000000000000010000111000000000100010100000000001011010000000010001001
000000000000000000000000000000000000000000000000000000000000000000000000000000000000000000000000
000000000000000000000000000000000000000000000000000000000000000000000000000000000000000000000000
111111110111110011111101100100110000000101100010000000000010111111111111010111001111111101000101
000000000000000000000000000000001111110101110101000000010100011111111111101011010000000010101011
000000000000000000000000000000000000000000000000000000000000000000000000000000000000000000000000
000000000000000000000000000000000000000000000000000000000000000000000000000000000000000000000000
111111100010100100000010111000010000000000000001111111111010101011111111101001100000001000000000
000000000000000000000000000000000000000001111110000000000001100011111110011111010000000101101100
000000000000000000000000000000000000000000000000000000000000000000000000000000000000000000000000
000000000000000000000000000000000000000000000000000000000000000000000000000000000000000000000000
000000011001011011111111001011101111111110011010111111011110010000000001111000100000000011111000
000000000000000000000000000000001111111001110000111111101001011100000000000101010000000001100100
000000000000000000000000000000000000000000000000000000000000000000000000000000000000000000000000
000000000000000000000000000000000000000000000000000000000000000000000000000000000000000000000000
111111111111110100000001100000010000000101011010000000001010111000000001001001110000000011001110
000000000000000000000000000000001111111011000111000000010100101000000000101001010000000001111100
000000000000000000000000000000000000000000000000000000000000000000000000000000000000000000000000
000000000000000000000000000000000000000000000000000000000000000000000000000000000000000000000000
000000011111101000000000010100101111111111010010111111101101011000000000001000001111110111101100
000000000000000000000000000000001111111101001110000000001101100011111110101000101111111100010111
000000000000000000000000000000000000000000000000000000000000000000000000000000000000000000000000
000000000000000000000000000000000000000000000000000000000000000000000000000000000000000000000000
111111011110101100000000001001110000000010111111000000000001100011111110010100110000000011010001
000000000000000000000000000000001111111111111001000000010110101100000000001010011111111111011001
000000000000000000000000000000000000000000000000000000000000000000000000000000000000000000000000
000000000000000000000000000000000000000000000000000000000000000000000000000000000000000000000000
111111110110001011111111011011010000000100010110111111111110001111111111010111010000000000010111
000000000000000000000000000000000000000000011111111111011110111011111111001100001111111101001010
000000000000000000000000000000000000000000000000000000000000000000000000000000000000000000000000
000000000000000000000000000000000000000000000000000000000000000000000000000000000000000000000000
000000001100001111111111000101001111111100100011111111100001001100000000010111011111111000011110
000000000000000000000000000000000000000100100111000000110111000100000001011000101111111110111111
000000000000000000000000000000000000000000000000000000000000000000000000000000000000000000000000
000000000000000000000000000000000000000000000000000000000000000000000000000000000000000000000000
000000100000001111111110110100110000000010011110111111111001011000000000101000101111111010010100
000000000000000000000000000000000000000010001100000000000011100011111111000011101111111110001101
000000000000000000000000000000000000000000000000000000000000000000000000000000000000000000000000
000000000000000000000000000000000000000000000000000000000000000000000000000000000000000000000000
111111110011100111111110011001010000001001001101000000011100001100000001010001010000000010000101
000000000000000000000000000000001111111000010110000000000100001111111110000010010000001001100101
000000000000000000000000000000000000000000000000000000000000000000000000000000000000000000000000
000000000000000000000000000000000000000000000000000000000000000000000000000000000000000000000000
111111110001111011111101001110001111111010110100000000011110001100000010100000001111111110011100
000000000000000000000000000000000000000000110101111111110011111111111111111011001111111011111010
000000000000000000000000000000000000000000000000000000000000000000000000000000000000000000000000
000000000000000000000000000000000000000000000000000000000000000000000000000000000000000000000000
000000001001001111111110100110001111111110000010000000100110000000000000100001001111110010111011
000000000000000000000000000000001111111000000101000000000110100000000001101111000000000100010111
000000000000000000000000000000000000000000000000000000000000000000000000000000000000000000000000
000000000000000000000000000000000000000000000000000000000000000000000000000000000000000000000000
111111001000110011111110100011000000000101100011111111101101110011111111111111110000000110100100
000000000000000000000000000000000000000101011110111111111010110000000000011010100000001001111001
000000000000000000000000000000000000000000000000000000000000000000000000000000000000000000000000
000000000000000000000000000000000000000000000000000000000000000000000000000000000000000000000000
111111111010111011111110010101100000000000110001000000100001100000000000110001011111110101100101
000000000000000000000000000000001111111010100101111111110110001011111111001010100000000000001110
000000000000000000000000000000000000000000000000000000000000000000000000000000000000000000000000
000000000000000000000000000000000000000000000000000000000000000000000000000000000000000000000000
