111111100110111000000000010000010000000001011001111111110001000111111110111011011111111010100111
000000000000000000000000000000001111111111000011111111101010110011111111100010110000000110100101
000000000000000000000000000000000000000000000000000000000000000000000000000000000000000000000000
000000000000000000000000000000000000000000000000000000000000000000000000000000000000000000000000
000000001111101000000000101110000000000001110000000000001100000000000000001101000000000011101000
000000000000000000000000000000000000000001010101111111011011001000000001000001011111111001010101
000000000000000000000000000000000000000000000000000000000000000000000000000000000000000000000000
000000000000000000000000000000000000000000000000000000000000000000000000000000000000000000000000
111111111010010100000000000011001111111101011101000000010111001000000001100000000000000101101100
000000000000000000000000000000000000000101111110000000001010000100000001000011101111111100011010
000000000000000000000000000000000000000000000000000000000000000000000000000000000000000000000000
000000000000000000000000000000000000000000000000000000000000000000000000000000000000000000000000
111111111110010100000001000000001111111011000111111111110011100011111111010101101111111110000100
000000000000000000000000000000000000001010001010000000000100101011111111000111000000000011010110
000000000000000000000000000000000000000000000000000000000000000000000000000000000000000000000000
000000000000000000000000000000000000000000000000000000000000000000000000000000000000000000000000
000000000111101111111110111000100000000111000101000000011111001000000000100011011111111011100010
000000000000000000000000000000000000001000101110000000001010110100000001101111101111111110110101
000000000000000000000000000000000000000000000000000000000000000000000000000000000000000000000000
000000000000000000000000000000000000000000000000000000000000000000000000000000000000000000000000
000000001100101100000000001000000000000001000110111111100100101111111111100110001111111111110111
000000000000000000000000000000000000000010010100000000001001110011111111110010011111110110000101
000000000000000000000000000000000000000000000000000000000000000000000000000000000000000000000000
000000000000000000000000000000000000000000000000000000000000000000000000000000000000000000000000
111111111001010011111111101000010000000110000110111111011010100111111111100101010000000101010100
000000000000000000000000000000001111111000100011111111110111100111111111010100110000000100100100
000000000000000000000000000000000000000000000000000000000000000000000000000000000000000000000000
000000000000000000000000000000000000000000000000000000000000000000000000000000000000000000000000
000000001011010111111110010110100000000001101011000000101011110100000001111100110000000010101011
000000000000000000000000000000001111111001001101111111100000001111111110010000000000001001010101
000000000000000000000000000000000000000000000000000000000000000000000000000000000000000000000000
000000000000000000000000000000000000000000000000000000000000000000000000000000000000000000000000
111111110001000011111111100000011111111101100110000000000000001111111110011001000000000000011011
000000000000000000000000000000000000000111000101111111110001001011111111010101100000000010101001
000000000000000000000000000000000000000000000000000000000000000000000000000000000000000000000000
000000000000000000000000000000000000000000000000000000000000000000000000000000000000000000000000
000000001100101100000000101110010000000001101101111111101110010100000001000000001111111010001011
000000000000000000000000000000001111111100101111111111110111000100000000011110100000000111101100
000000000000000000000000000000000000000000000000000000000000000000000000000000000000000000000000
000000000000000000000000000000000000000000000000000000000000000000000000000000000000000000000000
111111110000110000000001001111001111111110000011000000010101111011111111010110001111111001110110
000000000000000000000000000000000000000101100100000000011100100011111111010110001111110111110111
000000000000000000000000000000000000000000000000000000000000000000000000000000000000000000000000
000000000000000000000000000000000000000000000000000000000000000000000000000000000000000000000000
111111100111100000000000101011110000000001101101000000000000001100000001100011100000000011100010
000000000000000000000000000000001111111000010000111111110100010111111101100001110000000011010111
000000000000000000000000000000000000000000000000000000000000000000000000000000000000000000000000
000000000000000000000000000000000000000000000000000000000000000000000000000000000000000000000000
111111111101001100000000110001000000000100001100111111100100010111111111111100101111110111011000
000000000000000000000000000000001111111111101010111111110000110000000000110001100000000001010001
000000000000000000000000000000000000000000000000000000000000000000000000000000000000000000000000
000000000000000000000000000000000000000000000000000000000000000000000000000000000000000000000000
000000011110101111111110100110001111111001011010111111101100010011111101111111111111110111001001
000000000000000000000000000000000000001001011011000000010011100100000000111111000000000011001101
000000000000000000000000000000000000000000000000000000000000000000000000000000000000000000000000
000000000000000000000000000000000000000000000000000000000000000000000000000000000000000000000000
000000010111101100000000010100011111111100110011000000010101100100000000001101001111111111001111
000000000000000000000000000000001111111110011110111111110011011100000011001001010000000101010000
000000000000000000000000000000000000000000000000000000000000000000000000000000000000000000000000
000000000000000000000000000000000000000000000000000000000000000000000000000000000000000000000000
000000001010011011111111001001001111111010000001000000010111001000000000110111111111111010000111
000000000000000000000000000000000000000111110100000000000001110100000000101110110000000011110001
000000000000000000000000000000000000000000000000000000000000000000000000000000000000000000000000
000000000000000000000000000000000000000000000000000000000000000000000000000000000000000000000000
000000011101001100000001111010111111111000011111111111111100111011111110001101110000000000110010
000000000000000000000000000000000000000010000001000000000011110111111111101100000000000010101110
000000000000000000000000000000000000000000000000000000000000000000000000000000000000000000000000
000000000000000000000000000000000000000000000000000000000000000000000000000000000000000000000000
000000001111101000000000011111101111111101111100000000001101101000000001000010101111111100001001
000000000000000000000000000000000000000011010101000000001100110100000001111000101111111110000100
000000000000000000000000000000000000000000000000000000000000000000000000000000000000000000000000
000000000000000000000000000000000000000000000000000000000000000000000000000000000000000000000000
111111111110000000000001010101010000000100110101000000000010011100000000001000010000000001101110
000000000000000000000000000000001111111110001111111111111001111000000001101010101111111100001101
000000000000000000000000000000000000000000000000000000000000000000000000000000000000000000000000
000000000000000000000000000000000000000000000000000000000000000000000000000000000000000000000000
111111111111001000000000110101100000000110101010111111111110010100000000111001111111111101110010
000000000000000000000000000000000000000100000100000000010110000011111111101101000000000100111000
000000000000000000000000000000000000000000000000000000000000000000000000000000000000000000000000
000000000000000000000000000000000000000000000000000000000000000000000000000000000000000000000000
000000011100010011111110111111000000000110110011000000010001111000000001011111100000000000110001
000000000000000000000000000000001111111000011111111111110000010011111110001001011111111111100000
000000000000000000000000000000000000000000000000000000000000000000000000000000000000000000000000
000000000000000000000000000000000000000000000000000000000000000000000000000000000000000000000000
111111110111101011111110011110010000001000010011000000001011001000000001000010000000000010101100
000000000000000000000000000000001111111110001110000000010100100011111111001010111111111001010110
000000000000000000000000000000000000000000000000000000000000000000000000000000000000000000000000
000000000000000000000000000000000000000000000000000000000000000000000000000000000000000000000000
111111011101100100000000010110001111111111000001111111110100011000000001100101010000000101001001
000000000000000000000000000000001111111010100110000000011011011000000000100111101111111011011100
000000000000000000000000000000000000000000000000000000000000000000000000000000000000000000000000
000000000000000000000000000000000000000000000000000000000000000000000000000000000000000000000000
000000000100011011111111001010010000000010001111000000000010001100000000111111011111111111001011
000000000000000000000000000000001111111111101100000000001100010000000001110111000000000010011011
000000000000000000000000000000000000000000000000000000000000000000000000000000000000000000000000
000000000000000000000000000000000000000000000000000000000000000000000000000000000000000000000000
