111111110110011100000000010100011111111100110100111111110011010000000001010000011111111101000100
000000000000000000000000000000000000000010011100111111010010000100000001000111110000000001001000
000000000000000000000000000000000000000000000000000000000000000000000000000000000000000000000000
000000000000000000000000000000000000000000000000000000000000000000000000000000000000000000000000
111111111101111000000000000111111111111111111111000000000110010000000001011001101111111110110011
000000000000000000000000000000000000001010110111111111101001000000000001000011011111111011101100
000000000000000000000000000000000000000000000000000000000000000000000000000000000000000000000000
000000000000000000000000000000000000000000000000000000000000000000000000000000000000000000000000
000000000010100100000010100010010000001011011100000000000101101111111111001011010000000010000111
000000000000000000000000000000001111111110010101111111111101111000000000011001111111111100010111
000000000000000000000000000000000000000000000000000000000000000000000000000000000000000000000000
000000000000000000000000000000000000000000000000000000000000000000000000000000000000000000000000
000000001110100011111111011111111111111111001001111111010011001100000010011100101111111010010100
000000000000000000000000000000000000000110100100000000100001000100000001001011110000000101000001
000000000000000000000000000000000000000000000000000000000000000000000000000000000000000000000000
000000000000000000000000000000000000000000000000000000000000000000000000000000000000000000000000
111111110011101111111110110100110000000100001101000000010110001100000000001111011111111101111101
000000000000000000000000000000000000001011100000000000001110010000000001101011110000000100011000
000000000000000000000000000000000000000000000000000000000000000000000000000000000000000000000000
000000000000000000000000000000000000000000000000000000000000000000000000000000000000000000000000
111111111101000100000000010111011111111001110011111111111110111111111111111011101111111101110000
000000000000000000000000000000001111111111001110000000100100110111111111010001010000000110011010
000000000000000000000000000000000000000000000000000000000000000000000000000000000000000000000000
000000000000000000000000000000000000000000000000000000000000000000000000000000000000000000000000
111111110011100111111101001010100000001010010011111111110010001011111111101011011111111101110001
000000000000000000000000000000000000000101110100000000010100010000000001000101000000001011001100
000000000000000000000000000000000000000000000000000000000000000000000000000000000000000000000000
000000000000000000000000000000000000000000000000000000000000000000000000000000000000000000000000
111111110011001100000000000000010000000001011010111111101101010100000001011001010000000001010010
000000000000000000000000000000001111110101001110000000000011010111111110011001110000000111001001
000000000000000000000000000000000000000000000000000000000000000000000000000000000000000000000000
000000000000000000000000000000000000000000000000000000000000000000000000000000000000000000000000
000000100111110000000001111111100000000100001100111111100011000111111101100110001111110111000100
000000000000000000000000000000000000000011101100111111101101011011111111001011000000000110000011
000000000000000000000000000000000000000000000000000000000000000000000000000000000000000000000000
000000000000000000000000000000000000000000000000000000000000000000000000000000000000000000000000
111111110000001011111111110101000000000101000100111111101111000011111110110011111111110101010010
000000000000000000000000000000000000000100011011000000111111000111111111010000100000000101011100
000000000000000000000000000000000000000000000000000000000000000000000000000000000000000000000000
000000000000000000000000000000000000000000000000000000000000000000000000000000000000000000000000
111111111011001100000000001110110000000000100101111111111010001011111111111001011111111100010001
000000000000000000000000000000001111111111111100000000101111000011111101101101011111111101111100
000000000000000000000000000000000000000000000000000000000000000000000000000000000000000000000000
000000000000000000000000000000000000000000000000000000000000000000000000000000000000000000000000
111111011101010100000011001100001111111001111011111111111000000100000001001010101111111111010011
000000000000000000000000000000000000000110110111000000001000001000000000000000001111111111011010
000000000000000000000000000000000000000000000000000000000000000000000000000000000000000000000000
000000000000000000000000000000000000000000000000000000000000000000000000000000000000000000000000
111111101011111111111111010110011111110111101101000000000101000100000010000000100000000010000011
000000000000000000000000000000000000001100001011111111110101100111111111000000001111111111001000
000000000000000000000000000000000000000000000000000000000000000000000000000000000000000000000000
000000000000000000000000000000000000000000000000000000000000000000000000000000000000000000000000
111111010011110011111101111001000000000111001110111111110101100111111111110100110000000101011110
000000000000000000000000000000000000000001110010111111110001010100000000001100111111111011100110
000000000000000000000000000000000000000000000000000000000000000000000000000000000000000000000000
000000000000000000000000000000000000000000000000000000000000000000000000000000000000000000000000
111111111101011100000001101110111111111110100101111111101001010000000001111010110000000001001101
000000000000000000000000000000000000000110101111000000010101001011111101111001100000001001111011
000000000000000000000000000000000000000000000000000000000000000000000000000000000000000000000000
000000000000000000000000000000000000000000000000000000000000000000000000000000000000000000000000
111111111011100100000000111000100000000010011001111111101101101100000010000000101111110111001110
000000000000000000000000000000000000000000101011111111010011011111111111111011010000000001110111
000000000000000000000000000000000000000000000000000000000000000000000000000000000000000000000000
000000000000000000000000000000000000000000000000000000000000000000000000000000000000000000000000
000000000011010111111111000011111111111010101001000000011101101011111111101101101111111001110111
000000000000000000000000000000001111111110110111000000010010001100000000100101110000000010110000
000000000000000000000000000000000000000000000000000000000000000000000000000000000000000000000000
000000000000000000000000000000000000000000000000000000000000000000000000000000000000000000000000
000000000000011111111111111110011111111111001001000000000000101100000000100100111111111010001001
000000000000000000000000000000000000000011101000111111111001111000000010000010101111111110110101
000000000000000000000000000000000000000000000000000000000000000000000000000000000000000000000000
000000000000000000000000000000000000000000000000000000000000000000000000000000000000000000000000
111111111001000100000001001010010000000001010111000000101100101111111101110100100000000101101101
000000000000000000000000000000000000000110010111111111110111001000000001000100011111110100000011
000000000000000000000000000000000000000000000000000000000000000000000000000000000000000000000000
000000000000000000000000000000000000000000000000000000000000000000000000000000000000000000000000
111111111111111000000001100101011111111111001011000000100011010111111110101011011111111100010000
000000000000000000000000000000001111111100010111000000010100110111111110111000000000000000000011
000000000000000000000000000000000000000000000000000000000000000000000000000000000000000000000000
000000000000000000000000000000000000000000000000000000000000000000000000000000000000000000000000
111111011101010000000001011101010000000001001100111111111110001000000001010000110000001000110000
000000000000000000000000000000001111111010100100111111110001100100000000101110011111111010000100
000000000000000000000000000000000000000000000000000000000000000000000000000000000000000000000000
000000000000000000000000000000000000000000000000000000000000000000000000000000000000000000000000
111111111011111111111110101111010000000111010110000000100000111000000001000000011111111100010010
000000000000000000000000000000001111111011100111000000000101100111111101110000111111111011100001
000000000000000000000000000000000000000000000000000000000000000000000000000000000000000000000000
000000000000000000000000000000000000000000000000000000000000000000000000000000000000000000000000
111111110010011100000000001111110000000100110011111111011011111111111111011001011111111101100111
000000000000000000000000000000001111111010101111000000011100001000000010111000100000000001111011
000000000000000000000000000000000000000000000000000000000000000000000000000000000000000000000000
000000000000000000000000000000000000000000000000000000000000000000000000000000000000000000000000
111111110011111111111110010001111111111110010010000000000111111000000010000110101111110011111110
000000000000000000000000000000001111111100111001111111111110001100000001001001101111111001011001
000000000000000000000000000000000000000000000000000000000000000000000000000000000000000000000000
000000000000000000000000000000000000000000000000000000000000000000000000000000000000000000000000
