111111010101011011111111101111000000000110010101000000001011011000000000011001000000000001011111
000000000000000000000000000000000000000001100111111111100111000111111110001010110000000111101001
000000000000000000000000000000000000000000000000000000000000000000000000000000000000000000000000
000000000000000000000000000000000000000000000000000000000000000000000000000000000000000000000000
000000011000101111111110110000010000000101011101111111011111001100000001111100010000000101010110
000000000000000000000000000000001111111111110110000000000010000100000000000011001111111111000000
000000000000000000000000000000000000000000000000000000000000000000000000000000000000000000000000
000000000000000000000000000000000000000000000000000000000000000000000000000000000000000000000000
111111100100000000000000011100011111110110100110000000001111101111111110100101110000000000101010
000000000000000000000000000000000000000101001110111111101101111100000001101011100000000011110111
000000000000000000000000000000000000000000000000000000000000000000000000000000000000000000000000
000000000000000000000000000000000000000000000000000000000000000000000000000000000000000000000000
000000010111100011111110111111001111111111010100111111111000010000000000100111001111111101000010
000000000000000000000000000000001111111111111111000000100101000100000000011001100000000010111101
000000000000000000000000000000000000000000000000000000000000000000000000000000000000000000000000
000000000000000000000000000000000000000000000000000000000000000000000000000000000000000000000000
000000001001101111111111000100011111111011000001000000001100100111111111110100101111111111100001
000000000000000000000000000000001111111100001111000000001000001011111110111101011111111110111011
000000000000000000000000000000000000000000000000000000000000000000000000000000000000000000000000
000000000000000000000000000000000000000000000000000000000000000000000000000000000000000000000000
000000011001010111111111111000001111111100001101111111111111010100000001001001110000000001101010
000000000000000000000000000000000000000110010100000000010001100111111111110101110000000100110100
000000000000000000000000000000000000000000000000000000000000000000000000000000000000000000000000
000000000000000000000000000000000000000000000000000000000000000000000000000000000000000000000000
111111110101111011111110000011000000000000000100111111111101010000000001010001101111111010001001
000000000000000000000000000000001111111110101101000000001100100111111101110100110000000000101000
000000000000000000000000000000000000000000000000000000000000000000000000000000000000000000000000
000000000000000000000000000000000000000000000000000000000000000000000000000000000000000000000000
000000000000010011111110110011101111111001000010111111101111100000000000010000100000001001001000
000000000000000000000000000000000000000001110111111111101010100011111111010101010000000110001010
000000000000000000000000000000000000000000000000000000000000000000000000000000000000000000000000
000000000000000000000000000000000000000000000000000000000000000000000000000000000000000000000000
111111100110100100000001101010011111111101011011000000010100010000000000111000001111111110001110
000000000000000000000000000000000000000000000001111111111110100011111111011111111111111110100110
000000000000000000000000000000000000000000000000000000000000000000000000000000000000000000000000
000000000000000000000000000000000000000000000000000000000000000000000000000000000000000000000000
111111111110000111111110101111100000001010101100111111100011101000000001101101111111111110011110
000000000000000000000000000000000000000110000100111111010100111000000011000010100000000011100000
000000000000000000000000000000000000000000000000000000000000000000000000000000000000000000000000
000000000000000000000000000000000000000000000000000000000000000000000000000000000000000000000000
000000010110101100000001111111101111111001011001111111100111000000000000101111010000000010111100
000000000000000000000000000000001111111011000101111111110010000111111111100010010000000101000010
000000000000000000000000000000000000000000000000000000000000000000000000000000000000000000000000
000000000000000000000000000000000000000000000000000000000000000000000000000000000000000000000000
111111100001110011111111011000001111111100111101000000101011101000000000111010111111111011011010
000000000000000000000000000000001111111111011010000000110100100011111111000010110000000111000010
000000000000000000000000000000000000000000000000000000000000000000000000000000000000000000000000
000000000000000000000000000000000000000000000000000000000000000000000000000000000000000000000000
000000000111010000000000010110010000000010100111111111110100001111111111000011110000000110110100
000000000000000000000000000000001111111011101001111111110110110011111111011110010000000101010101
000000000000000000000000000000000000000000000000000000000000000000000000000000000000000000000000
000000000000000000000000000000000000000000000000000000000000000000000000000000000000000000000000
111111111000011000000000000011101111111011111010000000101110101000000001101010111111111010011110
000000000000000000000000000000000000000101010011000000001110000011111111110001111111111111000101
000000000000000000000000000000000000000000000000000000000000000000000000000000000000000000000000
000000000000000000000000000000000000000000000000000000000000000000000000000000000000000000000000
000000101101110011111111111000010000000001011100111111111010010111111100101110101111111111111110
000000000000000000000000000000000000000001010011111111110100111000000001010100101111111010110100
000000000000000000000000000000000000000000000000000000000000000000000000000000000000000000000000
000000000000000000000000000000000000000000000000000000000000000000000000000000000000000000000000
000000001110100100000001000000101111111010101001000000011010100111111111101100001111111100111001
000000000000000000000000000000001111111101111101111111111010110000000011100001101111111001011011
000000000000000000000000000000000000000000000000000000000000000000000000000000000000000000000000
000000000000000000000000000000000000000000000000000000000000000000000000000000000000000000000000
000000010111111000000001111001001111111000001100000000010101001011111111000001000000000110011001
000000000000000000000000000000001111111000110000111111100100110111111110110110110000000001110101
000000000000000000000000000000000000000000000000000000000000000000000000000000000000000000000000
000000000000000000000000000000000000000000000000000000000000000000000000000000000000000000000000
000000001010110111111111010010011111111111100101111111100100111100000001001010101111111001110101
000000000000000000000000000000001111111101101101000000000010111000000000111110001111110110110101
000000000000000000000000000000000000000000000000000000000000000000000000000000000000000000000000
000000000000000000000000000000000000000000000000000000000000000000000000000000000000000000000000
111111111010101111111111100010111111111101000110000000001001101111111111110110101111110110100010
000000000000000000000000000000001111111110110001111111110111011000000001001110010000001000110000
000000000000000000000000000000000000000000000000000000000000000000000000000000000000000000000000
000000000000000000000000000000000000000000000000000000000000000000000000000000000000000000000000
111111001101011000000001011101101111111010000110000000001001010011111111000010101111111101111110
000000000000000000000000000000001111111101101010000000010100100000000001100011111111111011011010
000000000000000000000000000000000000000000000000000000000000000000000000000000000000000000000000
000000000000000000000000000000000000000000000000000000000000000000000000000000000000000000000000
000000011001111111111101110010000000001001001011000000000001001011111111011111000000000010001100
000000000000000000000000000000001111111111100001111111110100111000000000001110111111111101010010
000000000000000000000000000000000000000000000000000000000000000000000000000000000000000000000000
000000000000000000000000000000000000000000000000000000000000000000000000000000000000000000000000
111111110010101100000001011001011111110100101111000000101001111000000001010111101111111111000101
000000000000000000000000000000000000000001011100000000001110000000000001000110100000000001010111
000000000000000000000000000000000000000000000000000000000000000000000000000000000000000000000000
000000000000000000000000000000000000000000000000000000000000000000000000000000000000000000000000
000000000010100000000001001110001111111111000111111111111011011111111110011001000000001000101001
000000000000000000000000000000001111111011001100111111111110000000000000000110001111111110111111
000000000000000000000000000000000000000000000000000000000000000000000000000000000000000000000000
000000000000000000000000000000000000000000000000000000000000000000000000000000000000000000000000
000000010100111111111111110110011111111111010000000000011110101100000001010001001111110100101100
000000000000000000000000000000000000000011001110111111111100000011111111100000011111111110001101
000000000000000000000000000000000000000000000000000000000000000000000000000000000000000000000000
000000000000000000000000000000000000000000000000000000000000000000000000000000000000000000000000
