111111001101000000111011010111010000111011101111011011111101111010101000000110001110001101000100011010001110
000011011010010011000010011011111001111110111100111111111010111110011111000111010010110101000000000011000001
000101000010011000111011100100110100111111001011101000111010010001110100000001010100111001000101010110011111
000011011100101100110111101110101001111101100111111101111110000100101101111000101011111111111100111001110100
000011000111110000111000010000100101000011110000110111111101001100010010111000000110011111111000010001101111
111110010001011000000001111000101010111110010100101000000010101111001110000001011101111011000101000110101001
000001011111001010111001010110111101111011010011001010000101010011001011000011000001100101111100101111110000
111011101110001110000101111111111101000011000111100100000100101011101000111101000000111110000001101001010001
000000100100101001111101001100011000000001100000011000111011101100010001000101111001011111111111001111101101
110111101001011101111011000010010011000000010010110010111001001110011100111000001110001010111001011010001101
000111111000110001000001000000111010000011100001011101111101010011000111111111010011000100000111101110101110
000111001001101100111110111100101111000011100010110011000000110101111000111010010101100001111100100100111010
000000101110101010111011100011010110111110000010100110000100001011011000111001101011100110111110011111001010
000000001111100000000011100000100111000000010011111101111100001101001010111101000000010100000110000100010111
000100001111001100000111000101000110000000111001110010000101110101100101111000110011111010111100000111100100
111100001001101110111000101101100010111010111011111100111111100101111011000111000000111000111110010101111111
111101101100010010000010000101001010000001110100101100000001110000011110000011000111101011000011111110000101
111111000011100011000101001111011101111001111110010010111111110011011101111110001111011100000111110010111010
000100100100111010000100101000001101111110100011011100111000111100001000111000000110011001000001111100011011
000001110101010110000100100000010111111010100001011011111000001001001010000100011001010111000100010000111110
000100011111011000000010111001000100000011001001100111111011110011010110000011101011001011111100001101001000
000010100101111100000111001100010001000110000100100011111110111010111100111000111000101001111010011110011100
111011101010111001000111000010000111111111111101000010000110100000100111111011100011000110111011110101100011
111011101111010111111001110011111111000110001111101111111010111011010010111000011101010110000011000110011111
