111111011110010111111010110101001010000111011001100100111101111000101010000001111101111111000101001000110000
000000110110101101000100010111101100111110111000110111000111101000011100111011010110010000111110011011011100
000101111000000000111000001011111100000101110000110110111001001111011100000100111001001111000000011110001111
000010011000101000000001000011100001001000000000100011000000010011001110111101000101000000111111101111100110
000110101101100010000101000000101100000011111111111101000011001111110010111101010001001001111001111000000011
000100001010110111111111010010001010000010011001101111111100010011000101000100101110101011000001110110111110
000100011110111110000110000111101001000100100001000001000011001111110110111100110001011011111100010110011110
111011101010011000000110010101001111111110111010101101000001011001011100000011010101001100111001000110101000
000011010111101010111011101000001011000100010001010100111100001111100111000101111011100011111110110011101000
110111110011010100111000110110101110111110110001111001111010101010000101111110001010011110111011000000011000
000010111100001100000011110100010101000011101010010001000001000001000000111011001010010110111010111011101001
000000010010011101000000010101000101000001011111010001111000001001000101000011100011101100111011101011001000
111100010010011100111100010011000101111101000110110101000110110100101011001000010001111111000000000001000001
000101000001111101111100110101011010000011100110010010111000010010000000000111010000000010000110011101010000
111010011011010000000000111101111110000100101100111100111111011000110011110111101001101100111100101100010001
000011001110000111111000110100000111111101111111100010111111111100000000111100100001001000111011110111011001
000010111110111100111101101000101101000101101010010111111110100010111001000110101011010000000100010110110010
000100101011001101000011010001101000111110010010101010111010000000000001111111111011100001000101110111111011
110111101110100110111111101101101001110111101110010111000010011110100110000111001111101100111111100111100100
000111000000111111111010111111001000000011010111011001111000000110100010111011000100101101000100000101110001
111010100111110100000100101101000011000000001000010011000011001011000010000011101111111101000000110101000001
111000001000011110111111101100111111111000010010011110111110011101010111111101010001001101111010010011101010
111000000010101001000000101011011000000001001111100010111100011011101001000111001111000100111001011101001000
000101111101000000000101001011111011111011100000010110110111110011011001000001100111000010001000001101111101
