111000100110111111000111110101110110111010010000110001111100101111110010111100001011011011111100000111011001
000111111101000110110111110100011100111110101000110110000001100001010011000011101110000011000110000010100011
000101000000100100111100001100101010000111100101011111000110010000000110000101111011010100111001100111101100
000101001010101000111100010111110001000110111001101010000000011101111110000101000110010111000111011111101011
111011011111111010111000010001000011111110101101011100111001101110001111111000001111101100000110000110001010
000111100001001110000010101111100101000000101000111101000000101000110110111110101011100100000101100010000010
000000110111010001000010101001011110111011111100001101111111000000110011000110110011100000111001000110011111
000001001011110100111000000111111010111101010010010001111101001100011111000000111001010001111010000110011001
000100001000000111000111100100100100000010100010000111111111010110111010000010011100100101111110111101000010
000001110111010110111101001111010100111101111000011000111011110001101100000000010001101001000010101101001100
111100000111111010111110011010000111000010011010110000111110111100111110000101000111110000111101011010000100
111111110010010110111100000011010110111001010111010110111101011001110101111111111011110101111010010111011011
111110010111010111111111110101011010111001001110110011111010001000110010111010100010100010000000101000010111
111001010000000001000101100010110101000111011100011011111101011101110010111000010001111110111110010110110100
111010000011001011000100100101111010001000010010101111000111100010001111110111111101110010111101011011000001
000101111011001111000010110110111110111111001010011010000011100101110011110111111001001011000111110010000001
111010111101000010000011111110001110111110101101001001111100011011011110000111111101101111000001010101001100
000110100001100001000101100001001110111111111101010000111101010100001000111011000011001001000110000010110011
000100010101101001000100011011011000111010011011010111000101111000111001001000000001000000111110010110000011
000000111101000010111011000011001011111001000110001110111110100000100111000010110001101111000100001011100000
000010111110110001000001000010101000111001011110101010111111100100100011000111010110110001000010101011000100
111101000111110001000010101101111100000011001001101011000010110101101100111101000111000000000010011011101111
000011000100110100111111000010010000000001101100101110111000110010111010111000100011111000111101100110110011
000111001010100010111010110101011111111011100000110111111111110011110100111011111110001010111110010101000011
