000100110011110100111001011111100110111010111100110110111111111011111010111001010101000001111011010011100111
000010110111100101111101101000011011000101001101111100111001100001000001111101111110001111111100101000000101
111100011110001001000000101001110010000101111111101100000110011101100001000101010001100001000110011010110010
111001101100100010000001001111111100111111000111100001111101100000110000111011100100010010000000000000100011
111111100110000111111011101000001011111010010100110100000011000111000101000110001001010011111110011111111000
000011011111111111000110010111010101000101110101010101000001111011001101000110011011011000111101101010001001
000010001111001001000110001011011011000010101000101000111111000010101001000101011010110001111110100111101011
000101000111001101111010001101010110000000101111000110111001101001001111000001011010010110000100010100101011
000101000000100110111110011011111001000000010101000000000010100010011111000001010011000110000011000110111111
000010110110101101000000111110000101111100011000000111111100011100101000111010101111001110111001011110100000
000110100111100110000100011010110010000000110001011101000010001111011001000100111011100100000101110010011001
000110011101100011111010100101011001111101010111000110111001110100111011111011111101001100000010101010011010
111001011000010010111110111100100000111011111111111110000110100111010011000011001010100010000001011111000101
111011101011010101111110100111000001111010011000100001111111110101110000111100100001011010000011101100110111
000001000110010010000101011110001010111101110001011111000011001010010000000110000111111100111111101010100000
111110001101110111111010001011111000111101101110110101000100001010011101111001101010111011111010111100110100
111111001011000100000010000110110011111011100100110101111010011110100101000100000100011001000101010110101010
000001111001000011000101010111101001111010111010110110000010000111100001111110111001110111111100100100001101
111111101000000110111100100100100101000011110000110011000001001101010111111110100101001101000011110100100100
111101011101101001111100000010110011111100110110000000000001101111010001000101010111001110111010101110100000
000110010010001110000000100110001011111110001010110111000100001001001010111101001111111010111101100011011100
111101001110100100000110100011011100000110100001001110111010110000110101000101101101100010111101000101011001
000110100110001110000011110010111011000100001101000111111011000000101110111110101000000101000110000100100001
000011101011000111111110111110111001111100000011100111000110011001001010000001100001000011111011110011010000
000011111000101001000001000101010000000010100101101110111111100101111011000000011001111000000000110011001110
000101001111010011000011110001001010000010011000010001111110101011010010111110101000010100111111100101111111
000110001000101010111110100110001001111011110010010101111101110110100110111110010010000101000011111001011001
111011111001010100000001101010100001111111011110010011111010100010111001000001010000010010000001111000101001
000101010111000110000010100000011110000010100110010110000000101101100111000001000000011011111010011111110000
000000100100101100000101000100010101111100100011010110111001111111001001111011101010110110111010111110111100
111010000101001011111010001011000111111001110111000010000110101000010011000101000011101010000011001000110101
111010010001000011111010111111100011000100001110100110111100000100001000000110100101101010111100110011000110
000100101010110101000010101101110000111101001101000001000010101101011100000110010101011000000011110111010000
000101001111111010111101010111111101000011010011010111000110100011111011111001100011100101111110011010110011
000001100010101011111011111001001111000000111110110101000011001110010011111010111110101100111100110100011110
000101010000101101111011000111001110000100001010010010111110010111110011000110000110100110111101110001110101
000010010011110110111001110001011111000100101110001010000001001001010110111011101111001101111101100101011010
111001111110001011000110101001101011111010011111011010111111101000100011111100011101011111111110000000100010
111100011101110100000101111011100010111001111111010000111010100000110010000001110101101011000000011001000101
000100111000110001111111101000000100111111110000001100111110000000110011111101011111011010111101011110011110
000100100000000110111101101010100010111011011010001101000010110111101000111101000101010010111011000011011110
000100000111100011000100010100100001000101001110110000000010100001100100111110100011011110000101000010010110
111111011000010000000000101010101011111101010000011100111011001011011101111011000011001100000100111001111101
000011010000010010111100100100010110111101010001000100111111011110111000000011000011110101111110100000111101
000001010010000111111110010111001001000101111111001001111101110010010000000100101011000010111100010110111010
111100011001010111111101101010101110000000011101111110000100010011111101111110001111011010000000010000111001
000100001001101110111100000010011101000010010100011011111111101111010011111001110110100000000001101001111010
111011000011101011000110001010000010000001100001101111111010100101110011000001010101000001111111100010011110
111100100111111111000011001100011101111100010011001110111100111010011010000100110000010011000000010011000001
000011101101101101111010010000111100111010101001110101000011100010111000000011111110101100111111101001001010
111010100000101010000001111010100110000101110000000101000101101110010110111111011000111110000011110011010001
000110101001011101111100100110011000000101101011000010000000010010101000111011101111111010111110010001110011
000110101001111011111001011110110101111110101011110001000010110111011100111101101111001101000001001001110101
111100110110011011111011101101110010111110101110111100000010010001111101000110100010000000000000110000100100
000110010100011011000101000100011101111100011000111010000011100000000001000011101110001011000011101101001101
111001110011100110000100100000010001111111011101001000111001110010000101111110111000100111111010101101100110
111111010111101000111101011100111000000001101111101100111100000000111110000001001101100110000101011010000000
111001111110101011111110110100001101000100101011000011000100011010001011111011010000101100000100010101010111
111100011011001010000100001010011010000011001011111001111111111010111101111010001010001000000001010110001010
111100110100000111111010101010010010111011011100001011111101010010001111111011110011101101111110110010010101
000001111110100101000001100110101101000000111111001011000100000111001000000001100001110010000001110110000010
111111100111111111000010110001001101111111100010110000111100011000101000111010110011101010000011011001100011
000110000110111110111100010001100101000000110101000011111101000110011000000001000000001001000100000100110010
000100000110101001000101011000000101000000110000010101000100011111110000000110100000010001111011011011000100
111011110010001101111010110110011001000010001001001001111010011101110101000000001101000011000110100110000001
111111001011111101000101010011110110111100000011011110111011111110111111111001110100101010111110010001011100
000100100010000110111100010111100101000000110010000000111001101011001001111101011110100000111101010111100111
111001110111001110111011100010001111111100010000001101111001101100100111000100011101001011000011010000000110
111111110011111001111110111001100011000001011011101001111111100010111111000100011011101101111010011000001010
111010000101100011111010100110111011000100001001110111111101000111011010000101100111001010000000110100110001
000100101011010111000101101000010011000110100000011010000011100100110100111001111001100100111010001100010111
000101111111001000111101110000101000111010101111011110000000011110111110000110000010000110111011111101110100
000001000111110110000001000000011110111101101111011001111111100001000011000100010010111110111100110000101011
000101110110000001000000000100111010111110111010110000111010010110111111111001111110101101000100101111110000
111100110010110010111011001001011001111011110101111010111110000111100111000101000111010010000101001000001001
000010101111101011111100110011011011000010000010010111111100001111001100000000101000011000111011101001110010
000001101000100011000011011010100010111111100010100011111010101000101111111001111011010111000000010110100010
111011000101111110000001111100010110000000001000000001111110101000011001000101011101010011000110011111001111
111010000100011010111101101001000110111100111001100100000011111110010111000101001000000010000110011110111010
000000001000011000111011111111101101000010000111000111111101000101000001000011110001100111111001011010001000
000000111000000110000001010110001001000101011001000010111100100001011001000101000111011010000011101110100111
111100011001100111000001100001100110111110100001000000000000100011010110000101110010000100000000100011110101
111101101100010111000001111101111010111101001011000110111100000101101111111110101110001010000001011101101101
111010011011101000111111101001010101000001100110111110111100010100101000111101010010010110000110011000011000
111101011011000000000100101111110111111001110000011111111010101111100100000110000011010101000110001101011100
111111001001101101000100111100111101111110000110111000111010101001011100000110000101101100000000011101110010
111100110000110011111010000011111000111110000110000011111110100000111110000110101011010001000011110010001010
000101111000011100000000010011111100000000101110101101000011010001011111111111010011001101111101001111100010
000100110110101010000110101010100110111100110010111010000000101001011101000000010011100110111011110000001010
000101010110011010111001100110001111111101111010000110111011011011001001000010101110111001000100111011101101
000101110010101100000110100100110101000110010000000110111110100110000010111111010010011110111111100011001001
111101101110001010000101100000110111000000001110011010000100010101001100111001111101011110000000010000000010
000011001101110010111111001101001010111101011001010000000101110010100100000001011010001010000001110110010010
000110100011111110000101111101110110111111110111100001111111101101000001111011010100010110111100010111001100
111011001111101101111010111011010101111110111001110110111100001011011000000001110110110100111001110111101001
111100100101000010000000000000011100111100001110101001111100100101001001111010001111010001111011011100000010
