000001000010101001111101001001011001111110110111101010001000010010011011111000110111011001000100000010110011
000111111100111101111011101101011100111111100001101011000010100110010110111011010100111100000111000100000000
000011011011000100111100101000100101111011010110011101000010000001000010111010110000111101111011011110111100
111010101111010001111010111101010100111101011110100010000000101010111010000100110101100111111101011011100100
111000110000110000111111011100011111111100110010111111111011010010010101000001100000100001111000011100110111
111101101111111100000010001101001110000100000001001010111101101000000000000001111100111100111111100000000000
000101011001101100000101011111000101000101001011001100000000010000100011111101001111101110000111100110110001
000001100001111010000011010011111101000001111111011101000010001101101101111101101101001010000000101101101101
111111000110000110000011111001010100111101101101101011111101111011100001111010110001000111111011000101001111
000100101001110111000101110111111011000001110011011101000110010001101000000100011000100100111011010101010110
111111110101111010000100111000100000000110110111111111000001101010101111111100010010111011111010011111101110
111000101010010011111100010000010110111000110011000011000100101011010110000111001101100001111000111000111100
000101010111010001000110010000111100111101010100100001111001000110100111111101011101000001110111110011110101
000100110101110110000100000100110010000001100110011000000000001001001110000010110100110011000101011100111110
111111110000000100111000001001000011111001110000111101111011101001001111111100100010111101111010011111001111
111110110100001110000110011111100101111011000000011001000111001101101000111011000010101000000010000111001111
111101111111100100000011010011001010111100010011001110000101111010001100000100000000100110000001010011010000
000100000110010110111010001101000101111111101001100001111001100110111100111101001010000110000100001011001000
000011001000000010000101110010111111000000111010010000111111011110110011111000101101110111111011110101101110
000001001011011101111010100000001101000100110100101110111110100110001100111110011000011101110111111111111110
000010101011000101111110000100011011000010101100110001000110110110100110000110001000101011111001100010001001
000110000001001101000100001111110101111110111110011111111010011111110110000110010100100010000011000010010000
000101101010101011000101101011100110111111001100110110000101111010001110000011000000100100000100101101011001
000111010001011011000101110001111100000011110101010110111011110110000111111100010001100101000111001110101110
