000000010000110000111001000000011111110111111111101110000111010101010111000011101111101110111110101011110010
000111000001010111111100100110100110111010101011011010111100101011101001000101100111100111111011110001111101
000110010010110010111010010111010111000111011011111001000011111101100011000011010101000100000100111010100010
000110101000101000000010011000110011000110001000010100111001101100000001111111111101111001000101010000110001
000011011000001110110111110111000111111010011011110111000110111001101011000100001010001000111000000101001010
111111110000111110000010011011110010000111010111100101111100101101010010111000111001000001000001100100110101
000001000101101111000101010010110011111001010110010101000001101001011000111000111111100000111100001000011001
111001000000011010111111101011011100000101011100010010111011101111001010000110011100101010111111010001000010
000111010011011011111101011110101101000100110000101001111101101001101111000000110010001000000110000011101110
111100011100111011000011101010100010000101100000100010000100111001100110111111110101100010000110000101001101
000101010111010111000101110011110111000110011111010011000100001011001110000011111101101110000011111010110111
000010000001000100111101111010111001111111011010110110111000001001010100001000001101001000111000000001000100
000000101101010011111101001001100001111011001011111011111100011011001110111001110100111111111110011110000001
000111101100101010000000101000001001111001110010111011000101111000110101000110011110111101000100100101100101
000111111011000001000001110010111011000011111011010101111000001010001000110111110000100000111100000100010000
000100111011100101000100011100101111000011010110110001111000010110011001000100010101110001000000111111101010
111111011010110011111111100100010000000110001100011000111010001110010001000101101001111100111111110101111010
000010001111011011111110110101111001000100111001010111000110110010001000111010101110010001111100110001011111
111010010101011110000011011011101101110111110110001010111011001011110011111000101100001110000010010011111000
000000010010001001111111110101100111111001110001010101000111111110010111111001011101011111000110100101010010
000011111010111011000100010010010001000000111000010110000110000100000001000111000100010110000000101000010101
000000101010110000000011001100100011111000111111100111000110111101101101000011011011000001111100011101100010
000110100100100100111100000111111100111100011101011011111000110110110011111001001000100100111001010110100010
111010001000001101000010101010010101000011011010100010000000100110111111000001100010010110111011000100110100
