000100011110011010111100110111001111111000100101010110000010101000111000111001111111011010000000010011110110
111110101100101000111010111101111111111111111010101001111100110000100010000010000000001001111010010111110001
111100000001110010000100011000000101000011100100111110111110101010001011000010111100110010000001111010111000
111111100110110101000111001111101100111010001100101100111100110100010101111000010110110101000111011011101110
000100000001100100000010110001010001111001110001001000111010110010100101000010000001110101001000001101011111
111001011011100011111010110001001001111001110010011111111011111000110100111100010100101000000000111111000011
111000101011001111111101111110000100000100110000000010111000110111011101000101100110000000111001111001011110
111101100011110010111100001100110110000011000110010110000010110110101100111101010111001111111110001110001011
111011100010001000000010111100001001000000100001000010111101011110010110111010110000111111111111100000100010
111010100101100110111001110111110000000000111001101011000111100101101001000011110001111100111111000000110100
110111110100000111111111010001100000111100010100000011000010100011100101000000010100000011000010011010000101
000011100101010110111001001100011111000001010001011110111011000010100111000010000001011011111000101000011011
111110001001011101111111111110001011000101111010101000000010001010011010111001111010100011111110100111000001
111001000111001110000000110101111110000000010101100010111110000101100110000000100101111010000000000101010001
000111010001101111111110100010100000000011011110001001000111111001011001000101001111101101000001010000001001
000010110000001111110111110011000101000111001010111111000010000000111101111111100100001000000000101110001000
000010101100000010111001100001110000000100101010111100111101011010101010111010100010111100111010101011101110
000010011010111010111000000011100000111111100110001111000111001101000010111010000001010010000111011101101010
111100011100000100000000011110100111111011111010101010111111010011000011111100010110000010000100011001001100
111110111010010011000010011001100111000010001100011111000110111101010101000111111110011111111100011111110000
000001011011111000111101100011000011111111000001010001111111011010111110000001111101010111000010010011111011
000011100110011101000111101110000010111010110111111001111101000010001000111011000110100110000001110011011101
111100110100001000000001101100011001000111010011000101111101000100011010111010101100110110000110101111001100
111101111101100101000010110100111010000111100111000010000110111100001101000111100110000001111011111000011111
