111000011011111110000111100101011000111110001010011000111101100000001010000100001001111110111110011111000111
111000100100001110111100110001110010111110110101010110000000000100100000111010100111100000000110011111011001
111000101001010100000011110010011111000000000011111000111111100110001001111011100111011010111011111000000011
000111101101111010111011000011000111000000010001010101111000101011010010111100111111100011000111111100011100
111011110111111000000111010000101010000101111111001010000111000101010110111111000111101101000111111001001011
111000110000001110000101111010000011111011001001111111111100010010110111000110111011010010000010110111101010
000001001010110101000100101001110010110111111111111111000011100101110010000101100011001110111000001000111101
000010101100011011000000101011001000111100101001011100000010111010010111111110100111000011111010010101100000
111110010010001110111000110010100010000010010110011011000011100110101010000110110111101101111101001011101010
000101001001111100111001100000100100000101001100000111000101100101000110111010011011101101000101010001010101
000101111101100110000011011001011110000110011101011101111011001001011010111111111001011001111010001101001101
111011000110010010111010010111111001111000000110001011000101101000100101000100100100110101111001010100110100
111011000010011110111101111010001100000100100001001111000100011101000100000011000001010100111001100100100110
111010101100011111000100010011001100111110111111100110000101000010100010000100111110010010111001001100101000
000011011010011001111100010101111010111111110101010001000010111000110111111100101110100001111001111101110101
000000100000100001111111101100100011000000010000000100000100010101011000000100010010111001111100101101100111
000111000100110101111001111110010110000101011100101000000000110111011111111101100000101111111011011100100000
000111110010111111000100001011100011000011111011100100000101010010101100111111000101000111000111110010111011
000010111001011110000000111001100010000110111110100001000110001100101011111111100110000101111111000001001100
000010111011100110000001100110111000111001001111101111111111110001110000000111100010110111000101001000011100
111000011001010010111100101111111010111010001011100101000011111000101110111101011001101100000010011001101111
111100000100110110111111000101100101111010111110100110111010110001101001000111001101110010111011001111011101
000111000001000011111110011111001100000111100001100100001000001111111010111011010000110111000000000001101010
111101010111101110000110101000110010111011101001011001111101001101100111111100011001111100000101100000101111
