000101111111001110000110000101001011111111101111100001000011111011100000111111001000000111000110101010001001
000100001101001001000001111000101100111001011110000101000001100011000001000110101100101100111111101011011110
000110010011011011111011001001001011000100100111111001111111001100000100000101011101001010111001010110101001
111010110101101110111010000001100001111100100100100000000010110101100111111010000010111110000010100101011100
000110100000100001000001011010011011000000110100111101111110110011110011111001100110100101000011101011100011
111101010011101000111110110011000010111001110101100110111111110011100110000100010111111111111111001100011100
111010111111011010111100011100011110000110010101010101111001101100011100111001101101001101111010101110001000
000000011001100001111011101010110100000000111001001110111001110010110101111110110000010110000000000110100100
000000111010101011000000110101011010000000111011011000000010110000010101111011010111110011111100110011000110
111100110010010001111111100111000101000100000101000000111001110111101101111100010000010000111100101011101000
111011001010011101000101111110000010111111101011110000111001011000101011111110110010100100000010000111000110
111100101100011101000010111010110110000001110001011011111001101101001101000101110110101000000011011010111101
000000000111010100111001111001111000000001000000000111000001010100011100000010111100011011000001101110000110
111001111110011001111110101011001010111010110110001000111111110101110100000011110000001000000010101101110110
111110100100101111111011001110000100111011011111001000000110001001111001111111110100110000000011110111010100
111110000001000100000000001110011010000000000011111100000100100111111010000001011111000100111111100010010111
111101100101000101000010001010110111111010010111001011000100000101000011111011010100100111000011011010001111
111101111000100011111001110110110011000100110100110001000100100100010100111010110010001000111110001111010010
000100010100011000000101101011000110000011101111001101111110011111100101111111001000101100111111100101000100
111001100001111011000000100111010010111011101000010000111001111101000110000010001001111111000110100111100101
000011111011001011000001011100101101000011111100001011000010000010111000000000111110110110000000001000000010
111011011110001000111111100010111011111101110010000100000000001111000001111101111010101001000011010001101001
000101000111011101111011001010101110000101111110111000111110001110111111111100010101100011000101011010101010
111010000010111000000011010010110010111010011110110011111110110101111000111100000010100100111111001000101110
000001001101101001111101001111011010000011110010111000111110101010001000000010001011010001000001110101111100
000110100111111100000001010100110101000100010000001001000000111100001101111001011001100011000100010110011110
111010101011100010000010010010001000111100010111111111000000110101001011000010110101100111000001111101110111
111101100000011000111100110101100001000001000100100000111101011100110010000101010100001000111011111101011100
000011000001110011111111101110101010111010001011011000000110000011110011111001011010011011000101101001001110
111110110010000110111001111101101101111010101110100100111010001010111011000100110000100000000101110001110101
000001011101011111000100001100000011111111001001010100111100000101101111000101110110111010000000011010011000
111100111110110100111001011011000000111010010101001101111001111110110110000110011011001111111110000101010101
000010100000010001000110100110011001000001010010010101000100101110100000111001111110111011111110001001111111
000011110001000010000001001100111111111110110101011100000100111101111001111010011110101100000001001101010110
000101110001101001111010110111010001000000110000110000000110000001011100111011011000000010000011001101111000
111111111000010100111111111111011101000000101010110001000010100010110110111100101010010100000010010011000110
000000110100100000000011101010100100000000111111101010111100000101101110111110010000000010000100100101010110
000101010010110100000100000000101001000101001011001011111111111000100101000001010111100101000010010101000100
000010011011110111111101000100000010000011101000101001000100110100000001111100000110000010000110010110101101
111010010011000011000101110001011111000011100000000111111010100110101000000000000110000011111111000010110111
000000100000011010111010111011000011000100000100001011111001101000010100111011000011000110111010100101101111
000010000001011111111010111111111110111101110011111110000000001101100110000101010110110101000101000110101010
111001100110101100111100101101100110111001101000000010111101000111100001000100111111000011000101010000011101
000000011101111100000110001110100010000001110001001101111101101000000100111111111000000001000101011101100010
111111111001101001111110101000111001000110000110111000000100011010001001111010100111001010000100011110101101
111001110110001001111110111001111101000100001101110110000110101110001000111101110100011010111001011111100100
111110001010010000000100010101011100000101010110000111000110000100001101111010100010000111000100010010011111
111100101000001001111011010000011010111111001110100100000001000010100000111011011110010000000101110111000100
111001101001110001000110101101111100000100000111010111000110011010001101000100000100010000000011111101010011
000100011111010100000100011001000001111111101100010001000001111111010100111100101011111100000010011101111001
111100100010101100111101111110111011000000101111001010000100001101110011000010001101010010111010011111111011
111110100111111101000011101111100010000010011010100001111011001110101001000000000011110011000100100010011100
111101011101111001111111100001110111000001000001001111000110010011110101000100000001011000111001110010110101
111010101101101101000110000101011100111111101111101001111110000101000001000101100101001101111010100101011100
111100100101000111000101111110110101000010100100011001000000010100001100000000000101100101111100001010011000
111111011010100010000001011101110011000001110101001100000101011000011011111001110101011011111010111100010100
000001011110010110111101101110001101111100100001001100000010011011000000111110100011000001111101001101011011
000101000110101101111100111000110101000000001100000111000100100000011110000000101000010100111110000001101100
000001101000011010000101001010011111000010101001110110000011010101110111111010111111001011000000011111010101
111101001101101011111011101001110101111100111110001001111011000001101011000010111111111010000110001000100110
000101111000111101000100100110001001000100100100001110000011011100100010111101000000010011111100100011011111
000100111101000111111011111001011101000011010010101011000001001001011100111011100010111010000001110011111110
111110000110010100111111001110010111111010001001011000000110101100110011111111100110100111000010111000101001
000001000101001110000110001101111110111010100110110110111100110111100110000010101100111000000100001010100101
111100110100000011111101011100010001111001100111110011000011111001111000111110100010100101000001110110011001
111011101111000011000011111111001010000110010001110010000010110111011000111011010000011001000000100110010010
111110111001101000000011011110101111111101100111111010111100111011111101000000001100010011111001010110001100
111100001110111101000001000010011111000011100010000110000110001101000001000100100011001011000010101000000011
000101001010010000000100101011000011111011010001001100111010100001110110000000011110110100000110011101101011
111100001010001010111011110100101000000010010011011001000000010000100011000010011000011111111010010100010101
000000000001110010111101001000111010000011110100010011000001010000000100000011000111000110000001100000101010
000001111110111110111110010110011101111110110110001010111111011110110010000100000011101001111011100111001111
000100100110111011111101011011111011000000110000000000111010000011010001111110001101001100111100101010010110
111011111011010001111110100000100111000101000000000110111101111111111000000011101111100000111101100100000010
111100101110101101111110000001101100111010111101010110111111011001101001111001100000110001000000001001001000
000011100100010001111100110000001010000010111000000100000001000101100110111110110001011010000001010011111011
000110100010001101111100001111101010000001111110110010000101100010010001111110110010111110111111110100100011
111010001001011101000001011111111110111010001101101101000000101001111011000000011000001100111101110100001100
000010001000001001000110010111010100000001110000110100000010101001011010000110000010000001111111010011011100
000001010001010010111100100010101100000011111101111110000100111100111011000011111000010100111010101101110101
111100011000011111000011111101101010111001111111110101111001101010010110000000001101000010000101100000001111
111111100011000110111110001101100100111011101010111110111011010010011101000101110011000000000001000001111111
000001011100000010000000000000010111111001011000111010000110101010011111111101111100000111111110111001110010
111111100011011001000100101000110101111001111101110101000010111111010000000011100000001100000000001000110011
000000001011001000000100000111000000111100101001001000111110101101100011111010100101100111111011011011101000
111011101001111001111101001011100000111111011010110110000100110111000001000011001011011110000011001100100100
000010101001100111111110001110101000000101111110100011111110000110000100111010110100110111111100101000111011
111011011010110011111110001010011100111101101101000000111101101000010110000101001111001010111001011011011110
111011000011101110111011000100001110111001111101000101111101111001010111000001000010110011111101100101000101
000010100000011110000101111010101000111001100100001111000010101010010011000101110100111100111111001001010100
000001001011001011000000101100110000000001110000000011000101010101011101000011011110111111111001100100111011
111110010000000100000100111110110010000110010101111011000110101101001001000011110010111100111111001101101011
000001101001010010000010010100010101111111100111011001000011010011010100111101001011101110111001010110101010
000100100111110001000011011101000111000011101111001101111111111100001001111010011011001101111011010110010001
111101110111011001000100010000000100111110011111011101111010100011000101111110110100011111111011000111110101
000100000110000000000011011000101000111111011001010011111111100101010101000000110001110111000100110100010001
