000011111010110111000110000011101110111100001000011001111000000101001010000100111010100010111110101011110010
111001010110100010000000101000010101000010010011111000111111110101111010111100000100010000111110011110000001
000011111101101110000000110010001000111000111111100000000100001010001000000011010101000100000011101111101110
111001001000100100000111000100010110111000101100001110000101101001111100110111110000100000111001110100111111
000100001011001110111101101001101111000001101001011000000110111001101011000011111101100011000111010101010111
111000110110110011000110000100000001111011001011110011111010001110010001111000001010001000111100011011001110
000110011111010011000100110000101001111001010110010101111010011011110111000111011011111001110111111111101110
111100011101011011000000111000010110110111110110001010000110001100011000000011111011010101111011001011111011
000101110011110111111101011110101101000101010010110011110111110111000111111010010111010111111001000000011111
111100000111111100000100010010010001000011011011101101111111100100010000000001110010111011111101001001100001
000101010111010111000111010011011011000001000101101111000011011000001110000110010010110010000000010000110000
000110100100100100000011111010111011111010010101011110111111011010110011000111111011000001000000101101010011
111000000001000100000110000101001101111111010001000010000001100100110101000101010000110001111011110001111101
111011000100110100111100011101100010000110100101010010111100110001011111000000111111101010000100100101100101
001000001101001000111111110101100010000110011100101010111000111001000001111111111101111001000101100111100111
000001100010010110000011011011000001111001011101011111111010101110010001000100010101110001000110011110111101
111000001001010100000100111001100110111011101111001010111100101101010010111001101100000001111100101011101001
000000100110111111000110111101101101000111111110010111000110110010001000111000010110011001000101111000110101
111111011010110110000101100000100010000101011100010010000111010111100101000110001000010100111010101011011010
000011011010100010111000111111100111111001110001010101000100111001010111000011010110110001111001110010111011
111101111010111001000011101010100010111111101011011100000010011011110010000010011000110011111100100110100110
000010101010010101000011001100100011111111110101100111111110110101111001000100011100101111000000101000001001
000010000001000100111100011100111011111001000000011010111111110000111110000110101000101000000111000001010111
111010001000001101000000101010110000000000010010001001000010001111011011000100111011100101000111101100101010
