111010101001010000111100111100011000111011111100111101000010010001100001111010101001011111111110100100101010
111001100001010100000100011101001010111111111101011111000000110010100010000011001011010110111100010001000110
000010010111101111111100001001010011111010100010010110111110100110101011111100111011100111000100010101010101
111111110100011001111011010011100111111001011101001110111111010010011000111110001111110110111101000001101001
111111110101110011000001101110011011111001111010000111000100000000110001111011110111110111000110101001111111
000110001000001110111100011010011000000101000101010010000110001001110001000101001110010101111100011100001011
000011001110000010111101010111011100000000111101100111000010110110110000000000110000111110000000110001111011
111100100101000010111101001000011001111010011111110111111100110101110011111111010001000101111011111000010011
000100010101011100000110011001001010111011001011010100111100111000110010000011001011011111111110111010011000
000110001111101101111001101110100011111010101110110101000110100111100100000101000001001010111101000010111100
111111011100110110000001000111100101111110011100001010111011010001111011111100010000010111000110100110101000
000100000011001110000100011010111011000100000111110000000011011000111000000110000010011101111110101010101001
111111001110001010111101001100001100000110010110100010000101111111001101111011001101001001000000000111100001
000100010101110011111111010010100001000110010110000110111101100110010000000000100010010110000110100001100111
111011110111101010000001111111000010111111001100001011111001011000110000111010011100001001111110110000000111
111101101001001010000100110101100101111011011000001010111110100010110011111001101110010111111101110101011001
111111100100010011000101010001110111000011010101010101000100011111101101111010101100110100000010001011011000
000001010110001011000010110101100000111101110001101001000010111101100000111100110000100100000100110011111101
111111001011110101111101000101000001000010000000111110000101001011000110000001101111010010000010001101001000
000010100100001011000010011010110100000010100110011110111001110100101000111101000101001110111101110010110001
000001101000011100000000111101010101111011010000100111111110011110100001000011110011111000111010011010100110
111011111110001101111100001000010000111001110010111100111111001011110011111111010100100110111100010110000010
000001011001110011111001101111110111000001000110101001000100000100011101000001000101010101111011011110101011
111001100001011000000100111001010110111110100111111011000010110100110100111011100011010011000010010110110000
000110000000011010111110101000001011111111111101101000000011010111110101000001110111101010111010000110000000
111100110101100010000001110000101110111110000010001010000101100100111100000101000010101010111111111011001101
000101000100001110000101111110110010111110101011010100000000011100110100000011101001111110000110100010001110
111111101110101100111110110001100011000010100011110010111110000101111101000001011100110110000000100100111101
000100110011111011111010000000101110000101100011000101000000101000001010111001101110011110111011000000000010
111111101010000101111111011010000110000101011011010111000010000100000010111100011111001010111111001111111001
111101001101011101111010100100111100000000001111011000111110000001110111000100000011110101111010101011110010
111011001001011110000101001000000001111100001001001111000010010000101101000101101101101110111010111001110010
111101000000000011111010100001001101111101110010101110111011010111001100111101000011100110000000010101101010
000000000110010110111111101000000100111111000110111011111010000110000000000000101010110011111111000100010011
000010010001011010111011100101110011111001111011000111000001011101000111111101000011101110111110101010010110
111011100100101101111111000110010000000101011101101001000000110011010111000010010001100011111010011001001110
111001101000110011111110010101000010111100111011000000000110010001100101000001011010110001000000110110111000
111111100000111110000000001010000001000100101100110001111110111011000101111111100111010010000011000100110001
111100001000100001000011000000001010111101101000000110111011000100111000111100011001000001111011110101101100
111010000010110011111100010001111101111010100100001111111110111001010001000011111100010010111011000011101111
111010011101000101111011101010011110000000100100111111111110010010010000000001011011111001000101010001110001
111001010101011100111111010110001110111101001100100010111011000100110000000000111010010000111101110001001101
111100010010111010111011110000101010000001011000010010000101111111101111111010111110110101000011101001111001
111101010001101010111111011111111001000000101011100110111110100101000110111111000101010110111100101101011101
111001111000111001111100011101100011000001111000000000111101110010111101000000110110011000000000001110101010
111010011110010110111110011011100101111100110010011101111011000110101101000001001100010000000100010011100011
111011010000111001111100110100001100000011111011101100111010100110000101111001111111101101111100111011000100
111011010010101000111101100100001011000010110110110111000011010011101110000001000110111110111111011001110100
000000010101100100111101111100110010000100100110011111000101000111001100111010110110110010111100110001111000
111100101000011110111010110110001100000011110010010001000001110110011111111110100011100000000100101101111011
000101000101011101111100011100101110111111001101010000111101101010011001111010111011111110000100111100100010
000000011110111001000001110010100010111011101001100011111011000011111110000000001011101101111110110011111101
111100011010010000111011101000100011000100000000111000111100010011011010000000101011111110111111001110000001
000011010001110111000100011001010100000101010010101011111011010010101000111010100000111010000101111000011000
000001100100010100111001011000111101000010101110100011111111111010101011111011011101100010000101000011000111
111010111001010100000011010011111000111101111000101011000001001100110110000001010010001101000011010100010011
111110001111010010111011111001010010111110011000111010000000100100001110000010101100101100000101010110110011
111101101000000100111010110010111011000011101100011010111100010010011111000001110000011111000101100000011011
111100010000010110000010010010101100000011000011001011111010101111100001111110101100111100111110100001101000
111111111100000011000010010000101011000000110001000101000011101101110010000001011111110011111111001111110010
000101000100110100000100110111010101000010010101110010111101111001011011000101111111111001111101111101111010
000001010010111110000000110010010010000101001101010110111100100101011010000101111000000100000000100111101100
111001011101000001000001000101001001111011111101000101111101110101100100111110010010001010111110101010101101
111111100001010101000110101010001101000011101110111010111100000110001111000011100001100111111110000110111110
000000100101001010000101101010011110111100010110001101000010100100111000111101010010110010000010000101000011
000100011111011011111101101011111101111010000010100011000011000011001111111010110000101011000100101100001111
000101110100101101111010100101001101111001100000011000000011110100001100000000011111000101000101001000001010
111010001001001010000110011010010000111110110111000000111011000111111000111101110000100010000110100111010100
111010101101111110111001111011111011111111011000001110111110100010111011000100110011111001000001101010111110
000110001101010111000101101010110111000110000010111100000101111000101000000100001111000011000010001011111000
111010000110100011000011000110011101000010000100101111000010001111100100000010100101110111111110111011000001
111111101011101110000010010100010000111001101010100101111010000111111011000011000100010000111001011001110011
000000001001111010000000101100001110111100100011001000111101100000111011111010011111010001000000011000000011
000011100100010001111010100011000001111110010010110001111100110011010101111011101001000110000001010110101101
111010110100010000111111010001010011111100110011101101111001110101110010111110010011100011111110100000001101
000110010010011011111011011111001111111110100001100100111110101110000010000110000111000011000011001000100010
111111100001000011111110110101100011111011001111110100000011110011011101000011000110110000000011010110100011
111010111101001001000101100100000000111001100101111101111101010110100110111101110010011101000000110001100000
000001011011001010000011101111010011111101000001000000111100101001001101111010110111000010000011111010101011
000011011001111011000011011011001001111010111010000010000101101000000010000010111010111001000011010010110010
000000000011001000111011001101011110111010001100010010111100111010010101000001000110000011000000000101101010
000011000000100001000101110010000111111011110011000001000010110101110110000010011011011101111011100010010100
000110011001101011111100110001101111000000001001011110000110001010001011111101001011000110111011100111101001
000110001100001100000011110001000011111011010110011110000110000000011010000000001101110011000110011011101001
111100001000001001111100001101111100000000000110100011000011001011011100000011010101001000111100000100110010
111001100111010111111010110101000111111100011101000010000011111111001111111101010100010000111011111100011101
000010111001011101111111101001101011000010101001110001111011000000101100000010110111101111111110001101100101
111101110011011010000000001001000010000010110101111101111110111000100111111111101110000110111111100101000000
000101011110000000000110100111100110000110000101101010111110110011100101111110011110011111111010110000000110
000000110011111011000010101011111011111011110110001110111110001101101010111011110001000111111010011011101110
000000001101100000000110011100110100000000000000110111000010100111010011000010000011000110000001010100000011
000001011111011001000000001010010010000010101101001101111111001100001110000110011100100111111010011101001111
000100001010101011000100000000100011000011111001111111000110000100011000111001100111100010000100111101000100
111001101100010011000010000001111011111101101010010010000010101000010110111100011000011001000010001101001011
111010101011111100000100000010111100000001011110101110111110011100111011111101101011000001000001010011100000
000001111101011101111011000101010111111010000000110100111010101010101010000010011111111101111110110110111001
