000110101000001001111011100111011110111111111010001101111011010010000101000001111000010111000111010110010100
000111110100110100111111101010111001111101000000001111000000001111000010111111100000111110111101000110000110
000000101101001011000110000001101101111110111000010010111100001101111110000000001111110111111111000000001000
111100100111100010111111010100001010111000000001100100111001000100101111000001001111010001111010110011101001
000110101100110111111001111010001101000111010000101100000011111101000000111011101100111110111100000101001000
001000000110010011111011101101010100111101111001110100000101000101010001000000100101001001111101000001111010
000110101100101100111101111011111011111000111111001000001000000010000111000010010011110011000011101000100110
111010001101101000111011000010100110111100000111000000000000111011100010111101111110100010000001011101011001
000111011101101110000101001000011100111000100111100011000000010100110100111110011110011110000110000001010010
000001011010001101111000101110100110000100110001111111000011101010111011001000010100110000111001000000001000
000011011111010100000110010110100100001000000000100011111010000000010001111100001001111110000110010111101010
000011100111000111000011011101000010111000010000001010000000110011101100111000001111101100111110010100110011
111001001010101101111101110001101111000101101010111111000011000011001000111011001101110000111010011111000011
111010110111010011111101100010110101110111101110110110111111011111010100111101110101101001000001010100111110
111000100000101010000110011100100001111000010010010011000100010010100100111001010100000010000100110110001010
000111100001100001000101111011101000000001111011110110111101101111110101111011001011001010111111101101010001
111100110110100110111001110010111010000100110000100000111100100100110011111101000011001110111010100011001110
000001100110111100000100000110001101111110110110010010111001100011100110111111010111101101111111000011010110
111111000000010011111111011000111100111000100000001010000100001100100011000001011100100110111011110001000001
111111000011110010111001111101100110000110000011001000111001100111000000111111100000101001000011010111000101
000011100010010011111110000000101101001000010000000110111101000100111011111010001110000011000011001111111110
111011011100101001000101100111010101000101010101110011111010111111000000111100100010000100000101001111011011
000110011011111011001000010101001111111000000111100110000100011011001100000011110110001011000111100011110000
000100111111001101000000001001101101000100101101110110111111000010011111111010100111111101111101100110111011
