000011101011100110000100001010000111111111111011101011111110001011001101111011101111001001000011001101101000
000001100001111001111111010001011100000101010100110100111111101110110110000101101111101010000010010111101100
111010011100011000000100000000101110111100110100100011111111111110011111111110000100000111000000011011111000
111111101111010111111011010011100100111110101101101101000011110110011001111100111000010101000001010110101001
111101101000010111111110100010100111111110111100010000111111010100000001111011110010011011111011001001001100
111111001100101000111100010111011100000100110010011011111010000100010111111110111100111010000101101100100110
000001011111101101000001101001111011111011000001100000111101100011111000111010101100011010000101011101010100
111001110010101110111100111001010110111011011001011010111101101110010011111011100101111011111100101011010011
000010100010010001111101111000001000111111010101000001000101010000011110111101100011010011000001111100011000
111011111011011011111110111100111010111010001101110110111011110101011011111111000011010001000100110000100111
000001111100000111000000101100001100000010101111001011111100011000001111000100101011111100111100101010010000
111110001010010111000001001110011011000001000100000010000110001001101100111100110011110110000011001011110001
000000010000000010000100101001110011111011101001010110111101011111011011111011011111011110111100011110011110
111101100001001110111001010110101100111010000100001001000000000111010111000100001001111110000001100000110111
000101110100111110111010010110000101111101001010010100000100000010110100111111110110110011111111001101110111
111111000100000011000101001010100000000101000110111110111001110001001100111010010000011000000110000011010100
000011000000011111111100001100011010000011110100100000111111011101100111000110010010110000111011001101100011
000100101010001100000010111101101111111010011010001001000011000011010001000100010101011100000110001110010110
000000001100010001111110110011100011000010111110111000111011010110011000111010010110101111111011000100101101
111100010100011001000011101101111100111001100000111111000001111100100101000011101010001111000001110100111110
000000010001000100111110110001110101000100111000111110000010101011111010000110000010101010000100101001010110
111101110010000010111111111101101100111101011111010010111010010011101100111111000000011111111001011011001111
000000010010010010111111111010111010000110011100000100111100001001000101000110101100010100111010111010110010
111010010011010111000010110001010011000011000011001101111011011101100010111110110011010001111111010110001000
111011110010111101000100110100101001111100001000001001000100101000110010111111001110100101111111000010001100
111110010101010110111110110111111101111010010001000111000100000001101100111010010010111011000010110000101110
000010101111111110000010001111110100000001110110111011000010000111010100000010101100111011000000100010100001
000011110000101001111001010101001010111101001001011000111001101001101100111100111101000101111011000011011110
000000100001101100111100010010100011111010110111011010000101001111110111000001010100101110000000011010101110
111100101100000001111110010111000001000000111110011011111101101011001000111111000000111010111001100001110001
000101101111110100000101101000101000000100110100001001000001010100110100000011010000101100111100011101100100
111111000010100000111110101100111000000110010010000001111110001111100111000110010111001010000010010011101111
000101011110101111000000000100000001111101000010110101111111111000111011111110011100101011111001110001000001
111101111000100111111110001001100111111001011001001110111001111100011000000011011101000100000010001010110110
111010001110100000111111111100000010000010110111001010000100101101100100111110010101101001111110101010110001
111011001000100010000100110001100000111100111011010101111010010011000001111100110110101100111110010011111010
000011110110111100111011010100111111111011001100011110000000110110111101111100100110001111000010111000001001
111100011001110101111001110110101110000100111000011111000100011111100101000100001100111110000001000010011110
111101001111001101111100011001110011111011001001111010000011101010100000000000110110010100000011111110111011
000110101100001110111001111100111100000010101100000001111100101110101010111011111011111100111100010011010101
111101111000001000111111110111010001000010001110001000000011100100100111000011001111000100111111010100111011
111111100011101000000011111110101110000100011001100111111110001101000110000000100010010010111010000111101001
111011010101100001111100001110110001111011110111010000111111110001010110111110001111100001000010110001110111
111011100110010110111110100110110010000000101101010101000010100001000010111100111011010111111100010001010001
000011110100000000000000101010011000111100101110101001111100001010111000111100011001001110000000000101010110
111011111011011010000011010001000110111111111011111101000011101100110000111010111000111100111001111001001010
111011010010001010000000010000011000111101000101101001000101110101010001000101001011001100111101101111011001
111011010111011101111110011011010001000010000111010111111011111101001100111111100100010111000000001100000010
000000110111010111000011101011010110000000100011000010111110100001001101111100110010110111000011011011010100
111001010101000101111100110111010111111101100110110101111100110101010000000101010000000100000101010101000011
111011100100010010111101001110100111000101011100001100000010001111101010111001101110001110111100001000001100
000100101011111101000000101111001100111011110001101010000010111100010010000000000001011101111111011010001001
111110110101010000111111101010101101000101110101011001000000001011000011111010110001000000000011111110111010
111110111010110101111111011110101010000100001011010011111010000100100110111100010001011010111110011101010100
111010000101011111111111001111000000000101000111101111111101010011011100111100111011010010000001010110111101
000100011010000110111010000100011111000000100110110101000100111001110001000100111111111001000011100001110000
111001100010011010000001111101111110000010001001111010111100110100000101000000111110000110000100010000011010
111011101000011010000010111000111100000101101101110101000011111100100101111011110110000111000001101101110100
111010111100101100111110000010101010111011011101100111111101111101001101000011110101011001000011101010001010
000101000000011011111001011111001010000110100101111011000100011100000111000011001101010100000001000001101100
000101011110001101111101100110101110000001001110100011000000101010010110111101010001010100000110011100111100
000101111011010110000000000010101001000101000010000110000001111100000101000011000101110101111100100011111101
111110110010101111111001011111100100111101010110010001111010100000111111000110000111011110111111111101110011
000100101010011110000101000101101011000100101011101010000011100011000011000101100101010100111001100001100011
000001110110100000111111011000101101111110111101001110111001100011011110000100110100001011111110010111000111
111110110001011101111010111000010101111101100011001101111011110000111111111101111110101101000000011011011110
111010111001000100111100110010110111111101111111001011000010010101100100000011000110011010000101110111001010
111011101010001000000001101001000011000010101010010011111011010101000101111001100010000110111110110000001011
000101110110001010111011101101010001000000101111001010111111001000001111111010101010101111000001101101010010
000010101001111110111100011010100101000101011011101100111010001100111100000100011110010110111001110111100000
000000010010101001111010100101111100000010110001101011111010001011100010111010110110000110111111010110001000
000000111110011101111101110010010100111001010110001001000101011101101100111100011101011001111011110100111010
000101001111000100000000110010101100000101100110001010111100101000110011000010111110001011000110011101010011
111010101010010100000100100111100100111011011001101010000101011101011110111110001111110011000110011100001001
000011100100110010111101010100110100111001010011101000111100011001110001111010100111101100000010000111000010
111110100001101000111100000010011000111001111001010001000010101101101100000011101101110001000100011000100011
000000110111000001111100111110000001000010101111000011111011001011000110111111000011110011111011110010000100
111100000111000110111001111011001011000001111111101000111110011010001111000010100100110101000001110100010111
111001111011101001111101000111101001000011001010001001111101111110111011111100111000000100000101011101011000
000011111010011110111010001101110000111010010101101101000100000110100010111010111010001110111010010000011010
000010001001010111111010110010101111111001101011010001111101110111000111000101000101011100111110000010010001
000001110100000011000000010000110100000010001100001110000010111000000110111101001000110100111101101110000001
000110001010010001000001111110011000111011101111101111000001010011011011111110011101011010000100001001001111
111011011100001111111011000111101001000110101100111100111011111110100100111010111000111000000010100010011000
000011000111111111111100000010000101111100011000010001000011110000000000111010001001100100111001111000110100
111101011001111101000010001110110000000010100001100100000000001110110000000110101001000001000101110011110110
111010011101000101000110001101001101111010101010010111111110110100110101000110101110001000000000011101001011
111010001101100001000000011101001000111101101111011010111010000011001001000001101001000101111111100000010010
000100101011010110111100100011011010000110100000011010111010000110001110000000010001100011111001110011000100
111011101100101111111011000010111010111101011101011111000101010110110110000001010010001010111011101000010100
000011011000100001111110001010100110000000101011000110111110001110011111111100101011111101111110101000001101
000101001011111010000110011100000010111011000101101001111100000101111101000100101111010000000000011100111001
111110101000000101111011011000110111111110110001010100111111101111010100000100000001110100000001100000100110
000010000010000001000001100100101010000001001110100010000101111101001000111111001100010010000001011100100100
111001111100000001000101101011110110000000001100011010111101110101010111000000010010001000000011010011101010
000010111011010000000101110010001100000100111101101001000100000110000011000101000011010010000001010000100111
