000011000111110101000101101001100110111111101111111001000100100011011111000110010001001111111010100111110111
000101001110111011111001100011001100000010110000000100111110000000001100111011000011000001111010001110000110
000011010010011011000110011110111011111001010100011001000010101100100011000100101100101001000010101111101110
111100001111101100000110000110111000000101011110111100000000001101110010111101110100000110000101110110101010
000011101001110011000010101001011001000000111111100000000001100001001000000000001010000111000011110100000000
000101110011100001111111101010100101111110111110010001111111110110010111111101011000000100000100101110010111
111010101111100111000101000001001011000100100110111001111110010000010111111011110000111100000011111000011101
111111011111100110000100010111110111000101010101101011111101110100101001111010011011000000111011010101110001
111101000111101101000101000101110000000101011001110111000000110110100111000001111101101011111010111001011110
000101001011110010111010111001000001000001010100110011111011111101110111000001100000110011000011100011110001
000010101001001100111101111000011000111100010100000101000001001011101011111001010110011010000011001110001001
111110011110110101000101100110011000111110001101000100111011100101101000000101000000011001000000011110010001
111100001010010011000010111001100011000100110010010101000001001100011110000010100011000100000101000111000110
000010000111000001000100010100111000000011101101010010111111110010100011000011000000000000000000100010100110
000101011010011100111010010101100001111010110100010110111101000101011000111110100001001111000101010000011001
111111100101000000000011100101110111111111000110100001111010000000010001000100100011110100111111000100110011
111011011010010100000010101101000011000000000010000111111110100010000011111101010010111100000101000101100100
000010000110000001000010101100110001000000101100110100111111100100100111000100011011001010111011010010110001
000001101000011111111010001000101010111010000011011001000001011110111001111110000100011101000010000011011001
000000111001011010000010101110111110111111111010000101000011011101010100000011111010101010000000111101100100
111011000000111111111101000111110111000011101101001111000110000111111100000001101101111101000010011110111110
111101001100000100000000101111010010000101110010110000000001010110100000000000011101000100111011000000000001
000010001001000110000000101101011001111100110100000110000101111110100110111111100000101000111010010110100011
111111001011110111000011101100111111000010101010001110000011001010000010000010000111111110000100010010001011
000001010111010110111011000110000110000101101010110100000000100010011110000101001000101100111111000001101010
111100111011110010111111011100010101000011001000110011000011011100101010111110001101011010000011111010010101
000000110011111000111011011011000100111011001100111111111011010010110011111111001011011101000000001110011010
000011000010100110111011100011100100111011101011101101000100110000011000000100110010111000111101111111110110
000011011111100000000001100100010001000011101010111100111100100111011110000001001110111001000011001010011010
000101100001000000000001011100100001111001010111011111000011101011101110111001010011011101111010110110001011
000101001011111110111011001011000011000110001100000010111100011101000011111101011000101011111011111011110000
111001011101111000111100001101001110000011110100111100111101010011000101000000110100001101000101110010011001
000100011001100110000010010001011001000100101011100100111111001111111010111101101001011001111011111011001010
111111000011010001111100000111011001000010110010011011000100010101001111000101111010110010111101000110011001
111110000001100111111100100001110000111100000011011001111011010110001110111110111000110011000110001110000101
000100001100101001111101101001010110111010110110010010000001001010111111111111011111100011111001100101010011
000000010110100110111101110111010010000000111111011110000001001101101110111011010011100011000011000010001111
000000001111001101000000010001111100000001010011100111000110101000010011111010001000010001000000000011110000
000110010000001110000100100000011100000100000010100011000011011000101101000101001010101011000000111011001100
111010111001100100111110000101101011000101000101101101000011001111010111111011010110011100111100100011111011
111011101111010000000010100010010001000001000111001111111101001011001000000110100101111111000110010111111100
000110100001100000111100110001100110111010110010111001111010011011110101000000110001000111111101000111010010
000000100101001101111011111111011111000000111100100110000001000101010110111001100100010011111011101010001000
111011010111010110111010100001111000000000101010100101111101101001100100111100000011010110000000000111010000
111011111010100101000100111011111011111010010111111111000110000101000010111100010110001111111011100001001110
000010110101110010111011101100111010111101111110001100111011000011011011111001110001110001111010001010011001
000101011110000000000101100100101000111111111000110011111100110011100000111011111110100010111100010011111100
111101001111011111111111010001001000000000101001011010111111010110110011000110100010011011000000100011101010
000001011100100111111100010111110111000101001100001111111110111110111010111010010000011011000100010001111111
111010000000100110000000010001100011000011001010010101000001010001001111111100100101010111111001110001101010
000100011010000100111111100100010111111100111000101101000101010101000010000100111101101111000011010010111100
000000011001000001111010011011101010000001010000011001111101000011001000000010101000001100000000000001010000
111011110010000000000100001001100111111111111000010010111111101001110101111101100101101111000000110101010111
111001010111100110111100000001101001000010001101101011000101001111111000111100011000010000111011011001111110
111110110111101011111101110010100001111101010100111100111111011001101100000010100011001010111100101100101111
111101011001000111111010010000100111111100110010100100111111110110001000111111010011011111111001011100011011
000010011101000010111100001001001111000100001110001001000101111100111000111111101010010010111001011010010111
000101111110111010000011100010010001000011000000000011111111100011111100000110001100001101111011100011111101
111011010000100101111011101010010111111100010111100101111011100100110110000110011011101010000000000110010110
000010111100001000111011011100110000111011110110000000111011001011010101111010010000010110000011111100100011
000101111111110100000011010100110001111001010100100100111001111110111101000001111111010110000110101010101100
000101100111001011000001111010100111000100100011100000000000100010010111000011010000100011000110000101100110
111111000101101011111011001011000010111110001011010000111101101111110001111110011110101001111110001100000001
111110111000010100000101010101000100000011111100010010111110110010011001111010010001000110111011010110100010
000010001100110110000000101111100111111110110000011101111100110100001010000010000001001100000101100000010100
111101101010101101111110000011001101111110000000110010000000011101010011111001100000100010111111110110011000
111011100100111001111100101001011011111010000100000110111111001101001011000000001011111001111011101000100111
000101101110110101000001111100010000111110100111011001111100110001101100000001001000111110000110011000111101
000001101001111001000001011100001100111010101010001010111010101010001111000000100100010110000010110011101110
111001101110110100000100001000010000111010000001010101111100001100100110000000100001000011111101111101110000
111100100000100110111100110010000100111100011110011110000011001111100000111111011011000011000100100110110111
000001101001101100111101010101001111000010100110011111000100001001101011000000101111101011111001110001111011
111100100111011010111100110111111000111010101101111010000001001011010010111111001110001011111111101100010010
111110100110100011000101110111010011111010100101101010111100100000111110111001111000011101000001111001100100
000000100000101000111100110110001011111001010111011100000011000000111010000100000000000011000011101111100001
111100110000000110000001101101101011000110001000100101111111110001011101000000101101100101111110011000010101
000011000011110010000110010110001001111110010111111110111111000011000101111111010111110111000110011000011111
000101100000001001000100010100011101111111000111111011000001000011100000111111000010101001111010100000100111
111110010001110101111011101010000001000000010110010111111111111000010011000011110011100101000011111110000110
000011110010110001111100001000100111000001111001000001111100011111100100000001000011100100000101111100000010
111001110111011010111010100100011110000110101010001110111001111110011010000100101011010110000001101101111101
111111000111011000111101111100000111111010001110110100000010000110011001000000001111100001000011001010010000
111100011000100010111010001100100100111010011000010011111110101010101101000010011001000110111011100001110110
111101101010110000000000010010011100000000011100100010111110010100010010000000110011101111000000100110110010
111011011110010001111101100000101110111011101000100111111101001010000100111010001010011000111110110101110100
000100010011111001111100000001000111111111110100101100000000111111001100111011111001010111000010011110101110
000001000110011101111011110110100000111100011011001000000001010101000101111011000111111111000110011101010010
111100110011000101111111010111000001000110011000111010000110011111010100000011110011110000111010001010000000
000001100001011010000011101111111010111011110011101101000000011000011001111100001100001101000010111101101001
000100101101110000000100101011011110000001000010100110000001001011110101000100111001011010111101011010001100
111110100010011110111101100001001111000001101100010101111101110001011000111110111100110000000100111110110000
111101011011111100000001000111001010111110111100101000111111101100110011000100100001110000000011010111110010
000100000110110100111011011000110001111001101010001110111001111000100011000101010000011100111100000111001000
000100010111010001111001111001110000111111101000010000111001101110001011111010101010001110111011010101001010
000001100110011001000110010010000011000011100111101100111111110111011100000001111100000111000010001100110111
000000101111101000000010001110110100111111101101001010000011001111001001000010111000001110111110011000110011
