111100001110011110000000001111110101000010010110010010000100111111110010000110101100111100111110001101110001
111011010101010001000001101100110100001000001010000010000110000001101000000110011010011000000101100100010010
111000001010011101111101001111011101111110110110001011111110110100101010111000100011111111000101100001011000
111101111001100101111010101110010100000101110011011110111000101101011111111111001001000000000011100000001001
000011100011100110111000110111111101111101011100111110111100111010101111000110110100010011000011100101110001
111111101100001101111111000111100100111001010011110100111001010010100000000101011001000011000110110000010000
000100100001010000111011101110100111000111100011010011000111001111100111111110110001011101111000010001111011
000111011111110011111011110111001001111100110000101011000000100101111011000111100111100100111010110001100000
111101011011010000111110000111111101111101000100011000111010111000111110111010100100001000000101010010110000
111001010011010111000010101111101100111101001111101000111011010100100010000100010010000101000100011000010000
000100011010001011000110110000110001000001101101101000111011000110000010000001101011110101001000010011101110
110111111001011110110111101111111111000010100100100111111000111001100011111100000101010110111001001011010110
110111101001101010110111110101010110001000001100000010111011000100010101111011000100001111000011010100001101
111110010111000010111110010101100011111110001011100100111101100011111010111111001101010011000001110111110111
110111110101101001111000101110011000110111101110101010111000010001101011111001000010110100111101101011101001
111111001101110100000000000111011010111000110000010111111110010110001101000001011011011011000001001110101111
111011010010001010111101111111101000000010001011011111111010100111000100111010111110000001000010001011100100
000101110011010100111000000011000010000111010100100110000000000100111001000110011010001011000010101101011111
000100000110000101111000100011001110111001000010101100001000000111011111111110111011010001111010000010000110
111101101111010010111001101110000001000111000101000100000000110000101001000000011110000001111011100011000101
000001100111001110000000010000000111000100000101000110111010110011000100111010000000011101000001111010111100
111000000100000011111111000111010110000100100011011011111010101010111001000100011111000001111110010011001100
000111010111001101000111100111101011000011010000111101111111000000110000000100110100110101111110000010101111
111001011110010011110111110101001111111101110000011101110111110101100011111010111001110000111101011110111101
