111111011100110011000011110100101110111011111011101000111100011001011101000000101001001001111001101010100010
000011010001000010111100001000111001111001011000110101000011011000000101000010100011001101111100110001101010
000101011101001010000101001101000011000001110001000000111110001101110111111101100111101000000101111110011110
000001110010101001000110010010110001111101111010000111111101000000001010000000001000111110000101000000100011
111101100110011101000110101000010110000001010011100011111011100010100010000100111100010110000100110101100111
000000100011011001111100010011000100111010010000111001111110000100100010111100001000111110000001101110100101
000100110110011110111100100111000000000101000000110000111010001101100100000011011110001101111010000010111101
111001011010000111111110011100001010111110100001111110000000111010011010111011000011001000111111010110000001
000100100001010011000100010111010001000110100010000111111110001111001000111101000010111000111011010110110010
111011101011010101000000101111000110000011100010011000000010010001011011111111010001111010111001111100000010
111110111010000010111110110101101110000100101000100111000100110101001001111110101110101101111111110101101011
000011101011000101111100000011110111000110000011001001000000101000000110111101111000010001111110001001001110
111011000001011001000000011000111011111111101110100000111100001100011111111010011001011111111110011001110010
000101110110011000000101111000101110111101000110000001111110001100100101111111010001001111000010011001100001
111110111101111110000010100011010001111011010100110010000000101000000101000101010110000101000100111011101101
111100010111100100000101000000000000000010110001001100000100101001001001000101000100111100111101101011000010
111001100001100111111110111000011010000001000001100000111101010110010111111010111011010000000011100101000001
000011101011100011111010111111001110000000100101010000111010011001010110111111011011111000111100000111001101
000001101100110100111100011110000101111110110011101101000100110011001100000101001001100001111100110100001001
111101100000010110111011000010110101000011001001010011000010001111001110111101010001101101000001000000010111
000010001101001110111101001011110011000000000010000010111111000000001111000011110000011100111010101000000001
111001110010001100000001011110110111000010101011111111111011011001111000111001011111001110111100010101000000
000000001111000011111100011101100000000001111001110101000001011001111001111101010011110011111010001001111100
000000111100011000000010000101000111111100100111011100111011100011110110111011101100000011000101001000000110
000000100110011001000011010011100001111010011111000010000011011110000010000011010011011110111001011000000101
111011111011110111000101101100111110111010110110100101000001100000110000000011101110011111111110001000001101
111011100110111010111010001010111011111101110011001000000010111100000000111010101101000001111001011101101000
000001100100000100111101011111000111111001110110100001111100111110101111000000011010101101111101010001011010
000100110001010110000011001000101101000001010110010100111101001101000111111010001001001101111101101011000011
000000101100000111111100110110101111111111101011010000000100100100100111111101001100101100000001110000011000
000001011100110001000101111010111101111010011111000010111111101010010001111111011011011101111010011101000011
111110110110011001000011011101010000111011110010101000111101001010010111111100110100001101000101111100011111
000100100111100100000011101010000011000000111100000110111011110000011100000001111111110001000011001100100101
000011000011011001000100111101000000111111101101100010111101111010111011111101010111011001111010101000101101
000110011000010010111101100111011001111001100010010111111101100101111010000100110111000011000110101001011000
111001010010000011111011110010000100000100011001100110000011100100100111111110010000010010000101101011010110
111111001110100100111010001001100000111001011001001100111100011010111010111111001101110001000010111011111010
111100101101010101000011010101110111111111001001010110000010101001011000000010000011010011000100011010001000
000110100000011110111110101011000100000000100000111110000110010001111101000011000000101010000110101011000111
111100110100001000000011011111000011111010011000011000111111011101100010000000110100110111000100011111011100
111010001001101001111110000001010001000001100011100110111111101010001101000100011010110000111110010101110000
111110001001111100000011010010000110000101110010101101000010111101010111000001011000101110111111111100001111
111100000110000100000001111001111011111101101011011111000011100110100001000011111001010101111001101101100000
111110001000100011111100101000101001111001100011001110111100100101110101000001011011100011000010010101001100
000010100110011010111010000110001111111001100010100101111100001110110011000000001111111111111110001100110011
111100001000011111111101011011001000111001011101110011111001111001100100000100010010011001111011101110011001
111101110000001000111110000100000110111010010010001100111011010111000001000011001110011001000110000101110000
111101111001001010111110101111101111000001101110111111111011000011110101111001010100010000000100111100000101
000101001010001001000000010111100000111001110101010000000101101001100101000011111000000100111001011110010101
111101100011100010000011011111110110111100011011011000111010001111000000111010111010100001111101100010010011
111111000001100011000100101101001111111011011100100101000101011001100011111100100111000110111111001011011111
000010100101011110000010010000000110111110100110110111000010110110011001111011011000010000000000111111010000
000010110010111001111101001100010011111101100010000111111110100110101111111100110100101101111001010011110111
111100000110110010111110111111001110111111001110000101111011111101110100000000001110010111000110010101001100
000100101010000111000100000010111010000110010111110010111101000101011011111101100111110101111110010011111101
000110000001110011111110000010010111000011010111110100000000111110111010111001011000011111111111000110001101
000000000110011010111101100110010100000110010110111100111001100011010000111100011110011011111110010011101011
000100110010111101000000011011110111000101011011100011111100101110100000000001001011011100111101010111010000
111001100100101101111011101010011011111011000111000010111111101011001100111110100010100010000100011010000101
000001111100110111000101010100101111111101001010111101000101111000111111000011010001101101000101110110111101
000110011101111100111111001111111100111011110001111010111101111011110011111111101010100111111100111101011101
000000111111101100000001011110110100111010010101111001000010001100111100111011101101011001111111111001011111
111101001101001110000100100010011110000011101110110010000101010000011011111100001110001100111111111001100101
000011111000100111111110100011110110111100000101001001000000000111011110111100100100111001000010100101000011
111001100100100101111010010100110111000011001011010110000000000011010101000001100001001100000100010001011110
111110000100001010000000110000001100111111010111001101000100111111001010000100111100111110000010011011010110
000011110010001011000100001101011000111100110111101010000100110110010110000100011011110011000101100111010101
000101010101010101111011010011110000000000000011100100111011010001010010111101001000110101111101000011001111
000010011001011111111101000100011101111010001001011101000101000100110111111111101110000000000011110110010111
000100011110000111000001001100101010111001011010110110000011101111001010000000000000100011111011110000110111
000100011000010101000100101010010111000011110111011001000011010010011111000000101001001000000011011111011010
111001110000001011000001000011011100111010110001010011000000110000011001111101001001111010111011001100001100
000011101011001100111011000101010001000101000000001110000000111101010000000011001010000001111101100010010111
000110010111100110000000110000101101111101111111101000000000101000110001000010111101110000111100100010010011
111001011000001111000110001110101111111001100100101111000100010000100010000000010101000010111001111100000111
000010010010110100000100111011011010000011101000010000000101001111001011000011000010000010000101111011000101
111111011111111010111011101100101111000100001011001100111110100011110000111010111001101110000010010110000110
000100010001010011000001111111010100111100011101010011000000110111001100111101111111101010000100000110001101
000001011000010000000110011011010000111101010100001110000100001010110001000010100100000100000000101101110101
000000000011001010000110010001101111111011011110010111111011000110000011000110001011101100111110100110110010
000001100011011100000001001111110000000010010001111100111010011001111111000110100111000010111101001101100010
111110101011101000111101011000101001111101110100110000111011110010001111000101110111111110000110010010000001
000100001010100010000010010011110110000000000001101001000010111101011001000110010000010010000110010111010110
111001110100010001111111111011101001000001011110110011000011110001111000111110010010011010111111110011010001
000011101110011010111110110001011001111111010010011110111001101101011111000011001110101110000100110000010010
111010001010011111000001001110011001111001100011010101000000010010011001111001011111111010111001111010111101
000000011000100101000101010110011001000001010100011010111001101001100010000001010001001111111011101110010011
000110001100110010111101101001000011111110011101101010000010011011111001000011001110111100000001010100101100
111011000000011001000101111111010011111111010110011100111101000010001010111001110111101100000001011101110010
000000110000000100000101100010011001111011011101001111111110111100111010111101010100110111000001010001101011
111100000101001011111001010111100100000000001100000010111001100011011111000001110101110001000110010000000110
111111000111100000111100001010100000000110011111111011000110001011000000000010001010000010111100010111000000
000101010000110100111011010010011010000011001110101001111101001000011010000001111110111100000101101010000101
000100000001110001111001100000101110000011111100001000000011110001100011000000110101011010000100010111101001
000101001101111110000000111111010001000001101001110111111010010110011011000001101011111010000011000000100011
111001110110001100000001010001010011111101010101110011000100110111011011111110111001000011000000001101000000
