111101111110110111000111101100000001000100010110101100111101100011101011000011110101000010111000011101111011
111111101110001101111000111101100101111100101000100100110111110001110011000100110000111010111011000001001110
000011100011110001111101111001001010000111011111010101000011110011111111111100000101001000111100000000010101
110111110110010001111010010110100010000100010010110001000110111100110110000011010101010001000010100111110010
111101100001101101111010110001110001111000011111100010000000101010101110111010100000001000000010110110000011
111000100100011000000101011010010100111010001000010100111100000001111111000110111110101000000000001101111101
111001010011010101000001111110001010000011101100001101000010011111011100111001111101000110000101010110100011
111000010101010100111111110001101010111001001111000111111011000001101011111110001110011100000010101111011001
001000010100101001000111100110110100111100001010001010000110101100100010110111110100111111000101000010101011
111111101101111010001000010100010011000101110000100111000000000101111110111010010010001111111100111010000011
000100100001000011001000000110101100111010110010111011000000011001010101000011111000010000111101010001110101
111001101011011111000110011110010011110111111000100101000111110011110000000011001110011010001000000001010111
000110100100010011000010011011010111111110101101100001111110101100110101111100011001010110111111101100000000
000011000001001110111101101001011100111011101010011101111101110011001111111111000100111110111100101101110000
111100110111101000111101001000111110111010110000001110111000010011000111111010011111111000111100100001100101
111010111001010100000100000110110100000111011001000010111101001000000010111111001100110000000110010100101111
000000111110001100111101001111111100000001110001010000000000001000111110111011000100100010000110011100010110
000011001111001110000011000111101111111101001110011010000010110011100100000010111001111110000110101111000010
000110001101110111111100010110111100000111111000001101110111111000110101000001100011011011111001011010110100
000100110101010110000100001111111000000010010101010010111110000101110111111110010000011101000100011000110000
111000101000011100111110011011001111000001010000010001111110000110110111111110000011010110000111101111010001
000111111100001111111010011101100010000110110111100000111101001011111011111010001111101110000110100000110010
111111001001011110111011100101100100001000001100001110000011000001110001000101101101110000000111100001110110
000100111011101100111000000100111111000000010111110111000011000101001101000111101101000110111011110011111110
