111100001011000100111010000111011111000001000011101000000001010010000110111000000001010110111010000111111100
000010000000010010000101001001000000000100101000101111000110100000110000000111101011001010000010010100001011
000011101010011100111011000101011011000100010100101010111010100001001011000000011100001001001000010101101110
111100101000100001001000000001111010000100111010010001000110011100111001000000000110111000000110000011101011
111001100001110100111111001110110110000000100111100110111111111101001011000001010011110101000100100011111100
111100101001011110110111101101010111111000100100011110000001010001111011000001110011100100111001001110110010
111100111001010111111100110111000001111011010010111010111101001100011001111001010101110000111110000011111011
000100100010000011000011111001010010000111001100111011111011010001101101111011010101110111000100011111011010
000011110000001010000001100010110111111010001101000011111001010110101110000110101110100100111011011000011011
111110101010100010000110010011001100111001000110110001111010111000000000000100011000010100000011100111011110
000001010100111110111000010101110010000001011001001110110111101010011110111000010101110000111001110111010001
000011000011011101111000111001011011000011000110101100000001000110101000111001011001000001000011000110000001
110111101101110000111100010011011000111100101000010000000000010110100010111100110111010000111010100101100111
000001000111001011000010000111011010000001000101001101000101110110110010111000100101000110111001101100001011
000001010011001000111111011111101111111011011000100101000011100111101100000101010111110111000001111000110011
111011111010101111000111110101000110111100000110011010000110001100111001000001010111010100111011001101010110
111011000100000000000010111010011111000011110111101101000111100010001100000000111011011101111000001111000010
000100000010011111111011011110000110000010010100101011000101011001000111111111100000011111000001100010101011
000011101100110000000000000110101100111000101100111110000001000000010111111111110100010110000010110110110111
000111100111110001000111111101011100111011110001110111111011111111001111111000010011011000000101000000110000
000011011110011100000111111011111110000000011100000110000001000000000110111110111111010110111010011110000011
001000010010010100000000101100011010000010110100110001111111111101010100000001000000110011111001010100001001
111010001011011100000111111100000000000100100010010101111011100111101010000000000100111100000001000111110011
000011110100011100111001000101110101111100000100100111000111000010100010111100111100000101111011100100010010
