111001110100011100111101110000000010000110001001011101111100001111100001000100110001001111000100101100111010
000010100010001111111010000010110101111101011101110111000001011001100010000010101110100001111011011100011011
000110001110010100111111100001000111111110100000111111111010001000101001000100010100100001111111010011110110
000101100110000100000010111011110011111101111011101010000100001100000110111110010110011010000110001111011000
111100100111110111111100010100110000000011111010000110111001100010100001000010011000101000000011010111111101
000001010001111011000110010110000001111010000101011110000101000100111001111111111000101111000010010011010000
111111111000111100111011101111000100000101101101101011111110100110001110000011010001000010000000110101100100
111110110000110011000001011010101101000000011101011000111011001111101111111010010111000100111011010011110100
000010000001000001111110010010110110000100000001010011111011001100111101111101010110111001111110111010101010
000000010011100100111011110101100001000010000111000100111111101011111000111101010010101011111101000101010000
000010110111010100000101000111000001000000110111111000000000000000001000000100001100110110111111000010000000
000101111101000011000010110111001010111110111110001010000011110000101111000000001100001010111100101011101010
111111001101110010111101011110100001111011111111000011000101111011111011111111100101100101111101010000010001
000100110101001100000101101010111101111100111010100100111101001110000001111011100101111010111100010101010010
111101110110111011000100100100010011111111010110001011111110010101110101111010100001100011000101010111111001
000000110001000101111110111111101101111100000001101011000011100000010010111101111111111011111101011010101101
000001011111000101111110101111110001111111100001110100111111011111010110111001101110010011111110101000110001
111010100100010100111101001010110100111101011010110000000101110011010001111010111111110101111101101111101001
111100111100111000111110000001100110000000001111011100000010011101001100111101000000010111111101111110111000
111011010100110110000011011100101100000001101000011000000110011110101010111011100011000101111110001101000100
000000010111010011000101011100100000111111100100101101000011110010110110111010100011101001111001111011000000
000100110111010001000100100011110100111110100000011101000101111100000000000110101011011011000100000110101000
000001100010000100111101000110000100111111100110001100000101000000101110111111010000111111000010011100111100
111010100110011110000011101100010100111101110111101001111011101000100100111011001001110001111011000010001000
111110111111000000000101100110111011000011111001010011111100001000011010000001111110011111000001001011011101
111111001100111101000000000110101011000000101101101001000000111010001000000000100111011101111111101111001000
111011001111100011000100100100000011111011000101101110111110001111010101111010000001001110111001010101111110
111101000110010101000001011110111100111100100011100100000011110110010011111111101011101111000100001101010000
000011111101010000111100000000111101111001010010000001000010011001000010111101010011110000000101010011001100
000001010001000001111001010111000000111100100000001111111101011011101100111111110010111111111111011011010010
000101011011011000111011001001100000000011010110101000000010011011000001000011001000110011111010100111111111
000001100001001101000000000011111000000000000110000001111011111100111000000011001101111101111011110111000110
111010110110100011000110011001011100111100100100111111000101111001000111111110010100100010000000001101111001
111011100000010010000101000100111100111011010000111110000011001101011010000000110000001110111010110001110101
111011100010010100000001001101010111000001001001100011000011010111010100111101011100111010000001001011100000
111001010101111001111101001010011001111111000010001100111010010100100001000110000101011110000100110000100000
000011100011010111000100011111011101000110011110001110000110001110011110111011011000001101000000011111100100
000100001000101010111101001110100101111100110100111001111011000011000111111111111100010011111111000001010010
000101110110001101000000000001101011111001100111011111000100000011001011000001111010110011111110011110000011
000010111100101001000100100101101111111111010000010111111010110001001010000010011010110111000010101101101011
000011111100001100000110011111101111111101010011101010000000010001010010111011101101111011111001101010000111
111101101000010011000010111011111110000001001100011101111001100100010001000100001010110100000001001011100110
111100111000011101111101111101111100000100111001101100111110011010010010111111000101101101111010001101101101
111001010100011111111110000100011001111100010101110011111001110101011111111110001100111010111110101100110111
000001010100000000000011101101010001000010001011111011111110011001110111000101001101001101000100111100001110
000100101011101011000110000011100100111101000100111011000010010010101010000100101100001101000000111100111001
000000101000000011000101011110011111000101100011010000111001010101110101111011110011001101111100001001000010
000100000101010000111111010010111101111110000011010000000010111110111000111010000100011101111100001010001011
000110011100001100111100100001111110111011110100111100111111101011100000111100111010011100111111001011111001
111101111000111000000100000111011100111101110101101001000101010111001100000011111110110011111110101000000001
111101000010001101111010101110011011111111110100000111111001100100001111111011001011110001000011011010011111
000001011101010100000110001100110010000000101111111000111110110110110110000100001101011111111110111110001000
111100001000111001111010011100010100111101011000111000000001110011010000000001000100001000111101110001011011
000011110000010011000010110101111110000100110000010101111111011101100111000001000010010111000000100101010110
111111010000100000111110000010010110000110001001101111111011110110010001111010110011011001111100010001110011
111101100011101111111101001101111011111010000001110011000010001100010111111101001001010111000101101110000101
111101000111000001000001000000000011000101110000110010000010100100100111000010010101010111111111011010011010
000010010001010101000010111110000010111011010001011000000000101011100101000110001111001001111011000100101101
111101010111101001000000110111111010000100110010010111000001000111010101111110110001000011111110011111001011
111001010110010010111111011101110101000011001000111110111100001100101100111100101000010110000010010100010000
000010000111010111000100001111111001000101000001001111000000001111000011111111111011010100000101100001111100
000000010000011001000101101110110100000000110110001000000010010111101110111111000111110101000011000010010101
000010110100110100000001010110111010111110111111000001000101100110001011111100100010100001111011010011010111
000110010010001101111100110000101010000000011110011011000010100011100000000100001000111010111101111101111011
000001100100110111000101110010111010111111001010100111000011110001101100111011101000000010111011100001011001
111110010100100000111110010000100000000011100110100110000011001100010011000110101101101000111111100010111010
000001001011010001111110111110110101111111111001011110000100011001110011000110101001110011111100001101011011
111101000000010001000100010100110101000100110010000000111111100101001110111100000000111100111100001010010011
111111011010011011111011011111010101000000110110111100111011010000100000111100011111111011000101100001111111
111101010100001000000011101001010010111111111010110000000001100010111110000001001011101100000001101001010000
111011001000110011000000111111100100111111101000110100000010110101001011111101001010100001111101001011100001
111001101010110001111011010101010101000101111001011000000110101001011110111111100110101011000110101000000001
111100110101011101111101010000111111111111100110011011000001011101110010000100110000111110000001000111010111
000100001011001100000101101001000000000001000010000110000011011100101101000001000001111000000010011111100011
000011100110101111000100001111110101000110100100110111000010111011110100000001000110001010111100111011110111
000000110100010100000110010010010111111001101001110110000110011110010010000100100001110100111101101100001110
111101100111101000111010011101000000111010000010111010111110100001001010000101011100100000000100001101001101
000000011000011000111100000110110000111001100000001010111100111001010111111110101000011011000101000110100010
111001100010111001111101100111011101000110011101110110111011000100101011000000100101010000111011010010010011
111011110101110100000011111111100100111101001100011010000100111101010011111111101101000110111011100110010101
000100101000110000111101111010111101000010010011010101111001111110111010000000110101011001111011011100101001
000001110011001010000011011110111100111011010110000001111111010111010110000110101001001000000110100000000000
000010001101101010000011101000001010000101110100011101111111100110100010111011100000101000000001101000001000
000110000001010100111110101000000001111101111101101111000001010010101101000100110001000110000101000011100111
000101011101111001000011100100101011000010000010110010000001011010001011111011010101011100000010111001001000
111111011010000011111110111011100111000001011001011011000011000011011111111011000010110011000000001000101101
000100010111011001111100111110111111111101000100010001000001110000110110000011110111101101000010101111110101
111011100010110001111010110001000110111001110001000100000101100110001010111010111001010101111001010010010001
111101100101010111111101111111011101111101101100011101111101110101000110000100011001110101111011110011101100
000110000101011111111101000001100010000000100001110000111011100101100100000101001111011101111110011000100110
111110100010011101111011101011111010111111000100010110111111000001000101000100111100111001000010101010111010
000001001001011011000110000111011010111011101011010100000110010010110101000101101001010110111100110011010101
000100110001001010000011110100100001000101001111101000111010100011101100000010010100011100000001101001000100
000101101010111011111011010000000110000101001011100001111110101101100100000010011011100001000110001001100011
000110100001010101111110000010110100111110011110101010111110110111101101000011110011110000000000011100010100
000100001010000001111100011110100111000101000001101001111010110101100011000001010010001101111011110000111001
