000101110011010111111100001100011110000011001001010101000011110101001000000110110110011100000000001010000111
000001101100000001111000010101000011000101110100011001111101011101101101111111011000101110000111111100100110
000111010001101011000001100000001110111110100111110100111011011011001101000101001111011101111101110001110011
000010000011011001111111110101010111000010100101101101000101100100110001000101111110011011111111010111000000
000000110011001101000010010110111110111000000111001010000101100110100110111100110000000111000110001101111000
110111101010001010111001101011010000111100110101101101111001010000011001000111000001111011110111101110100101
000100010100110000111011010011000100000000100011101110111001110010110111111010111110101010000001001001110010
000100000001100000000100100011001110111001001110010011111000000110101000000011111111001011000010001111100011
111110000011001000000011110100011011000111101010010101111001110010100110111000000000111010000010111100000011
111001111010101100110111101100000110000111010001111111111011100000100110111100101001111111000101010010100100
000100100111110011000100001001010011000110111100101100111001000100011110111111001111101111000001110110110010
000001011100100100111110011100011100000000111110011001000001111010001100111011000011000100000001111110100000
000100011000111110111101100100011101000011111101100010000110111100010101111010000100111011111110010100010110
111010000110010110111000101110010011111001111100011111111011000000110100000001010011011101000010011011100010
000101000101000100000010011100101110000011010000011011111110101011011111111101011010011010111101111110111010
111010111111111010111011101111010110001000010011001100000111101010110100000101010011010011000111101001100111
111111101111110111000000011100111010111001000111101110000010001010011100000100101110000111000011001010101000
111110001111011011001000000110000101000110101000101010000011111101111110000101110100011100111101110101011110
000001110001001100000001101100101001111000101010110111111100110101001100111101111010110000000101010011100010
000001001111110111000101001100111010000011100110100001000110011100000010111111011101111010111100101111110000
000000010010110111000010010000010101111111010000001101111000011001101111000111111100101111000011000011101101
111001111111101010111110010110000000000011101110001110111100111011111010000100100011101000111101001001101000
000110001011000100111010110100001101111101110010010011110111110011110110110111110110000100000100010101100111
111110101001011100001000010110011000000100101010110010000111001101001100000011100110000100111110001110000011
