000010101001011011000010101011010110000011110100111110111101100010101011000011001110110000111111000101011010
000101001100011010000010010100111100111001100100100010111110111110110111111010011000101010000100000100001111
000001000010110001111111111001000101000101001111011011111101010010101010000001110111000010111111000110000010
111010000100111101000100001111001111111010100000100011000011001010101101111011010101001101111011001111100110
111110100110100000000100111011101110111010010001110111111100010111111111000010101111100001111001101000100011
111100010000001101111011000110010000000101101001101111111010110011101101000011011000101011111101000111111010
111111000000001001000000000001000110111111010001101111000110001101000110111110001010010101000011001110100110
111100100010100100111101000111000100111110111101000110111110011111010011000011110001111110111111101000111011
111101101100111111000000010011110010111101101010011001000001110010001000111100011101011110000001010110111000
111110111000011100111001110101011100111100110101111110111011011011000011111100101110000111000110011010000100
000011101001000111000001001011011000000011110101100001111100101001101000111101110101000001111010101010111000
111011011111111011000011110100000111000100110101011101000000111101000000111111011110110011111101001001000101
111110001111000101000100110101101000000100111100101010000000111010010000111101001010100010111100111011101101
000100011111110010000110010010011000111101001010110011111001010010110110111100111011101101000011011110001001
000010100111110010000010110010000001000110101101100011000011100001000000111011001000001101000101000111010101
111110100101101011000001110100110111111101010011101110000010001011011111111001111111000111000110001111001101
111011010100001010111111110100000101000010101111001000111100111000101000111010000100001110111100010000011100
000101001110011001000000000000101110111110010010010100111001111000111010000101000100101011000010001000111010
000000001111011101000100101101011101000100010001001111111010111010101101000011000110111110000001110100111011
000001111001110100000100100110100110111100000010000111111111011000001100000000011001111000111011101011101111
111110000111100111000001011110000000000100110000111100111011101100010011000010000000111111000101000101010001
111111110101001001000001001000101110000010100101010001111011000010011010000110000101010111111100010110011100
000001111101100001000101100110001011000000000010111100000110010110001111111010110100100100111001110110011010
000101101011000100000010101111111010111001111010111100000001111110001111000011010010000101000101001001000111
000010010101000001000101110100000011000011111100111101000101011110101110000010110110011000111101010001101010
111111100011110000000011011100000011111001100101011010111110010010101101111101110111010010000000111111001011
000011000011110100000110010000111001111010010010110001111010111001011111111111100101010100000100100110001101
000010010100111111000011100010010000000000001111010101000011001011001010111001011001011010000101111100110010
111011111001001100000001111100101100111111001110100101111001110111111111000011001011000010111010101100010001
111111001000100100111101000100010110000101001110011110111011100011011111000000001100000100000000011110001111
000010001001010010000000000100101010000011001000111111000010101001110110000110010110111100000100001001100110
111100111110010000000011110110101101000100111010010010000100011000110010111011000110101000111100001000100011
111111110111100000111011100111101000000000001100101111000011111011001110000101011011000000000010110010110010
111110110000101001111001101111100101000011110111110011111111000100110001111011110110001110111010101111010111
000100100001100010111001101001110110000100000010101111111110100001010001111011010100011010111011110010000111
111001100001000000000000100011000010000100000010110011111010100001110001000010000000101101000000001110100111
111110110000010100111110111001101011111100111110001110000000010000100100000000100100010010000101110111101101
000101100100111011111010001011110111000001011011111101000101111110100010000001010111110111000100010110011100
000010010000001101111111111001110100000100101011000110000101000100000010000110011110100010000010001101110000
111010010110011111111010000010110110111111100111010011000000011001011000000101011111100111111110001110011111
000001111011010111111111000010010010000010111110100011111010000111101100000011101111100010111001110010011000
000100000111010110000010110111011010111101100110010011111010001000001111000100000111110100000100010011100011
111101101101001110111101010001011011000010110100001001000010110100101101111011000100011100000000000000111110
111010100101110111111111001010100101111110111000100111111110010101011001000010101000111100000000111100011100
000011011100010011000000111001111011000101110000011000000011000000100001111101010010011010000010100011011101
111101010001000101111010111100111001111111010000111011111100101010110110111010001100011010111011000100010101
111011010111000001000101011010001001000000110101000111000101111100011001111111010010011000111101110101101001
111101010011101100000100000101110001111010001000010011000110101010000000111011000110001100111101011001000111
000001100111010011111100001110111101000101100100010001000011100100010110000010011000100010000001101010100000
111011111101001000000001011101011110111110101010000011000101011011011100111010011011111110111011111000110001
111011000101111101000101010010101010000010101101011000111100101000010010111101110100010101000010111100010010
000011110011110101000011110101001010000101011000011111000100110111000110000100011110010111000000011100011001
111110010001101001111101011110010000000100101111011001111001101110110000111110011100100100000100101000010000
000100011101101111000110001111010011000100011110100101111011100011011100000000011101000111111001101110110110
000101100001000111000000100110011111111011011111000010111010110000111111000010110110100101000100100101001011
111010100011100011111111111010100100000100001110000011111010101111100011000010100000100101000001000000001111
111011110011110111111111100100011111111111011111101100000010100110000110000100100010100101111111100001111100
111010010100110010000011110000110011000100011001111001000011001000100111000101101101011110000011110110101010
000100000100010111111010000101000101111010101100010000111001100100010010111101011011110010111100110101111111
111011000011101110111011001010100111000011010000111111000010101011010110000110100100111001000101110000000110
111100100000011100111100011010110010111110000110010100000110011010011011000011001110001100000011101010111000
000110010110110101000001010110001110111110110011011100000010010010101011111111010000100010000100110010010001
000000101001001010111001110101010011111011011100100011000101001001011110111010101101110011000000110001010001
111100001110010110111011111011001110000100100111100111111100111001100111111011000001111010111011100011010110
111011100001111101111110010000010110111001110010111001111010010110110000111100101100101001111100110110101100
111101011011010101111011111001001101000010000100001000111011010000101001111110111110000011000010011111000110
111100101001101001111011001010111001000000101000011010111010001010010011111001011100101000111011101000111101
111010000100001000111001111101100010111100100111111000000100000010101001000010111100011101000011001111101110
111011010111111110111100001000101001111110101100101100000011110011010100111100011000000101000011110100010001
000000001110111010000001000001011110000011111011101101000101101100010111111111000011011100111001110100000000
000101100001011011111001011001111111111100110011001010000011101101000111000011010100110111000000110100011100
111110011011001110111101111001000011111111101011101011000100000011111000111011101110001111111010000001110001
111110110001001001000000000010110000000101001001111000000100111100111000111010101101010000000100100010111101
111100011010001100000001011011011100111101111101101001111010101001101001000100000110111001000100010101010010
111100111100010011000001111100101001000100111110000101111100001100110011111011001010000000111100011101100011
111010001011001010111101000000110110000101011011010101000101100101110110000100101000101101000001110001100110
111010011001100000111110001010110001000100100011011010000000100000011010111110011001110110000101010011111010
000110011111001001111101101000101010111100001100100000000000111000001110111111001100101100000101001101111110
000100001010010011000110001111110010111010000110110000111010101001111000111001110011110100000110010101101001
111010110100100110000101000011111010111101111100101110111111001001000111000001111111101011000001100111110111
000011110011110110111101000100011101111110011000000011111110111101001110000011011010000111000101101110101000
000101111110110110111101110101010111111001011011101011000101101111100110111100111011011001111011000000010010
000101001001000101000000000101110111111110011000011100111110100111110000111101011010100110000110010100101111
000010000111000100000100001011100100111011101001010011000011010111001010000101001001001001111111000111111101
111101111111001101000011111100011010000001100010011010111011011101111011000110011110010111000100011000000001
000011010011111100000010101100110110000110100000111111111010001000110010000101000001011111111001111101011001
111101011010101001111111011111011000000100000010111001000000011000110001111111110000110001111101010010101010
111010010000110111111111000100011001111111101010110111000000110111111110111111001101010011111100011000110011
111011110101010001000100100110010001111111110001101010000011001010111011000011111100100100000000111101011111
000110010000011101000001010110000000111011001000001110111110001001011001111101111110011001111111011110000101
000001101100010010000000011010110101000101010111111010000011001000010100000110010001000011000001110000011110
111011111111000010000100010000110110000101111000110001111100011010001111000100001000010111000000000010010011
000100100010101101000110101100000011000000100111111000111010111010010011000100100010110101111110011100010111
000001111000110111111101110100110100000110011011110001000100110000111011111011010100011000000010100111100110
111010111000111101000010010111001101000001011011001110000001111001101011111010101110100000111110100000011100
000000111010001100111001110010010001111001101010000101111010011100001111000100011011110101111011100001100111
