111000110110101011000111011110001010000010101101100010000001101101000110000100001101000001111111011000000101
000010001101101010000110100110001000000010001100111011111100111000111011111011011010110001111001101001001111
111001011100101111000010000001010000000001111001011101111101101111000101111110001000100011000110111100110110
111000111110110100000011111000100011000000001110111000111011101100111001000000000011101011000001101001001001
000110101001111010111100110000011101111010111001100001111110010110101010000011110111010111111110001111100100
111100111000011011111110100001011111000001011010001111110111111011011010110111101110001110111010110110001011
001000001101110101111001000101100100000111010001111100111111111101000000111001010011011001111010000010101001
000001000100001010000010001011001101111100100100111000001000010101110110000011011001111100111101011000010010
111111111010110001111100001001100011111011111110000110111011011110100100111000101110000111111001101100000001
000101000000100111111000001001011010111111010001101101111111110110100011000110010010001010000101101110011101
001000001101111110000001011010011011111001100110010100000111101010100011000111010011001100000011111101010111
000101011010001100000111000011010101000011110100001111111110110101111010111100011110011001000011110111011101
111010010010000011000110001101011100000010011100000101000010111011100100001000001000001101111100101101100010
111110001101001110000001001110110000000010011110001000111111111010100011000011010000010001111000100001011110
000100100101001000000101100010100100111101100111110010111010011101000000000110010000010100000010010101010110
000010101010011110000111110101000000000110101010001001000000100111100100111111011000110000000110100011111100
000010011111101110111100100110100111000010000000101000111011111010011111111110000101010100000010111110110001
111100000110110010000101101000001101111101111111110011000010101100000110111100010110101110000100110011111111
111000001110011101111100011101001101111011110100100001000111001000011101001000010011110000111111011011011010
000111110100011110000111000101011001111100011000011011001000001100111000000010110011011001111000011010110110
111100011101001100000110010011101010000011111000111001000010101001001111000110000100001111111100001110010100
000011100111110100000111101101110001111100010101101101000000001111000111000011100111100101000010001010100100
111000100011000110111110010111010100111001111001110110111011010000100100111001100010100010111001100000000100
000001000001110110111100110100001100000011111111101100000101111101100011111000001111011010111011010101110100
