000011010000011100111010000011000010111011010011011111000000011101111101111001001111110100000010010000101001
000000000010010001111101101111101001111001100111001000111101110111111101111010111001101111000100100011011110
111000111110101111111001011001010111000101101100100101111000100011011100000001001010011010001000001010011001
111011101111001000111010100000100011000111011011101100000111111111011110111110100010011011000001001100000010
111101110001110000000000100111011100111101010000110010000000011011001111000010011110111001111000010011000110
111001101001001111111101010011111111000001100010110101111101001010101101111100100101011111111110101110110000
111000101100110001000101111000111110000000000101010000000010111111101001000110110111110011111011110111000000
000110100110101100111010011110100001111101111000110100000111010111011101000110110110010000111111011000110101
111001010110011101000011001000001101111110000111001000111111110011001111000101110001110011000011010111111010
001000000001111010111101100110101001000010111011010001111101100011100010000100001001100000111010001000100011
111000111111001001000001101011101101111110010000001101000011100101110101000101111000000100000100100111111110
000000010111101010000110101011101101111110001100101010111001001011110001000000011010100100000010010000101000
000100001111110110111001011010000000000000111100011011111100010011111001111100100001101111000000000001011001
111011101001111111111101100100111110111101000001011011111101101011100100000001011000111011000001010001000010
000111100100100110000011010110011001111101111111010001111111000100011110000110110100110010111010001101111000
111001100000010011000101010111010110000011110001011100111011110101001101111111010001001010000100010110110111
111010111010001111000111111000011001110111111001001000000100100001111111111010001101011001000010110110100110
000000011110010011111010101100000000111100000010001110111111100100110101111110010011111001111000111101111111
000001000100101100000101100000000100000000011101011010000101100100101100111101111101011010111010001000011101
111011111100011001111110110110011001111111001100010111110111101110100000000010011000011101111111010110011101
111010001001110000000111000111011010000111000010110001111011110100100011111001111010010110111000001011010010
111011010101010011111001001011000011111011100111100011111110001010010000111010101010111010000101011010100101
111000101101100011111001011111110000001000010010111011000101110000010000111011111100101010111011100100101010
111011100101111111111100000100100111000111011011101001111010111000111011000011011010001001000111010001100100
