000011111101010111111001101100000001111010000010101001111110001111100100000110111100110110111111011000000101
111001100000000100111100001110010100111111011011011010000010111110110001000010010101010110111100101101100010
000111010011001100111000101110000111111001010011011001000011110111010111111110001000100011000100001101000001
111001100010100010000110000100001111001000010011110000111110000101010100000110010000010100001000001000001101
000111101010100011111011011110100100111111111101000000111110010110101010111101101111000101000001101101000110
111011010000100100000010101001001111000111001000011101111011111010011111111010011101000000000010111011100100
111001100110010100111011111110000110000111010001111100111010111001100001000001111001011101000010101101100010
111001111001110110000011111000111001111011110100100001000010000000101000111101100111110010000010011100000101
000001011010011011111100001001100011111001000101100100111100110000011101000010000001010000000111011110001010
111110010111010100000110010011101010111100011101001101111100100110100111000101100010100100000110001101011100
001000001101111110111111111010110001001000001101110101000110101001111010111001011100101111111000110110101011
111000100011000110111100011101001100111000001110011101000010011111101110000100100101001000111010010010000011
000011110111011101000101101110011101111101011000010010111010110110001011000001101001001001111001101001001111
111011010101110100000010001010100100111000011010110110000100110011111111000110100011111100111000100001011110
111100011110011001000110010010001010000011011001111100110111101110001110000000000011101011111011011010110001
111000001111011010000011100111100101000010110011011001111100010110101110111111011000110000000011010000010001
111110110101111010111111110110100011001000010101110110110111111011011010111011101100111001111100111000111011
000101111101100011000000001111000111001000001100111000000010101100000110000000100111100100111111111010100011
000011110100001111111111010001101101111100100100111000000001011010001111000000001110111000000010001100111011
000011111111101100111100010101101101111100011000011011111101111111110011000110101010001001000010011110001000
000111000011010101111000001001011010000010001011001101111110100001011111000011111000100011000110100110001000
111100110100001100000111101101110001000111000101011001000101101000001101000111110101000000000001001110110000
000101011010001100000101000000100111000001000100001010111100111000011011111000111110110100000010001101101010
000001000001110110000011100111110100000111110100011110111100000110110010000010101010011110111110001101001110
