111001101100010011111000011011011000111100010101001000000000111010110010111111111110101010000111010010000001
000000110110001111111000010110101111000001101111010000000000000010100110000011000001101011000001101001001001
111101011110001001111110011010011110000100011101101001000001001111000101000111010000101001000101000000101111
000010110011010111111001110000100010111100011110111010111100111100000100111110110010101011001000001110000110
111110001011000101111000111110001111001000001100110000111100110100000101000000110000101010000011000110010111
000111010110101100000101001011101111111011010111001101111001001100100000111001001011111000111011101011100011
111101110101011011000101101010011011111100101000000001000000000111000101000100000111001010000100010110101101
000000101100100110111000011010100010000110101011011100111111001001001110000111001110011111000001110110110001
000110110001010100000000101110011000111011010100110000111001100101100110000100000100110010000110110100100010
111001001011101111111001110101001000000111111011100110111001010000000101000001101111100001111000001000010100
111001001110000001111011100011000001111001011111111010111111000011011010111000111001110000000011001111000010
111101000001011101111000000101111110000110111100011101000111011100010100111101100010011100111101010010111110
000000000000101010000001101101011110111100001001111110111110100001010110111111111001001111111111111111100100
000110110100011011000111101011011110000001100101001110111001111011101001000000100001010000111010000011100001
111100100001110000111100110000000001000101111010100111111110001101100000111110001100010101111101111101110001
000110010111101011000100100100110011111001101000001001111110110110011011111011111010100100000000100111010001
111111100100001011000101101000111010111110001011101100000001110110101000111010000001000110000011010100000101
111011101000010001111000110111010001000101011010010000111001110000011001111001001111101001111001110000001011
000110011110111101111111111111111011000010011100011100111000010010000110111110000001111010111110100001110111
000011011011000101000110100011000001000000111000111011111010001100000011000111010011100111000111100100111110
111001110010100100000000011011011010111011011010110011000110000001001101111000101010100111111001100100100001
111101100110011110000101011010011001000001110111000101000101101001001111111011011100011110000111110111101011
000011110000111100111111101100101001111001101101110010000001100011010011000000101010010010111111100011011011
000001111100100100000011011011001001000010101101000001111110001110000000000010010000000011111111010001010100
