111101011010000100111110111101000010111001000110011111000110000110001010111001100111101100111100000111011001
111101100110110011000010101011000100111110010110000011000001010101001100111101011011000001000000101000010111
000101000111110000000010011100100101000110110011100000111000001111101100000101111011010100111100001011011011
111000100011111000000111010110110001001000000001000000000111111101101111110111111101110010111010100010100010
111110111100111110111111010110111010111111000000110011111001101110001111000110010000000110111100101111110010
111000110010111010111111100100100011000101111000111001111100011011011110000111100010001111111010001000110010
000010011010110000000010100010000111111011111100001101111110101101011100000111100101011111111010010000110001
000001101100101110111001011110101010111010011011010111111110101101001001001000010010101111111001001110110011
111110011010000111000111100100100100000010101001011110111000010001000011111100001100101010000111110101110110
111111000010010000000001000010101000000100011011011000000011111110001110000100100101111010111111110101011010
111100000111111010000100001000000111000000110111010001111011011111111010000101000000100100111000100110111111
000011000100110100000010111110110001000100010101101001111010111101000010111010000011001011111110010111010111
111010010111011011000010101101001100111010000110011001000101100010000010000111011111101011000110000010100011
111110010101000011000010011011101111000100001011100000000110000010110011000111110010000001111110010110110100
111111111011110101000000010001101001000000111001010001111110101011100100000101000110010111000011101110000011
111011111110001010111101000111000000000010110001101111111011000011001001110111111001001011111000010001111110
111101011001110101111011110001101100111101001100011111000000101000110110000000011101111110000001100001010011
111111110011110100000010110101101100111110100000100111111101010100001000000011100101110011111101011101110010
111001010111010110111101111000011000111101010010010001000000101000111101000110111001101010111110101000110110
111011100000110111000011001001101011111001000110001110111111111101010000111111001010011010000111011100011011
111100000011010110111101001111010100111000000111111010000010101111100101111100010111110001110111110100011100
111010110101011111000010101101111100111011000011001011000101100001001110000010110110111110000101100010110101
111111110010010110000001110111010110000001001011110100000111100001001110000101001010101000000111111101000110
000111001010100010111101000111110001000000111101000010000110100001100001000101111011001111111001010000000001
