000101011001010001111101111111011011111001111000111001111110100010110000111010100001000101000001010101110011
111010101011101001111111111100000001111000011101001101111110111011001100000010110000010100111111001101000001
000011001100110111000110101000101001000100111101000000111101100110011011000100111110100111000100111011001111
111101111101100110111011001110100001000111100011100100000011111101110001110111110110001011111011101101010001
111000101101110110000010011011100011111100000010100000000000101000100000000000111010011011000100100010110110
111101110001100100111011011000011011000010110101001100111001011001110011111111011011011100000011000100011111
111001011000110010000010111101110000000001110111111001111100010111110111111110100101010001000011110100111001
111110111001110001001000001111011011000011110101110111111010000010010011000100100000110111111000101000101100
111000000011111010000001011001110010111010000100011001000000110111100110111001011100111100000010100101000010
000100000110001111000111110000000010000010000011101010111111001010011000000101000111010010110111110100000001
111011001010100101111010001000100011111110000101001101110111101100100010111110011101011100111101101110111011
000111100110101000000100100101010010111001101000101000000000110101101010111111101110011010111100110101011000
111100010001100101111001110110011110111111001101111010111100100111110011000001111010101000000000010100100100
111100100110111111001000010011101010000011001001001011111111111111111100111001100000100011111111010101100000
000011101011010011111101111001010011111101110000101100111110010111110000000000100100000110000110100001011111
111101110101001111111110111000110000111010001110101001111101000110100110111001100011111001110111101101010100
111001100001011101111101110001001100000111101100100110000101011000110000111011101011010000000111011000100111
111010010111010001111011011000100110111101000000000111111000100101100110111000000001101101111100001000000101
111111010111101010110111111011111111111101110100111011000010011101100101111111010011101010111000000111110110
000000000000110110111100111110110110111111010100010100000101000101000110000001010111010000111000001110101001
111011111100001100111001110000101110110111111000101111000101110100000010111001011110111001111110011011010101
000110000001100000111110011101100000000011010001001111111110111101111111000010011110110111110111111011111011
000000101110111000111011010001011100000000110010010100111101110001101110000110001010101000000000010000111001
111111101100011100000001011111111000111001100011101001000101001011011000111000110101101000111010111010111011
