111010100000001001000001011100100101111111000110001000000010101100110110000100010001100111000000111001010011
111110001110011101111111111011001011111010111000011110111101110001100101111110000011101001000000111010101000
111101001010111101111011111000011001000000001011010100000010010110010101000001011110001011000010111100111001
000101000000010000110111110100110100000011010100001101000011010010000100000110000110010011000111011011110110
111010101100000111111010001100100101000001100100000000111001110000011000000101111010001110111000001100101010
111100010101110111000101101110010000000000100100010101000101101001111011000100101001000101111010011111110001
111110110001001000111101101011001111000100110001011101110111101111011000000101101110111010000111100010110100
111111011100101010000100010110100111110111111010101110000110101100111101000011011111001110111000101011011100
111111110100010001000111101110010000111000111111110010111111101011000101000111111001011100111001110111000101
000100111110000100000110010010100010111110000010000110111111111100011010000100010001111100111100101001000010
111000101111100010111000110110010010000010011111011111001000001100101101111010010010110000111011001000100010
000001000110110000000001110100100100111011100101000010000110101001101110111101110011011000111100110101001100
111110000100111011111100110000010110000100000011100001001000000010101110111111101000100011111000010000010111
111111011000010100000011111010010100111100011010110100111000110001011011000000100001101001000001001001110110
111110101001100001000110010000111010000100001101000000111100010101010111111110001110001101000111010000011010
111010011010110110111110010111000111111111110111001110000010110101110001111011011111010011111000000100100010
000000111011101000000101000000101010111000110101001001000110110101001000000101101111100011000011001010101000
111010101010101000111001011100000000111001101000010111111111100000101101000000011110100110111001111011001110
111010010101101100111001001101111100111000001000101011000100100101011000111010011001001110111110011100001100
111110010001101000000011100100011010111001101100110101000111111010111110111110001011111100000111000000110100
000011111000001010111110101101000001000001100101010101111000001111000011000000001000100000000101010001010110
000011111011111101000011101001010110111010000010010001111000110011101001000101100111011101111001100000111001
111010010110001011111011100111001010000000110100000011000110010100100001111110000010101000111001110001011101
000101001011000001000110011101011001000111000011101001111110110001010010000111101011101111111000001101000010
