000010011010000101111111100000100010111001111001011110001000001101011111000001111010111000000000010011110110
000110101111001100000010010011111011000100011001001100111010101011101110000001010000001001111110100111000001
000000010100000011111010110000111111000101100110000000000010000001110101000010111100110010111001111111011010
111010101100110110000001111101010111111100010110000010111010100010111100000101001111101101111001111010100011
000010100011100101111101011110010110111000110111011101111010110010100101111110101010001011000010101000111000
111101000100011010111111011010111110111111010011000011111101011010101010000111111001011001000010001010011010
111100010100000011000000100001000010000100110000000010111001110001001000000011100100111110111000100101010110
000111010011000101111111000001010001111011111010101010000100101010111100000011011110001001000101111010101000
111111010001100000000010111100001001111101111110000100000010110001010001000100011000000101111100110111001111
000001101100011001111101100011000011000000011110100111111001100001110000111110100010100000111111111110001011
110111110100000111111011100010001000111000101011001111000100000001100100111100000001110010000100011110011010
111100110100001000000001011011111000111100011100000100000010101100000010000111010001101111111110001001011101
111000101000011011111111000000110100111110001110001011000000111111000011000111011011101110111010010111110001
111011111000011111000001110011011101111100011111110000000111011101101010000000101110001000000000000101010001
000010000001011011000011110001111100111101010111001111111100010100101000111000010110110101000010000000001001
000111100110000001111011000110100110000111111110011111111010000001010010111111100100001000000000100101111010
111011000010100111000111100101101001000010110110101100111011111000110100111100110100010101111100110000100010
000110111100001101111101000010001000000110111101010101000111001101000010000010000000111101111110000101100110
000001010001011110000000111001101011000011000110010110111001110010011111111010001100101100111111111010101001
000111100111000010111010110111111001000010001100011111111111100110001111000111001010111111000000010101100010
111001001100011111111001110111110000111100001100110110111010110001001001000111001111101100111010111101111111
000010110100111010000111101110000010000010011001100111111000000011100000110111110011000101000000110101111110
000011100101010110111010100101100110111101100011110010111001011011100011111111100110110101111110101100101000
111101111101100101000011100110011101111110111010010011000010011010111010000010110000001111111001000111001110
