111101001110011011000111100100101011111110011100011010111110111001100111111000000101010100000001000100001111
000111111110101001000011011111000111000101010101010001000000101010111000000011010110001000000001100100101011
000101011001100110000010111111110100000101000101101110000001111100011001000000011001011000111111010111110101
111101001001011110111111101101000100000001111010111100000011100001110100001000001000010110000101101001011001
001000010101110111000000110110000100111011010000000110111001101101101101001000001100110001111001100100100111
111110111001111001000010011000001100000010110101101101000101110011110001000100010101011000000110111010000010
000110001100111100000001000000001000000011111100010111000111110101001111000011001010011100000000110111010110
111010000001010111000010110100100010000010010101000000000110111101011110000001001001010011111010110110001000
111011001101110101111100110100000101111000011001011001110111110001000000000010011110001101000101001001000100
000110001011001101000001100011011111000010010111011011000101101111010001111100011000000111111010101111111101
000100101100110110111110011011111000111110111111101100000001001000111000111011001000110111000110010110110011
000011000010001110000010110001000100000111000100110001000001110001000100111000101111011101000111100101001000
111011100110011111000010000010111000000000000101000000111000100100111101111110110100110011111001100110001010
111001001100110001111010111000101110111001100011101010111100110111000100000101010000110101000111010001000011
000101111100110001001000000101000010111010010010111011111011001101010010111010001010100001111011011101111010
111100010101010001111101000111000100111110100010011100111011000100110101001000001000010110000111110001100010
111001111111010110001000000110010000000001100100100011111100001000100010110111101101101100111110010001111000
000110000011011001111010111110111110111000011010110110111001011011000010111001001111100011111010101001001100
111000001110111010000011100110001001000111010011101111111000101000000010111011101001000110111011011001010010
000110001111101101110111111001000110000010010100100011111000101101001010111010101000111010000010001011010000
111110101101100011000100001101001001111101100111011111111001001101000110000101110011011010111110001000010010
111100101010110000001000001000101110000100111000100101000001101110100001000010111000101000000000110110101100
111111011111101011000001111101110101000111000101111000000110101101101111001000001100110000000000100110110001
000111110111001101000110111111011010111001000111110000000011000011011000111111100011010011000010100110111101
