111010111011101001111110110011101000111100010110011110111001111000000011000000011110001111000101001000110000
111001011101001000000000110101000001111111100111100100000100010110110010111100101100010001000000000001000001
111011001010010110000101111011100011111100110001011011111101010001001001000100111001001111000001111101111111
000111001111000100000011101111111101000111001111101100000110101011010000110111101001101100001000010001111111
000001000001000000111100001111100111000011001111110110000011001111110010111001001111011100111101111000101010
111100011011101001000011001011000010000010011110100110111110100010111001111111011000110011000110110100101011
000011101010010001000100010001010100000100100001000001000011111111111101000101110000110110000111011001100100
000001001111100010000000001000010011110111101110010111000101101010010111000100101100111100111101000110110101
000011110100010101111011101000001011000110000111101001000101000000101100111000001011111100111010110101001010
000000101011011000000100101101000011111111101101101001111101101000101101000000111101111110111100010011000101
000010111100001100000011010111101010000100011110111110000110101101100010000101111000000000111111011110010111
111000000010101001111010100111110100110111101110100110000010111110111100111010011011010000111100010010011100
111011101011001000111011000000011000111001000110101000000001110110111110111111101111100110111110011011011100
001000001101111101111010010011101010000100000101110001000101110111111011111011110111011001000110011101010000
000011100011101100111110001010011110000011010101001100000100101110101011111101000101000000111011010110010000
000001100111000010111101010001001101111011000100101101111111111011100001111100100001001000000111010000000010
111000001001000101111010101010000101000001011001011100111100010011000101000000010011001110000111101000011100
110111110011011001111110011101010111111000000110100010111010000000000001111111111100000000111000010010000000
000001011111010001111110110001111001111110111010101101000010011001101111001000000000100011111110111000110111
111011100000010110111000010010011110000011010111011001111110010010101010111101111111100010000011100110010010
000000010101000101111000110110101110000110010101001111111111010010001010000001000011100001000100010111101100
000101001011111011111111101100111111111010111111001000000011010001101000111000110100000111111100110101011010
000000010010011101110111110011010100111011101010011000000100001010110111000010011000101000000000110110101101
000101111101000000111000001000011110000111000000111111000100101011001101000011001110000111000101000001111101
