000111001110100100000100011010111000111100001000101110111000110110100000111000000100011110000001101110110001
110111101101101001111001010001110111111100001001001010111010001101110011000101010000000100000110000110111110
111110111010100110000001100001101000111111001111111111111000011000100111000110110111000110000011110100101000
000100001110001100111101110100001011000100101110001111000010100010010110111101001011100111111100111101011011
000100011100000110000001110110001100111100001100000110000010010000001011111001000011100010111000001110000101
000110001110100101111010111011100100000101101011010000111101010011100001111100111011000101000110000001101111
000000010101001011111111100010111110111000011111011110000100010010000101000000110110110001000000010110101000
000110001101001010000010111011000111111111001000110011111011101101110001111001001010101000000011111110100111
000110000000111111000110111011010101001000010100100010000000110001010111111000010001000001111000001000010000
111010001000100000111110100101110011111111001100110100111001010001010111111100111111011011000111111110111001
111100010111001100000001000000001100000101011110000000000111110101011101111110010011101010111111110010101001
000011001011110000000110011000100110111001001111110101000000111000100110111100010010000111111001101111011111
111110011001010111110111101011011001000100010010001011000001110011011111000001110010000101111010100000000111
111100111001011010111001110011000111000001011010010101111111011000110001000010011001001001111101001111010101
110111111110111011000000110011000111111111001111001000111011011101010100111001001001000110000101000011001101
110111110011101011111101110110100111000011000011010010111010011010010010111111101010110110111101100110111111
111111001001001110111111110101101111111101100110011000000011001001110001111100001100110111000001111100010011
111101111000001100111011010110111110000000000101011111000011101011111101111000010011010011111010000110011001
111111001110011011001000010000011000000001000101000110001000000101010111111000100110010110000001111110111110
111000011011011100111001000100000101000110001001000100000010111100001100000101101100001101000110010100111111
111110100011100000111100100100001011111110100001000100111100100101110010111110010101101100000000010010011010
111010100010011001000100001100000100000010000100001100111010100100011101111111111101101111000101001000001110
000000011000001001111010001001110001000010101000001011000000100001101000001000010001000101000001101111000100
111010000110100011000100111001010110111011110110100100000100011001011110111001101000101000111101010010011100
