000001110110110010000010111100000011000001001001110010000110001101111000111101110001110011000000001010000111
000100010101100111000011000011101101000101010011100010000011001010101000111101111110111010111110010100010110
111111001111101111111000000000111010111010111110101010111100110000000111000101001111011101000110110110011100
110111110110000100000111111100101111111101111010110000000100101110000111111101011010011010111010000100111011
111001000100011110111001110010100110111001110010110111000101100110100110111011011011001101000011110101001000
110111110011110110111000011001101111111100110101001100000010001010011100111110101011011111000110111100010101
000110111100101100000111101010010101000000100011101110111000000111001010111110100111110100000011001001010101
111101110010010011111111010000001101111000101010110111111001000111101110000011010000011011000011111101100010
000100001001010011000011110100011011111011010011000100000010010110111110000001100000001110111100001100011110
111010110100001101000010010000010101000001101100101001000000011100111010000010011100101110111101100100011101
000100100111110011111110000011001000000100010100110000000000110011001101000111010001101011000101110011010111
000110001011000100000000010010110111000001110001001100111111101111110111000101000101000100000100011000111110
000001111110100000000101010010100100000010001111100011110111101110100101111111010111000000000111111100100110
111110001110000011111101001001101000111100101111110000111101110101011110000111101001100111000010011011100010
111011000011000100111100101001111111000011111111001011000111000001111011000101111110011011111111011000101110
000011100110000100000100100011101000111111011101111010000101110100011100000101010011010011000001010011011101
000001111010001100111011100000100110111000000110101000111001010000011001000101100100110001111101011101101101
000111001101001100111100111011111010000110011100000010000011111101111110000111101010110100111011000000110100
000000111110011001000111010001111111111001001110010011111100110101101101000010100101101101000101110100011001
000100101010110010000011101110001110000011100110100001000110101000101010001000010011001100111001111100011111
111110011100011100110111101100000110000100100011001110111001101011010000111111110101010111111000010101000011
001000010110011000111110010110000000000101001100111010001000000110000101111011101111010110111000101110010011
000001011100100100111001111010101100000100000001100000110111101010001010000010000011011001000001101100000001
111110101001011100111001111111101010000001001111110111111110001111011011111010111111111010111010000110010110
