111011001000100010111001110111000101000111100010110100111000001100101010000010111100111001000000111001010011
111001110001011101000101010001010110111110011100001100000011001010101000000111010000011010111000010000010111
111010010010110000000111111001011100000101101110111010000101111010001110000001011110001011000100010001100111
111110000010101000000000001000100000111010011001001110000101101111100011111110001110001101111111101000100011
001000001100101101111111101011000101110111101111011000111001110000011000000010010110010101000010101100110110
000110010100100001111000001111000011000100100101011000000110110101001000111100010101010111001000000010101110
000010011111011111111000111111110010000100110001011101000001100100000000000000001011010100111111000110001000
000000110100000011000001100101010101111000001000101011111000110101001001000100001101000000000100000011100001
111000110110010010000111101110010000111101101011001111111010001100100101111011111000011001000001011100100101
111011100111001010111110101101000001111001001101111100000101000000101010000110010000111010111100110000010110
111000101111100010111111110100010001111110110001001000111010101100000111111101001010111101111010100000001001
111010010110001011000011111000001010111010010101101100000000111011101000111110101001100001111110000100111011
111100110101001100111100101001000010111000101011011100111010011111110001000111011011110110000000111010101000
111000001101000010111001100000111001000111000000110100111001111011001110111000000100100010000001001001110110
111101110011011000000100010001111100000011011111001110000100101001000101000110000110010011111110000011101001
000111101011101111000101100111011101111110001011111100000000011110100110111011011111010011000000100001101001
000110101001101110111111111100011010000110101100111101000101101001111011000011010010000100111101110001100101
111110110001010010111000110011101001000111111010111110111111100000101101000010110101110001111000110001011011
111011100101000010111110000010000110110111111010101110000000100100010101000011010100001101111010111000011110
000111000011101001111010000010010001111001101100110101111001101000010111111111110111001110111100011010110100
000001110100100100000110010010100010000100010110100111000101101110010000110111110100110100111111111011001011
000110011101011001000011101001010110000011100100011010111001011100000000111110010111000111000011111010010100
000001000110110000000100111110000100111111011100101010111100010101110111000101000000010000111110001110011101
000101001011000001000011111011111101111110010001101000111010101010101000111010011010110110111111011000010100
