000110010111101010000110000001010010000011101000100110111100000101001000111111000000001000000111010110010100
000111100011110000000011001111111110111011110001000001111010100011001110000100110110001010111010011111000011
111100001001111110111110011110011110000010010011110011111011101100111110000000001111110111000001111000010111
000011110110001011111010001110000011000001011100100110111101000011001110111001010100000010111011001101110000
111010000000010001000000010100110100001000000010000111000011111101000000111100001101111110111011010010000101
000100011011001100111101000100111011000100001100100011111100100100110011000100010010100100000011000011001000
001000000000100011111000100111100011111000111111001000000111010000101100111110111000010010111111111010001101
111000000111100110001000010000000110111000100000001010000100110000100000111000010010010011000101101010111111
000110010110100100000101001000011100111101111011111011111001111010001101000110000001101101111011100111011110
001000010101001111111110000000101101111111011000111100111001110010111010000110011100100001111101110001101111
000011011111010100000111011101101110000110101100101100000110101100110111000000101101001011000110101000001001
000110011011111011000011100010010011111111000000010011111100110110100110111000100000101010111001001010101101
111110010100110011111001000000001000000001011101011001111101000001111010111010110011101001111101000110000110
111101100110111011000101001111011011000011010111000101111111000011010110111111101101010001000001010100111110
111000001111101100001000010100110000111101111110100010000000100101001001000001001111010001111111100000111110
111010100111111101111100100010000100111111100000101001111111010111101101111011001011001010111101110101101001
000000110011101100000011101010111011000000111011100010000101000101010001111001000100101111000000001111000010
111111000010011111111010111111000000111001100111000000111001100011100110111101101111110101111111011111010100
111000010000001010000100110001111111111100000111000000111101111001110100111000000001100100111101000000001111
000100101101110110000101010101110011000110000011001000111110110110010010000001111011110110110111101110110110
000011011101000010111000101110100110111011000010100110111011101101010100111111010100001010111111101010111001
000000001001101101000101100111010101111001111101100110000100000110001101000101111011101000111101100010110101
000011100111000111000001011010001101111010001101101000001000000110010011111100100111100010000111110100110100
000100111111001101111011011100101001111111000011110010000001100110111100000111100001100001111010110111010011
