000000000111111101
000000000111111101
111000001000000101
000000000111010111
000000000111000001
000000000111101110
000000000111111101
000000000111000001
000000000111011110
000000001000010110
000000001000010110
000000000111000001
000000000111110101
000000000111110101
000000001000101111
000000000111111101
000000001000001110
000000000111111101
000000001001010100
000000001000001110
000000000111111101
000000001000011110
000000000111100110
000000001000010110
000000001000010110
000000001001010100
000000000111100110
000000001000001110
000000001001001010
000000000111110101
000000000111010111
000000000111101110
000000000111000001
000000000111011110
000000000111010111
000000000111111101
000000000111100110
000000000111011110
000000000111011110
000000000111110101
000000000111111101
000000000111111101
000000000111010111
000000000111101110
000000001000010110
000000000111100110
000000001000001110
000000001000001110
000000001010011001
000000001000100111
000000000111111101
000000001001000001
000000000111010111
000000001001000001
000000000111110101
000000001000001110
000000001000001110
000000001000001110
000000001000100111
000000000111100110
000000000110101101
000000000111101110
000000000111111101
000000001000001110
000000000110111101
111000001000010001
000000001000100001
000000000111011010
000000001001100001
000000000111111000
000000001000100001
000000001000010001
000000000110100010
000000000110011100
000000000111011010
000000000111101001
000000000110001111
000000000110101111
000000001000001000
000000001000011001
000000001000010001
000000000111011010
000000000111100001
000000000110110110
000000000111101001
000000001000001000
000000001000110011
000000000111101001
000000001000100001
000000001001001110
000000001000101010
000000000110111101
000000000111101001
000000001000011001
000000001001010111
000000000111100001
000000001000110011
000000001001100001
000000000111100001
000000000111001011
000000001000011001
000000000110101111
000000001000100001
000000001000001000
000000001000010001
000000000111011010
000000000111000100
000000001001000101
000000001001010111
000000001000001000
000000000111111000
000000001000110011
000000000110101111
000000000111110001
000000001000011001
000000000111111000
000000001010010010
000000000110110110
000000001000010001
000000000111111000
000000001000001000
000000001000000000
000000001001111110
000000001000010001
000000001000011001
000000001001001110
000000000110101111
000000000111011010
000000000111010010
000000001000110010
000000000111101001
111000001000110010
000000000111011010
000000001000000000
000000001000101010
000000000111001011
000000001001100000
000000001001000100
000000001001000100
000000000111010010
000000001000100001
000000001010000111
000000001000000000
000000001000010000
000000000110110110
000000001001111101
000000001000101010
000000001000111011
000000001000101010
000000000110110110
000000000111010010
000000000111011010
000000000110101000
000000000111100001
000000000110101000
000000000111111000
000000001000000000
000000000111101001
000000000111010010
000000000111001011
000000001000101010
000000000111110000
000000000111011010
000000001000001000
000000000111100001
000000001000001000
000000001000011001
000000001000011001
000000000111100001
000000001000011001
000000001000000000
000000001000000000
000000000110111101
000000000111101001
000000001001000100
000000000111100001
000000000111111000
000000000111101001
000000001000111011
000000001000101010
000000000111110000
000000000111101001
000000001000001000
000000001000010000
000000000111111000
000000000111110000
000000000110101111
000000000110101111
000000000111111000
000000000111001011
000000001010011100
000000001000110010
000000000111101100
111000001000101110
000000001000101110
000000001000010101
000000000110011111
000000000110111001
000000000111100101
000000000110101100
000000000111100101
000000001001001001
000000001000100101
000000000111101100
000000001000011101
000000000111110100
000000001000110111
000000001000010101
000000000111101100
000000000111000111
000000001001000000
000000001000100101
000000001000000100
000000001000000100
000000000111001111
000000000111001111
000000000111111100
000000001001111001
000000000110111001
000000001001101111
000000001001001001
000000001000110111
000000000110101100
000000000111011101
000000000111000000
000000000111000000
000000000111001111
000000001000001100
000000000111110100
000000000110111001
000000000110111001
000000000111010110
000000000111111100
000000001001001001
000000000111100101
000000001001010010
000000000111101100
000000001000010101
000000001000000100
000000001001010010
000000001001011100
000000000111110100
000000000111101100
000000001001001001
000000000111000000
000000001000100101
000000000111101100
000000001000001100
000000001000110111
000000000111100101
000000000111111100
000000000110101100
000000000111001111
000000000111111100
000000001001011100
000000001000010101
000000000111101110
000000001000010110
000000000111010000
000000001001000001
111000001000110000
000000001001010100
000000000111110101
000000000111011110
000000001000111000
000000001000001110
000000000111110101
000000000111011110
000000000111111101
000000001000111000
000000000111111101
000000001000011110
000000000111010111
000000001010100011
000000000111111101
000000000111110101
000000001000011110
000000000111100110
000000001000100111
000000000111100110
000000000111011110
000000000111000001
000000001000000101
000000000111010000
000000000111100110
000000000111100110
000000001000010110
000000000111011110
000000001001001010
000000001000000101
000000000111101110
000000000111000001
000000001000100111
000000001000010110
000000001000010110
000000001001100111
000000000111010000
000000000111100110
000000000111101110
000000000111010000
000000000111010111
000000000111010111
000000001000110000
000000000111010000
000000000111101110
000000000111111101
000000001000010110
000000001000100111
000000001000111000
000000000111010111
000000000111110101
000000000111111101
000000000111010000
000000000111100110
000000000111001001
000000001000010110
000000000111111101
000000000111010111
000000001001000001
000000000111100110
111000001000111010
000000000110101000
000000000111100000
000000000111101000
000000001001011111
000000001000011000
000000000111011001
000000001000001111
000000000111111111
000000000110111100
000000000111101111
000000001001001101
000000000111100000
000000000111001010
000000000111111111
000000000111100000
000000001000100000
000000000111101000
000000000111011001
000000000111100000
000000000111101000
000000001001000011
000000001001001101
000000001000111010
000000001000110010
000000000111100000
000000001000110010
000000000111000011
000000000111010001
000000001000100000
000000001000111010
000000001000100000
000000000111010001
000000001001001101
000000001001110011
000000000111110111
000000000111101111
000000000111100000
000000000111110111
000000001000110010
000000001001000011
000000000111010001
000000000111110111
000000000111010001
000000001000110010
000000001000100000
000000000111110111
000000000111001010
000000001000000111
000000001000100000
000000000111100000
000000000111011001
000000000111101111
000000000111001010
000000000111011001
000000000111100000
000000000111100000
000000001000100000
000000001001000011
000000001001001101
000000000111101000
000000001000100000
000000000101110000
000000000111100000
111000000111100001
000000001001001101
000000001000110010
000000001001000100
000000000111101001
000000001000000000
000000000111100001
000000000110101000
000000001000000000
000000000110110110
000000001000001000
000000000111101001
000000001000111011
000000001001000100
000000001001000100
000000001000110010
000000001000011001
000000000111000100
000000001000001000
000000001000010000
000000000110111101
000000001000111011
000000001000011001
000000000110101111
000000001010100111
000000001001110011
000000000110011011
000000001000010000
000000000110110110
000000001000010000
000000001000001000
000000000111111000
000000000111100001
000000001000101010
000000000111100001
000000000111101001
000000001000011001
000000000110111101
000000000110100010
000000001000011001
000000001000101010
000000001000010000
000000001000011001
000000001000100001
000000000111100001
000000001000010000
000000001000011001
000000001000101010
000000001001000100
000000001000110010
000000001000110010
000000001000101010
000000000111001011
000000000110111101
000000000110110110
000000000111110000
000000001000101010
000000000111000100
000000000110111101
000000000110110110
000000000110101000
000000000111111000
000000001000110010
000000001000011001
111000000111010011
000000001000101010
000000000111100001
000000001000001001
000000001000010001
000000001000010001
000000000111111001
000000000110010101
000000000111011010
000000001000000001
000000001000000001
000000000110101111
000000000110010101
000000000110101001
000000001001000101
000000001000001001
000000000110110110
000000001001001110
000000001001000101
000000000111001011
000000001001101010
000000001000000001
000000001000110011
000000000111101001
000000000111000100
000000001001101010
000000000111110001
000000000110110110
000000001001001110
000000001000110011
000000001000010001
000000000101111101
000000001000000001
000000001000110011
000000000111100001
000000000110100010
000000001000011001
000000000110010101
000000000111111001
000000001001010111
000000000111111001
000000000111100001
000000000110001111
000000001000101010
000000001000100010
000000001000100010
000000001000011001
000000001000011001
000000001000001001
000000001000001001
000000001000101010
000000001001110100
000000001001101010
000000000111000100
000000001000011001
000000001000000001
000000000111111001
000000001000010001
000000001010001000
000000000111111001
000000000111011010
000000001000100010
000000000111110001
000000000111001011
111000001001011010
000000000111100100
000000000111101011
000000000111110011
000000000111101011
000000001000010011
000000000110111111
000000000110111111
000000000111011100
000000001000111110
000000000111101011
000000001000100100
000000000111111011
000000000110101011
000000001000010011
000000000111011100
000000001000010011
000000000111100100
000000000111101011
000000000111000110
000000001000111110
000000001001100100
000000001000000011
000000001000011100
000000001000100100
000000001000001011
000000000111101011
000000001000001011
000000001000011100
000000001000101101
000000000111111011
000000000111101011
000000000110110001
000000001000011100
000000001001010001
000000000110111000
000000000111111011
000000000111111011
000000000110100100
000000001000010011
000000001000010011
000000001000100100
000000001000011100
000000000111100100
000000001000010011
000000001000101101
000000000111100100
000000001000011100
000000001000100100
000000001000001011
000000000111011100
000000001000001011
000000000111100100
000000001000000011
000000001000100100
000000001000010011
000000001000000011
000000001000010011
000000000111110011
000000001000111110
000000000111111011
000000001000010011
000000000111000110
000000000110111111
111000000111111101
000000000111101110
000000000111111101
000000000111110101
000000000111110101
000000001000010110
000000000111011110
000000000111101110
000000000111110101
000000000111111101
000000000111011110
000000001000100111
000000001000111000
000000000111110101
000000000111101110
000000001000101111
000000001001000001
000000000111010111
000000000111110101
000000000111111101
000000000111000001
000000001001100111
000000001000010110
000000000111110101
000000001000011110
000000000111111101
000000001000001110
000000001000100111
000000000111110101
000000000111111101
000000000111100110
000000001000001110
000000000111001001
000000000111100110
000000000111110101
000000000111110101
000000001000100111
000000000111111101
000000000111111101
000000001000000101
000000001000011110
000000001001000001
000000001000001110
000000000111011110
000000000111111101
000000000111001001
000000001000010110
000000001000000101
000000001000111000
000000001000011110
000000000111100110
000000001000001110
000000000111100110
000000001000001110
000000000110110100
000000001000000101
000000001000011110
000000000111110101
000000000111111101
000000001000001110
000000001000000101
000000000111101110
000000001000000101
000000000111111101
000000000111111000
111000001000111100
000000001000011001
000000000111111000
000000000111011010
000000000111010010
000000001000110011
000000000110010101
000000001000110011
000000001000011001
000000001001100001
000000000110110110
000000000111011010
000000001000011001
000000001001000101
000000000111101001
000000000110110110
000000001000011001
000000001000110011
000000000111110001
000000001010010010
000000000111100001
000000000111011010
000000000111100001
000000000111111000
000000001001111110
000000000101111101
000000000111001011
000000001000011001
000000001000010001
000000000111011010
000000000110110110
000000000111001011
000000001000111100
000000001000001000
000000000111111000
000000000110101001
000000000110100010
000000000110101001
000000000111111000
000000001000110011
000000000111110001
000000000111011010
000000001000001000
000000001000001000
000000001001101010
000000001000111100
000000001000011001
000000001000100001
000000001000100001
000000001001010111
000000001000110011
000000000111011010
000000000111100001
000000001001101010
000000001000101010
000000001000101010
000000001000001000
000000000111111000
000000000110101111
000000000110001111
000000001000011001
000000001000000000
000000001001000101
000000001000000100
000000000111111100
111000001000011101
000000001000011101
000000001000000100
000000000110101100
000000000111000000
000000000111100101
000000000111110100
000000001001100101
000000001000001100
000000001000100101
000000001000001100
000000001000011101
000000001000011101
000000000111001111
000000000111011101
000000000111100101
000000001001100101
000000001001101111
000000000111101100
000000000111001111
000000000111010110
000000000111111100
000000000110011000
000000001000011101
000000000111100101
000000001001001001
000000001001010010
000000001000010101
000000000111000000
000000000111110100
000000000111100101
000000000111000000
000000000111111100
000000001001100101
000000000111111100
000000000111101100
000000000111101100
000000000111011101
000000000111100101
000000001000000100
000000000111110100
000000001001111001
000000001000001100
000000001000100101
000000000111011101
000000001000011101
000000001000010101
000000000111000000
000000000111100101
000000001000001100
000000000111011101
000000000111111100
000000000111101100
000000000111000000
000000000111100101
000000001000011101
000000001000010101
000000000111011101
000000001000101110
000000000111011101
000000000111111100
000000001000001100
000000000111101110
111000001001011101
000000001000001110
000000001000011110
000000001000100111
000000001000010110
000000001001000001
000000000111000010
000000000111101110
000000000111111101
000000001001001010
000000000110001101
000000000110100000
000000001010000100
000000001001010100
000000000111010000
000000000111010111
000000001011000100
000000001000111000
000000000111101110
000000001001011101
000000000110010011
000000000111010111
000000000111111101
000000001001001010
000000001000110000
000000000110100000
000000000110011001
000000000111110110
000000000111010000
000000001001000001
000000001000000101
000000001010000100
000000001001011101
000000000111010000
000000000110110100
000000000110110100
000000001000001110
000000000110111011
000000001000100111
000000000110100110
000000000110001101
000000001000001110
000000000111110110
000000001000000101
000000001000000101
000000001000001110
000000001000000101
000000000111111101
000000000111011111
000000001001011101
000000001000011110
000000001000110000
000000000111010000
000000001010100011
000000001000011110
000000000110111011
000000000111110110
000000000110001101
000000000111011111
000000000110100110
000000000111011111
000000001000001110
000000000111110110
000000000111101011
000000000111111011
000000001000110110
000000000111010101
000000000110110001
111000000110000101
000000000111100100
000000000111110011
000000000111010101
000000001001101101
000000001000001011
000000000111111011
000000001000001011
000000000111101011
000000001000010011
000000000111100100
000000000111101011
000000000110101011
000000001010001011
000000001001110111
000000000111100100
000000000111010101
000000000110110001
000000001000000011
000000000110001011
000000001001011010
000000001000000011
000000001001110111
000000001010110101
000000001000001011
000000000110001011
000000000111101011
000000000110110001
000000000110000101
000000000110111111
000000001010010101
000000000111101011
000000000111010101
000000001000000011
000000000110010111
000000000111110011
000000001000100100
000000000111000110
000000001001110111
000000001000011100
000000001000001011
000000000111010101
000000001000110110
000000001001010001
000000000111010101
000000000111001101
000000001000100100
000000000111000110
000000001001110111
000000000111101011
000000000111010101
000000001000011100
000000001000100100
000000001001101101
000000000110111111
000000001000001011
000000000111100100
000000001000010011
000000001000110110
000000000111011100
000000000111111011
000000001001010000
000000000111011100
000000000111100011
000000000110011101
111000001000000011
000000000111101011
000000000111111011
000000000111100011
000000001000000011
000000001001100011
000000001000011011
000000000110110001
000000000111010101
000000001000110101
000000001000001011
000000000101010111
000000000110111000
000000000111011100
000000000111100011
000000001001000111
000000000111101011
000000000110110001
000000000111011100
000000001001011010
000000000110111111
000000001001000111
000000000111011100
000000001001011010
000000000110111111
000000000111011100
000000000110010111
000000001000010011
000000001000100100
000000001000101101
000000000111101011
000000000110000100
000000000111010101
000000000110101011
000000001010101010
000000001010011111
000000000111110011
000000001001011010
000000001000010011
000000001001010000
000000001000010011
000000001001011010
000000000110111111
000000000111111011
000000000111111011
000000000111011100
000000000111010101
000000000111000110
000000000111011100
000000001000010011
000000001010010101
000000000111101011
000000001001000111
000000000110111000
000000001000011011
000000001001011010
000000000111101011
000000001000111110
000000000111010111
111000001000100111
000000000111111101
000000001000011110
000000000110010011
000000000111011110
000000000111000001
000000000110101101
000000000110101101
000000001001011101
000000000111101110
000000000111010000
000000001000011110
000000000111111101
000000001001000001
000000001000000101
000000001000000101
000000000111110101
000000001010100011
000000001001100111
000000000110110100
000000001000001110
000000000111010111
000000000111110101
000000000111010111
000000001001000001
000000000111101110
000000001001111010
000000001010000100
000000001000001110
000000000110111010
000000000111000001
000000000111011110
000000000110011001
000000000110011001
000000000111110101
000000001001001010
000000001000000101
000000000111111101
000000000111111101
000000000110101101
000000001001000001
000000000111100110
000000001001110000
000000000111011110
000000000110111010
000000000111010111
000000001001000001
000000001010000100
000000000111011110
000000000111010111
000000001001111010
000000000111011110
000000001001000001
000000000110101101
000000000111010000
000000000111111101
000000000111111101
000000001000001110
000000000110111010
000000001000100111
000000000110110100
000000001010001110
000000000111010111
000000000111100111
000000000111101110
000000000110100000
000000000111000010
000000000110010011
111000001001011110
000000001001010100
000000001001000010
000000001000110000
000000000111010000
000000000111011000
000000000111010000
000000001001111011
000000001000001110
000000000110100111
000000001000001110
000000001000011111
000000000111101110
000000000111001001
000000001000010111
000000000110101101
000000001001010100
000000000111111110
000000001000110000
000000000111011000
000000000110000001
000000000111111110
000000000111101110
000000000111100111
000000000110100000
000000001000010111
000000000111001001
000000000111111110
000000000111101110
000000000111011111
000000001000001110
000000001000101000
000000001011010000
000000001010111001
000000000111101110
000000001000011111
000000001001011110
000000001001011110
000000000110100000
000000000110110100
000000000110010011
000000001000001110
000000000111000010
000000000111011000
000000001001001011
000000001000101000
000000000111100111
000000000111111110
000000001000111001
000000000110100111
000000000111111110
000000001000101000
000000001000111001
000000000111101110
000000000111100111
000000001010000101
000000000110111011
000000001001110001
000000001000010111
000000000111111110
000000001000101000
000000001000000110
000000001000011111
111000000111101110
000000000111101110
000000000111011111
000000000111000010
000000001001100111
000000000111100111
000000000111101110
000000001000000110
000000001010000101
000000001000110000
000000000111110110
000000001000010111
000000000111110110
000000000110110100
000000001000000110
000000001000111001
000000000111010000
000000001001010100
000000001000000110
000000000111000010
000000000111011111
000000001000011111
000000000110100000
000000000111111110
000000000111011000
000000000111011000
000000000111001001
000000000111011000
000000000110100111
000000000111110110
000000001000001110
000000001001010100
000000001000010111
000000000111100111
000000000111010000
000000000111100111
000000001001110001
000000001000101000
000000001000011111
000000000111100111
000000000111011111
000000001000101000
000000001000011111
000000000111110110
000000001000011111
000000001001001011
000000001001000010
000000001000000110
000000000110111011
000000000111011111
000000000110101101
000000000111010000
000000001000111001
000000001000000110
000000000111101110
000000000111010000
000000000111011111
000000000111100111
000000001000010111
000000001001010100
111000000111011010
000000000111000100
000000000111010010
000000001001001101
000000001000101010
000000000111101001
000000001001001101
000000001001001101
000000001001101010
000000000101110001
000000001001111101
000000001000101010
000000000111000100
000000001000101010
000000001000000000
000000000111111000
000000000110001000
000000001000011001
000000000111000100
000000001000100001
000000001000000000
000000000101111100
000000001001010111
000000000111111000
000000001000000000
000000000111000100
000000001000100001
000000000110111101
000000000101111100
000000001010011100
000000001001110011
000000000111100001
000000001001110011
000000001001111101
000000001001001101
000000001000010000
000000000111001011
000000000110010101
000000001010010010
000000001001100000
000000001000110010
000000000111000100
000000000110110110
000000001001100000
000000000111010010
000000001001100000
000000001000010000
000000000110011011
000000000101111100
000000000111101001
000000001000011001
000000000111001011
000000000111110000
000000000101110110
000000000111001011
000000000111100001
000000000111010010
000000000111000100
000000001001010111
000000000110011011
000000000111111000
000000001001100000
000000000111111000
000000001000011001
111000000111100000
000000000111100000
000000000111101111
000000000111100000
000000001001110010
000000001000101000
000000001000111010
000000001001111100
000000001000101000
000000000111001010
000000000111100111
000000000111110111
000000000111010001
000000001000001111
000000000111000010
000000001000010111
000000000111111111
000000001001010101
000000000111001010
000000000111011000
000000000111111111
000000000111001010
000000001000011111
000000001000000111
000000000111100000
000000000110111011
000000001001101000
000000000110110101
000000000111011000
000000000111000010
000000001000101000
000000001000110001
000000001001011110
000000001000000111
000000000111100111
000000001000000111
000000000111111111
000000001000010111
000000001001101000
000000001000000111
000000000111101111
000000000110110101
000000000111011000
000000000110111011
000000001000001111
000000000111010001
000000001000010111
000000000110111011
000000000110111011
000000000111111111
000000001000000111
000000000111001010
000000001001011110
000000000111111111
000000001000010111
000000001000000111
000000000111011000
000000000111110111
000000001000011111
000000001001000011
000000000111111111
000000001000001111
000000000111011000
000000001000001111
