111111111111010110111001
000000000000010111100001
000000000000100101001101
111111111111100001011110
000000000000100100011101
111111111110111011010001
111111111111100110100001
000000000000000000010011
000000000000101011011110
111111111111101101100111
111111111111001111011001
000000000000110000100101
000000000000110001010000
000000000001001010100011
000000000000110100011001
111111111111010001000010
000000000000110000101000
000000000001000010111101
000000000001000110110001
000000000001000100111111
000000000000111101011110
111111111110101111001101
111111111111100110010010
111111111111010001011010
000000000000001000111011
000000000000011111000110
111111111110101000101101
111111111111110011001100
111111111111110110010011
000000000001000100001010
000000000000110000111010
000000000000101010111111
000000000001001001001110
111111111110111111010100
111111111110110001101101
000000000000100010000000
000000000000100001001000
111111111111011000000001
111111111111011100111111
000000000000101110001010
000000000000011011100100
000000000001000011100000
111111111111010011010011
000000000000001100100101
000000000000001010000100
111111111111010110101000
111111111110101110001010
111111111111100110001000
000000000000011110100110
111111111110101100100111
000000000001000100010011
111111111111100101000011
000000000000000100101011
000000000001001001111110
111111111110110111111000
111111111111101000100101
111111111111110111010010
000000000001001111000110
111111111110111100101010
000000000000110010100111
111111111111100101011101
111111111111001111100000
111111111110111001000110
000000000000000111011011
000000000001010110111001
111111111111000010011101
000000000000101000101100
000000000000110101110011
111111111110110101101011
111111111111011011100001
000000000001010010101010
000000000000010111001010
000000000000001001101100
000000000000011111001110
111111111110100110111111
111111111111110010000100
111111111111110111110010
000000000001000100001010
000000000000110001000010
000000000000101010100110
000000000001001001100001
111111111110111101011010
111111111110110001111101
000000000000100010110010
000000000000100010001111
111111111111010111010000
111111111111011011010111
000000000000101110001110
000000000000011011000001
000000000001000100010000
111111111111010011001010
000000000000001100111010
000000000000001001111010
111111111111010110001101
111111111110101110001100
111111111111100101100001
111111111111001010100111
111111111111000101001000
111111111111110011111010
111111111111110000010100
111111111111010010011110
000000000000101001001001
111111111110101110111000
000000000000111001001011
111111111110101010011001
111111111111101110000001
000000000001000000111101
000000000001001100001011
000000000001000010110001
111111111111001110001011
000000000000101110100110
111111111111011000011011
000000000000010000010010
000000000000111100011011
000000000000101101010110
111111111111110010111001
000000000000000000100001
000000000000000101110110
000000000001010011001110
000000000000101000011110
000000000000010110011101
000000000000111110001111
111111111111001011001010
000000000000000011010011
111111111111000010111110
111111111110101011001010
111111111111101101010001
000000000000001001100001
111111111111101100101000
111111111111101010001100
111111111111111110000111
000000000001000011010000
000000000000101111111011
111111111111011011001101
000000000000100101100111
111111111111010110101100
000000000000110011000101
000000000000100001010111
000000000000110010001110
000000000000000011111100
111111111111011111101101
111111111111111110111000
000000000000011011101110
000000000000100010100111
000000000000010101011010
000000000000111101100110
111111111111001010100010
000000000000000010001110
111111111111000010110001
111111111110101100111111
111111111111101110100011
000000000000001001000111
111111111111101100011110
111111111111101011101010
111111111111111100100110
000000000001000011010010
000000000000110000000111
111111111111011011011010
000000000000100101011011
111111111111010110010100
000000000000110011001000
000000000000100001100111
000000000000110001101101
000000000000000011111010
111111111111011111110011
111111111111111111001010
000000000000011011110001
000000000000100000100011
000000000000010101110111
000000000000111101101100
111111111111001010000111
000000000000000011100001
111111111111000001011101
111111111110101011000110
111111111111101100111100
000000000000001000110000
111111111111101011110011
111111111111101010100001
111111111111111101011011
000000000001000001111101
000000000000110000010111
111111111111011011001100
000000000000100101001001
111111111111010101000101
000000000000110001111101
000000000000100010000110
000000000000110010110100
000000000000000100111100
111111111111100000001100
111111111111111110000011
000000000000011010100100
000000000000100010010101
000000000000010110111011
000000000000111110010110
111111111111001010111001
000000000000000100000011
111111111111000010100011
111111111110101010110001
111111111111101101101111
000000000000001001000010
111111111111101100001011
111111111111101011010110
111111111111111101000010
000000000001000011111010
000000000000110000010110
111111111111011011000000
000000000000100100111111
111111111111010101100000
000000000000110010001010
000000000000100001100100
000000000000110010001100
000000000000000010101011
111111111111011111111011
000000000000000000101101
000000000000011011111011
000000000000100001101000
000000000000010111000101
000000000000111110101111
111111111111001010001010
000000000000000010100110
111111111111000001111000
111111111110101100001001
111111111111101110000101
000000000000001000110110
111111111111101011111011
111111111111101010101101
111111111111111101000011
000000000001000011110101
000000000000110001111000
111111111111011010101000
000000000000100100110101
111111111111010110110110
000000000000110011000101
000000000000100010101100
000000000000110001011100
000000000000000011111100
111111111111011101101000
111111111111111111011001
000000000000011011101010
000000000000100001111110
000000000000010110111000
000000000000000111101000
000000000000110010011100
000000000000001001110101
000000000001001011010001
111111111111001001100001
000000000000011001101111
111111111111110110001100
111111111111100110000101
000000000000111110000110
111111111110111011100111
111111111110101110100110
111111111111010001011010
111111111111010001101110
111111111111110100111111
111111111111001110010001
111111111111001111110010
111111111111001100000011
111111111111111101100001
000000000000110110000001
000000000000001110000001
111111111111110111100001
111111111110111011011111
000000000001000110100101
111111111111010111110100
000000000000011000100000
000000000000100100111011
111111111111100010100011
000000000000100100101111
111111111110111011111100
111111111111100110000000
000000000000000001000001
000000000000101100011011
111111111111101101111001
111111111111001111111000
000000000000110001101111
000000000000110000010101
000000000001001100001011
000000000000110011100010
111111111111010001000100
000000000000110000011010
000000000001000100000011
000000000001000110001011
000000000001000011111101
000000000000111110011011
111111111110110001010000
111111111111100110111001
111111111111010000110011
000000000001000111010111
000000000000000100011011
111111111111111000101110
111111111110101111111100
111111111111010000101010
000000000000101010100001
111111111111101000000000
000000000001000011100010
000000000000111001110110
000000000000001111000101
111111111111010110110001
111111111110101011101111
111111111111001111100011
000000000000100010000011
111111111111110010101001
111111111111101010011110
111111111110111101010001
000000000000100000100101
000000000000101111110011
000000000000001001101011
111111111111110001011100
111111111110111000101100
111111111111111100100111
111111111111100010110010
111111111110111110000111
111111111111000101110011
111111111111100110010111
000000000000001100001010
000000000000101101011011
000000000000100100010011
000000000000011101101010
111111111111100101011010
000000000001000111111111
111111111111001111101101
111111111111001001111111
000000000000101110101100
111111111111001010100101
000000000001001010101011
111111111111000110010110
000000000001010010111111
000000000000001101010101
111111111110110100110101
111111111111010101011000
111111111111001010101101
000000000000111011110000
000000000000000111100110
000000000001001011011000
111111111111001011100111
111111111110101011011101
000000000000011011001001
000000000000111011000101
111111111111101100100101
000000000001001001100000
000000000001000001101100
111111111111010111110001
111111111111011100001110
111111111110101110010100
111111111111000001011010
111111111111011110001100
000000000000011110111110
111111111111010000010010
111111111111001111000010
111111111111011010101011
111111111111010101100001
000000000000010100000001
111111111111111110101111
000000000000110100111011
000000000000011010010011
111111111111011011111000
111111111111011000011001
111111111110101111011111
000000000000000110101110
000000000001001000101100
000000000000000101011101
111111111111111000000110
111111111110110001000100
111111111111001111111101
000000000000101010001100
111111111111100110110110
000000000001000011010101
000000000000111010011111
000000000000001110111000
111111111111011000111011
111111111110101011111011
111111111111010000010101
000000000000100011001011
111111111111110010011001
111111111111101010001110
111111111110111101000000
000000000000100001010111
000000000000110000101111
000000000000001001110111
111111111111110001010000
111111111110110111101011
111111111111111100100001
111111111111100011011001
111111111110111100111100
111111111111000011111011
111111111111100110001010
000000000000001011110101
000000000000101100110001
000000000000100011110101
000000000000011110001001
111111111111100101001000
000000000001001000011110
111111111111001111000101
111111111111001010011001
000000000000101101111101
111111111111001010110111
000000000001001001100001
111111111111000110101000
000000000001010100100110
000000000000001101011100
111111111110110100000000
111111111111010101101101
111111111111001010111101
000000000000111100100000
000000000000000110111110
000000000001001100100000
111111111111001010111100
111111111111001011001101
111111111111000101101011
111111111111110011010011
111111111111110001000010
111111111111010010101111
000000000000101001100100
111111111110101111101001
000000000000111001011100
111111111110101011001111
111111111111101101011000
000000000001000001111100
000000000001001011011101
000000000001000011100011
111111111111001111000101
000000000000101110100111
111111111111010111100101
000000000000001110111000
000000000000111100111101
000000000000101011101110
111111111111110100100110
111111111111111111000101
000000000000000101010110
000000000001010010111111
000000000000101000101001
000000000000010110110010
000000000000111101010111
111111111111001011100011
000000000000000011100100
111111111111000011010010
111111111110101011110101
111111111111101100101000
000000000000001000000011
111111111111101011011010
111111111111101011000000
111111111111111101001011
000000000001000011000111
000000000000110000111101
111111111111011010101001
000000000000100101110001
111111111111010101011100
000000000000110010110101
000000000000100001010101
000000000000110011110111
000000000000000011011001
111111111111011111110011
111111111111111111000110
000000000000011100001010
000000000000100001110100
000000000000010111001001
000000000000111111011001
111111111111001010001011
000000000000000010111010
111111111111000011000100
111111111110101100111111
111111111111101101101100
000000000000001000001011
111111111111101011111010
111111111111101010111100
111111111111111101010011
000000000001000011110101
000000000000110001110010
111111111111011010100111
000000000000100101110100
111111111111010101101001
000000000000110010111110
000000000000100010010101
000000000000110010011010
000000000000000011010100
111111111111011111001110
111111111111111111000110
000000000000011011001100
000000000000100001100100
