110000000000000000
110000000000000000
110000000000000000
110000000000000000
110000000000000000
110000000000000000
110000000000000000
110000000000000000
110000000000000000
110000000000000000
110000000000000000
110000000000000000
110000000000000000
110000000000000000
110000000000000000
110000000000000000
110000000000000000
110000000000000000
110000000000000000
110000000000000000
110000000000000000
110000000000000000
110000000000000000
110000000000000000
110000000000000000
110000000000000000
110000000000000000
110000000000000000
110000000000000000
110000000000000000
110000000000000000
110000000000000000
110000000000000000
110000000000000000
110000000000000000
110000000000000000
110000000000000000
110000000000000000
110000000000000000
110000000000000000
110000000000000000
110000000000000000
110000000000000000
110000000000000000
110000000000000000
110000000000000000
110000000000000000
110000000000000000
110000000000000000
110000000000000000
110000000000000000
110000000000000000
110000000000000000
110000000000000000
110000000000000000
110000000000000000
110000000000000000
110000000000000000
110000000000000000
110000000000000000
110000000000000000
110000000000000000
110000000000000000
110000000000000000
110000000000000000
110000000000000000
110000000000000000
110000000000000000
110000000000000000
110000000000000000
110000000000000000
110000000000000000
110000000000000000
110000000000000000
110000000000000000
110000000000000000
110000000000000000
110000000000000000
110000000000000000
110000000000000000
110000000000000000
110000000000000000
110000000000000000
110000000000000000
110000000000000000
110000000000000000
110000000000000000
110000000000000000
110000000000000000
110000000000000000
110000000000000000
110000000000000000
110000000000000000
110000000000000000
110000000000000000
110000000000000000
110000000000000000
110000000000000000
110000000000000000
110000000000000000
110000000000000000
110000000000000000
110000000000000000
110000000000000000
110000000000000000
110000000000000000
110000000000000000
110000000000000000
110000000000000000
110000000000000000
110000000000000000
110000000000000000
110000000000000000
110000000000000000
110000000000000000
110000000000000000
110000000000000000
110000000000000000
110000000000000000
110000000000000000
110000000000000000
110000000000000000
110000000000000000
110000000000000000
110000000000000000
110000000000000000
110000000000000000
110000000000000000
110000000000000000
110000000000000000
110000000000000000
110000000000000000
110000000000000000
110000000000000000
110000000000000000
110000000000000001
110000000000000001
110000000000000001
110000000000000001
110000000000000001
110000000000000001
110000000000000001
110000000000000001
110000000000000001
110000000000000001
110000000000000001
110000000000000001
110000000000000001
110000000000000001
110000000000000001
110000000000000001
110000000000000001
110000000000000001
110000000000000001
110000000000000001
110000000000000001
110000000000000001
110000000000000001
110000000000000010
110000000000000010
110000000000000010
110000000000000010
110000000000000010
110000000000000010
110000000000000010
110000000000000010
110000000000000010
110000000000000010
110000000000000010
110000000000000010
110000000000000010
110000000000000011
110000000000000011
110000000000000011
110000000000000011
110000000000000011
110000000000000011
110000000000000011
110000000000000011
110000000000000011
110000000000000100
110000000000000100
110000000000000100
110000000000000100
110000000000000100
110000000000000100
110000000000000100
110000000000000101
110000000000000101
110000000000000101
110000000000000101
110000000000000101
110000000000000101
110000000000000110
110000000000000110
110000000000000110
110000000000000110
110000000000000110
110000000000000111
110000000000000111
110000000000000111
110000000000000111
110000000000001000
110000000000001000
110000000000001000
110000000000001000
110000000000001001
110000000000001001
110000000000001001
110000000000001010
110000000000001010
110000000000001010
110000000000001011
110000000000001011
110000000000001011
110000000000001100
110000000000001100
110000000000001100
110000000000001101
110000000000001101
110000000000001110
110000000000001110
110000000000001111
110000000000001111
110000000000010000
110000000000010000
110000000000010001
110000000000010001
110000000000010010
110000000000010010
110000000000010011
110000000000010100
110000000000010100
110000000000010101
110000000000010110
110000000000010110
110000000000010111
110000000000011000
110000000000011001
110000000000011001
110000000000011010
110000000000011011
110000000000011100
110000000000011101
110000000000011110
110000000000011111
110000000000100000
110000000000100001
110000000000100010
110000000000100011
110000000000100100
110000000000100101
110000000000100110
110000000000101000
110000000000101001
110000000000101010
110000000000101011
110000000000101101
110000000000101110
110000000000110000
110000000000110001
110000000000110011
110000000000110101
110000000000110110
110000000000111000
110000000000111010
110000000000111100
110000000000111101
110000000000111111
110000000001000001
110000000001000100
110000000001000110
110000000001001000
110000000001001010
110000000001001101
110000000001001111
110000000001010010
110000000001010100
110000000001010111
110000000001011010
110000000001011101
110000000001011111
110000000001100011
110000000001100110
110000000001101001
110000000001101100
110000000001110000
110000000001110011
110000000001110111
110000000001111011
110000000001111111
110000000010000011
110000000010000111
110000000010001011
110000000010010000
110000000010010100
110000000010011001
110000000010011110
110000000010100011
110000000010101000
110000000010101101
110000000010110011
110000000010111000
110000000010111110
110000000011000100
110000000011001010
110000000011010001
110000000011011000
110000000011011110
110000000011100101
110000000011101101
110000000011110100
110000000011111100
110000000100000100
110000000100001100
110000000100010101
110000000100011110
110000000100100111
110000000100110000
110000000100111010
110000000101000100
110000000101001110
110000000101011000
110000000101100011
110000000101101111
110000000101111010
110000000110000110
110000000110010011
110000000110011111
110000000110101101
110000000110111010
110000000111001000
110000000111010111
110000000111100101
110000000111110101
110000001000000101
110000001000010101
110000001000100110
110000001000110111
110000001001001001
110000001001011100
110000001001101111
110000001010000010
110000001010010111
110000001010101100
110000001011000001
110000001011011000
110000001011101111
110000001100000110
110000001100011111
110000001100111000
110000001101010010
110000001101101101
110000001110001000
110000001110100101
110000001111000010
110000001111100001
110000010000000000
110000010000100000
110000010001000001
110000010001100100
110000010010000111
110000010010101100
110000010011010001
110000010011111000
110000010100100000
110000010101001001
110000010101110100
110000010110100000
110000010111001101
110000010111111011
110000011000101011
110000011001011101
110000011010010000
110000011011000101
110000011011111011
110000011100110011
110000011101101101
110000011110101000
110000011111100101
110000100000100100
110000100001100101
110000100010101001
110000100011101110
110000100100110101
110000100101111110
110000100111001010
110000101000011000
110000101001101001
110000101010111011
110000101100010001
110000101101101001
110000101111000011
110000110000100001
110000110010000001
110000110011100100
110000110101001010
110000110110110011
110000111000011111
110000111010001111
110000111100000010
110000111101111000
110000111111110010
110001000001101111
110001000011110000
110001000101110101
110001000111111110
110001001010001011
110001001100011100
110001001110110001
110001010001001011
110001010011101001
110001010110001100
110001011000110100
110001011011100000
110001011110010001
110001100001001000
110001100100000011
110001100111000100
110001101010001011
110001101101010111
110001110000101001
110001110100000001
110001110111011111
110001111011000011
110001111110101110
110010000010011111
110010000110010110
110010001010010101
110010001110011010
110010010010100111
110010010110111011
110010011011010110
110010011111111001
110010100100100100
110010101001010111
110010101110010010
110010110011010101
110010111000100000
110010111101110100
110011000011010001
110011001000110111
110011001110100110
110011010100011110
110011011010100000
110011100000101011
110011100111000000
110011101101011111
110011110100001000
110011111010111011
110100000001111000
110100001001000001
110100010000010011
110100010111110001
110100011111011010
110100100111001101
110100101111001100
110100110111010111
110100111111101100
110101001000001110
110101010000111011
110101011001110100
110101100010111001
110101101100001010
110101110101100110
110101111111001111
110110001001000101
110110010011000110
110110011101010100
110110100111101110
110110110010010100
110110111101000110
110111001000000101
110111010011010000
110111011110101000
110111101010001011
110111110101111011
111000000001110111
111000001101111111
111000011010010011
111000100110110010
111000110011011101
111001000000010100
111001001101010110
111001011010100011
111001100111111011
111001110101011110
111010000011001011
111010010001000010
111010011111000100
111010101101001111
111010111011100011
111011001010000001
111011011000101000
111011100111010111
111011110110001110
111100000101001101
111100010100010011
111100100011100000
111100110010110100
111101000010001110
111101010001101101
111101100001010010
111101110000111100
111110000000101010
111110010000011100
111110100000010001
111110110000001010
111111000000000101
111111010000000010
111111100000000000
111111110000000000
000000000000000000
000000001111111111
000000011111111111
000000101111111101
000000111111111010
000001001111110101
000001011111101110
000001101111100011
000001111111010101
000010001111000011
000010011110101101
000010101110010010
000010111101110001
000011001101001011
000011011100011111
000011101011101100
000011111010110010
000100001001110001
000100011000101000
000100100111010111
000100110101111110
000101000100011100
000101010010110000
000101100000111011
000101101110111101
000101111100110100
000110001010100001
000110011000000100
000110100101011100
000110110010101001
000110111111101011
000111001100100010
000111011001001101
000111100101101100
000111110010000000
000111111110001000
001000001010000100
001000010101110100
001000100001010111
001000101100101111
001000110111111010
001001000010111001
001001001101101011
001001011000010001
001001100010101011
001001101100111001
001001110110111010
001010000000110000
001010001010011001
001010010011110101
001010011101000110
001010100110001011
001010101111000100
001010110111110001
001011000000010011
001011001000101000
001011010000110011
001011011000110010
001011100000100101
001011101000001110
001011101111101100
001011110110111110
001011111110000111
001100000101000100
001100001011110111
001100010010100000
001100011000111111
001100011111010100
001100100101011111
001100101011100001
001100110001011001
001100110111001000
001100111100101110
001101000010001011
001101000111011111
001101001100101010
001101010001101101
001101010110101000
001101011011011011
001101100000000110
001101100100101001
001101101001000100
001101101101011000
001101110001100101
001101110101101010
001101111001101001
001101111101100000
001110000001010001
001110000100111100
001110001000100000
001110001011111110
001110001111010110
001110010010101000
001110010101110100
001110011000111011
001110011011111100
001110011110110111
001110100001101110
001110100100011111
001110100111001011
001110101001110011
001110101100010110
001110101110110100
001110110001001110
001110110011100011
001110110101110100
001110111000000001
001110111010001010
001110111100001111
001110111110010000
001111000000001101
001111000010000111
001111000011111101
001111000101110000
001111000111100000
001111001001001100
001111001010110101
001111001100011011
001111001101111110
001111001111011110
001111010000111100
001111010010010110
001111010011101110
001111010101000100
001111010110010110
001111010111100111
001111011000110101
001111011010000001
001111011011001010
001111011100010001
001111011101010110
001111011110011010
001111011111011011
001111100000011010
001111100001010111
001111100010010010
001111100011001100
001111100100000100
001111100100111010
001111100101101111
001111100110100010
001111100111010100
001111101000000100
001111101000110010
001111101001011111
001111101010001011
001111101010110110
001111101011011111
001111101100000111
001111101100101110
001111101101010011
001111101101111000
001111101110011011
001111101110111110
001111101111011111
001111101111111111
001111110000011110
001111110000111101
001111110001011010
001111110001110111
001111110010010010
001111110010101101
001111110011000111
001111110011100000
001111110011111001
001111110100010000
001111110100100111
001111110100111110
001111110101010011
001111110101101000
001111110101111101
001111110110010000
001111110110100011
001111110110110110
001111110111001000
001111110111011001
001111110111101010
001111110111111010
001111111000001010
001111111000011010
001111111000101000
001111111000110111
001111111001000101
001111111001010010
001111111001100000
001111111001101100
001111111001111001
001111111010000101
001111111010010000
001111111010011100
001111111010100111
001111111010110001
001111111010111011
001111111011000101
001111111011001111
001111111011011000
001111111011100001
001111111011101010
001111111011110011
001111111011111011
001111111100000011
001111111100001011
001111111100010010
001111111100011010
001111111100100001
001111111100100111
001111111100101110
001111111100110101
001111111100111011
001111111101000001
001111111101000111
001111111101001100
001111111101010010
001111111101010111
001111111101011100
001111111101100001
001111111101100110
001111111101101011
001111111101101111
001111111101110100
001111111101111000
001111111101111100
001111111110000000
001111111110000100
001111111110001000
001111111110001100
001111111110001111
001111111110010011
001111111110010110
001111111110011001
001111111110011100
001111111110100000
001111111110100010
001111111110100101
001111111110101000
001111111110101011
001111111110101101
001111111110110000
001111111110110010
001111111110110101
001111111110110111
001111111110111001
001111111110111011
001111111110111110
001111111111000000
001111111111000010
001111111111000011
001111111111000101
001111111111000111
001111111111001001
001111111111001010
001111111111001100
001111111111001110
001111111111001111
001111111111010001
001111111111010010
001111111111010100
001111111111010101
001111111111010110
001111111111010111
001111111111011001
001111111111011010
001111111111011011
001111111111011100
001111111111011101
001111111111011110
001111111111011111
001111111111100000
001111111111100001
001111111111100010
001111111111100011
001111111111100100
001111111111100101
001111111111100110
001111111111100110
001111111111100111
001111111111101000
001111111111101001
001111111111101001
001111111111101010
001111111111101011
001111111111101011
001111111111101100
001111111111101101
001111111111101101
001111111111101110
001111111111101110
001111111111101111
001111111111101111
001111111111110000
001111111111110000
001111111111110001
001111111111110001
001111111111110010
001111111111110010
001111111111110011
001111111111110011
001111111111110011
001111111111110100
001111111111110100
001111111111110100
001111111111110101
001111111111110101
001111111111110101
001111111111110110
001111111111110110
001111111111110110
001111111111110111
001111111111110111
001111111111110111
001111111111110111
001111111111111000
001111111111111000
001111111111111000
001111111111111000
001111111111111001
001111111111111001
001111111111111001
001111111111111001
001111111111111001
001111111111111010
001111111111111010
001111111111111010
001111111111111010
001111111111111010
001111111111111010
001111111111111011
001111111111111011
001111111111111011
001111111111111011
001111111111111011
001111111111111011
001111111111111011
001111111111111100
001111111111111100
001111111111111100
001111111111111100
001111111111111100
001111111111111100
001111111111111100
001111111111111100
001111111111111100
001111111111111101
001111111111111101
001111111111111101
001111111111111101
001111111111111101
001111111111111101
001111111111111101
001111111111111101
001111111111111101
001111111111111101
001111111111111101
001111111111111101
001111111111111101
001111111111111110
001111111111111110
001111111111111110
001111111111111110
001111111111111110
001111111111111110
001111111111111110
001111111111111110
001111111111111110
001111111111111110
001111111111111110
001111111111111110
001111111111111110
001111111111111110
001111111111111110
001111111111111110
001111111111111110
001111111111111110
001111111111111110
001111111111111110
001111111111111110
001111111111111110
001111111111111110
001111111111111111
001111111111111111
001111111111111111
001111111111111111
001111111111111111
001111111111111111
001111111111111111
001111111111111111
001111111111111111
001111111111111111
001111111111111111
001111111111111111
001111111111111111
001111111111111111
001111111111111111
001111111111111111
001111111111111111
001111111111111111
001111111111111111
001111111111111111
001111111111111111
001111111111111111
001111111111111111
001111111111111111
001111111111111111
001111111111111111
001111111111111111
001111111111111111
001111111111111111
001111111111111111
001111111111111111
001111111111111111
001111111111111111
001111111111111111
001111111111111111
001111111111111111
001111111111111111
001111111111111111
001111111111111111
001111111111111111
001111111111111111
001111111111111111
001111111111111111
001111111111111111
001111111111111111
001111111111111111
001111111111111111
001111111111111111
001111111111111111
001111111111111111
001111111111111111
001111111111111111
001111111111111111
001111111111111111
001111111111111111
001111111111111111
001111111111111111
001111111111111111
001111111111111111
001111111111111111
001111111111111111
001111111111111111
001111111111111111
001111111111111111
001111111111111111
001111111111111111
001111111111111111
001111111111111111
001111111111111111
001111111111111111
001111111111111111
001111111111111111
001111111111111111
001111111111111111
001111111111111111
001111111111111111
001111111111111111
001111111111111111
001111111111111111
001111111111111111
001111111111111111
001111111111111111
001111111111111111
001111111111111111
001111111111111111
001111111111111111
001111111111111111
001111111111111111
001111111111111111
001111111111111111
001111111111111111
001111111111111111
001111111111111111
001111111111111111
001111111111111111
001111111111111111
001111111111111111
001111111111111111
001111111111111111
001111111111111111
001111111111111111
001111111111111111
001111111111111111
001111111111111111
001111111111111111
001111111111111111
001111111111111111
001111111111111111
001111111111111111
001111111111111111
001111111111111111
001111111111111111
001111111111111111
001111111111111111
001111111111111111
001111111111111111
001111111111111111
001111111111111111
001111111111111111
001111111111111111
001111111111111111
001111111111111111
001111111111111111
001111111111111111
001111111111111111
001111111111111111
001111111111111111
001111111111111111
001111111111111111
001111111111111111
001111111111111111
001111111111111111
001111111111111111
001111111111111111
