0000000100010010
1111111101111110
1111111101100110
1111111110110001
0000000001101001
0000000010110101
0000000010011000
0000000100010010
0000000100000011
0000000000111010
1111111111110111
1111111001111101
1111111110101100
1111111111000001
1111111110110010
1111111110000011
1111111010010001
0000000100001010
0000000010010001
1111111100000000
1111111110111100
1111111100101011
0000000001111101
0000000010010010
0000000000001111
1111111100101000
1111111111101101
0000000101110101
1111111010110011
1111111101110001
1111111110111010
1111111010110101
1111111110100100
0000000011001000
0000000010110100
0000000101100001
1111111111110110
1111111111011111
0000000100111001
0000000100100100
0000000001000100
1111111100010101
1111111110101101
0000000000111100
0000000000010110
0000000011001011
0000000001110010
0000000011000101
0000000101010011
1111111001100001
1111111011010110
1111111111010001
0000000000110100
1111111111100000
0000000010000110
0000000000110010
0000000011011010
0000000010100001
0000000100110110
0000000001000110
1111111100010100
0000000011000110
1111111001010110
0000000000010100
0000000010100010
0000000001010111
1111111111001000
1111111111010010
0000000001011111
0000000010110010
0000000001010001
1111111101100011
0000000000010111
1111111110101001
1111111100010010
0000000000100110
0000000010101111
0000000001011000
1111111011000101
0000000100110111
0000000001110000
1111111100011010
1111111111101101
0000000000101000
0000000000011001
0000000001111110
0000000000000100
1111111101000000
1111111111101110
0000000011100100
0000000001101110
0000000011110000
0000000001000010
0000000011001111
0000000001010110
1111111101001100
0000000000011111
1111111100011000
1111111110110010
1111111100001100
1111111111100111
0000000101010100
0000000100000010
1111111101010111
0000000010101110
1111111111011011
1111111110001100
1111111011001000
0000000000010001
0000000100010101
1111111101001110
1111111100101110
1111111101111100
1111111101101101
0000000001100110
1111111110100111
0000000111010111
1111111101101101
0000000001011100
1111111011010011
1111111100000111
0000000011110011
0000000001001000
0000000010011100
1111111110110000
0000000001110000
1111111101011101
1111111110011000
1111111011110110
1111111100100110
1111111101101100
0000000001110100
0000000011110000
0000000011100011
0000000011011000
0000000001100001
1111111100000101
1111111100011111
0000000100111001
0000000001011111
1111111101010100
0000000001011000
1111111110111001
0000000011110111
1111111111000101
0000000011111111
0000000010001001
0000000011110001
1111111110110011
1111111110110010
0000000011000011
1111111010111010
1111111101000110
0000000000000011
1111111111100110
1111111111111111
0000000001001001
1111111100001000
0000000101000111
0000000011100111
1111111111010001
1111111101100010
0000000000111010
1111111101111011
1111111110110001
1111111011010110
1111111111100001
0000000110000011
1111111100111011
1111111111110010
1111111100111010
0000000101001001
0000000001011100
1111111110101010
1111111011101100
1111111101111010
1111111011101100
1111111011110111
0000000101100111
0000000100011111
0000000011001000
1111111010111000
0000000001110110
0000000110001110
1111111111010011
1111111100011010
0000000001000100
1111111100110100
1111111010010000
1111111110111010
0000000001101011
1111111100110110
1111111100111011
1111111111110010
1111111100111010
0000000101001001
0000000001011100
1111111110101010
1111111011101100
1111111101111010
1111111011101100
1111111011110111
0000000101100111
0000000100011111
0000000011001000
1111111010111000
0000000001110110
0000000110001110
1111111111010011
1111111100011010
0000000001000100
1111111100110100
1111111010010000
1111111110111010
0000000001101011
1111111100110110
1111111100111011
1111111111110010
1111111100111010
0000000101001001
0000000001011100
1111111110101010
1111111011101100
1111111101111010
1111111011101100
1111111011110111
0000000101100111
0000000100011111
0000000011001000
1111111010111000
0000000001110110
0000000110001110
1111111111010011
1111111100011010
0000000001000100
1111111100110100
1111111010010000
1111111110111010
0000000001101011
1111111100110110
0000000000000000
0000000000000000
0000000000000000
0000000000000000
0000000000000000
0000000000000000
0000000000000000
0000000000000000
0000000000000000
0000000000000000
0000000000000000
0000000000000000
0000000000000000
0000000000000000
0000000000000000
0000000000000000
0000000000000000
0000000000000000
0000000000000000
0000000000000000
0000000000000000
0000000000000000
0000000000000000
0000000000000000
0000000000000000
0000000000000000
0000000000000000
0000000000000000
0000000000000000
0000000000000000
0000000000000000
0000000000000000
0000000000000000
0000000000000000
0000000000000000
0000000000000000
0000000000000000
0000000000000000
0000000000000000
0000000000000000
0000000000000000
0000000000000000
0000000000000000
0000000000000000
0000000000000000
0000000000000000
0000000000000000
0000000000000000
0000000000000000
0000000000000000
0000000000000000
0000000000000000
0000000000000000
0000000000000000
0000000000000000
0000000000000000
0000000000000000
0000000000000000
0000000000000000
0000000000000000
0000000000000000
0000000000000000
0000000000000000
0000000000000000
0000000000000000
0000000000000000
0000000000000000
0000000000000000
0000000000000000
0000000000000000
0000000000000000
0000000000000000
0000000000000000
0000000000000000
0000000000000000
0000000000000000
0000000000000000
0000000000000000
0000000000000000
0000000000000000
0000000000000000
0000000000000000
0000000000000000
0000000000000000
0000000000000000
0000000000000000
0000000000000000
0000000000000000
0000000000000000
0000000000000000
0000000000000000
0000000000000000
0000000000000000
0000000000000000
0000000000000000
0000000000000000
0000000000000000
0000000000000000
0000000000000000
0000000000000000
0000000000000000
0000000000000000
0000000000000000
0000000000000000
0000000000000000
0000000000000000
0000000000000000
0000000000000000
0000000000000000
0000000000000000
0000000000000000
0000000000000000
0000000000000000
0000000000000000
0000000000000000
0000000000000000
0000000000000000
0000000000000000
0000000000000000
0000000000000000
0000000000000000
0000000000000000
0000000000000000
0000000000000000
0000000000000000
0000000000000000
0000000000000000
0000000000000000
0000000000000000
0000000000000000
0000000000000000
0000000000000000
0000000000000000
0000000000000000
0000000000000000
0000000000000000
0000000000000000
0000000000000000
0000000000000000
0000000000000000
0000000000000000
0000000000000000
0000000000000000
0000000000000000
0000000000000000
0000000000000000
0000000000000000
0000000000000000
0000000000000000
0000000000000000
0000000000000000
0000000000000000
0000000000000000
0000000000000000
0000000000000000
0000000000000000
0000000000000000
0000000000000000
0000000000000000
0000000000000000
0000000000000000
0000000000000000
0000000000000000
0000000000000000
0000000000000000
0000000000000000
0000000000000000
0000000000000000
0000000000000000
0000000000000000
0000000000000000
0000000000000000
0000000000000000
0000000000000000
0000000000000000
0000000000000000
0000000000000000
0000000000000000
0000000000000000
0000000000000000
0000000000000000
0000000000000000
0000000000000000
0000000000000000
0000000000000000
0000000000000000
0000000000000000
0000000000000000
0000000000000000
0000000000000000
0000000000000000
0000000000000000
0000000000000000
0000000000000000
0000000000000000
0000000000000000
0000000000000000
0000000000000000
0000000000000000
0000000000000000
0000000000000000
0000000000000000
0000000000000000
0000000000000000
0000000000000000
0000000000000000
0000000000000000
0000000000000000
0000000000000000
0000000000000000
0000000000000000
0000000000000000
0000000000000000
0000000000000000
0000000000000000
0000000000000000
0000000000000000
0000000000000000
0000000000000000
0000000000000000
0000000000000000
0000000000000000
0000000000000000
0000000000000000
0000000000000000
0000000000000000
0000000000000000
0000000000000000
0000000000000000
0000000000000000
0000000000000000
0000000000000000
0000000000000000
0000000000000000
0000000000000000
0000000000000000
0000000000000000
0000000000000000
0000000000000000
0000000000000000
0000000000000000
0000000000000000
0000000000000000
0000000000000000
0000000000000000
0000000000000000
0000000000000000
0000000000000000
0000000000000000
0000000000000000
0000000000000000
0000000000000000
0000000000000000
0000000000000000
0000000000000000
0000000000000000
0000000000000000
0000000000000000
0000000000000000
0000000000000000
0000000000000000
0000000000000000
0000000000000000
0000000000000000
0000000000000000
0000000000000000
0000000000000000
0000000000000000
0000000000000000
0000000000000000
0000000000000000
0000000000000000
0000000000000000
0000000000000000
0000000000000000
0000000000000000
0000000000000000
0000000000000000
0000000000000000
0000000000000000
0000000000000000
0000000000000000
0000000000000000
0000000000000000
0000000000000000
0000000000000000
0000000000000000
0000000000000000
0000000000000000
0000000000000000
0000000000000000
0000000000000000
0000000000000000
0000000000000000
0000000000000000
0000000000000000
0000000000000000
0000000000000000
0000000000000000
0000000000000000
0000000000000000
0000000000000000
0000000000000000
0000000000000000
0000000000000000
0000000000000000
0000000000000000
0000000000000000
0000000000000000
0000000000000000
0000000000000000
0000000000000000
0000000000000000
0000000000000000
0000000000000000
0000000000000000
0000000000000000
0000000000000000
0000000000000000
0000000000000000
0000000000000000
0000000000000000
0000000000000000
0000000000000000
0000000000000000
0000000000000000
0000000000000000
0000000000000000
0000000000000000
0000000000000000
0000000000000000
0000000000000000
0000000000000000
0000000000000000
0000000000000000
0000000000000000
