0000000001101101
1111111111111110
1111111111111100
1111111001111000
0000000001011011
1111111101110110
0000000000110010
1111111110011100
1111111101010100
0000000110110110
1111111100100110
0000000010110001
0000000001000011
1111111101011100
1111111101111001
0000000010100111
0000000000001010
1111111110000100
1111111111000000
1111111111001011
1111111010110111
1111111111100000
0000000000110100
0000000001110011
0000000001111101
0000000001110010
1111111011000010
0000000010110010
1111111011010011
0000000011000100
1111111111001001
0000000001011001
1111111110110001
0000000001010011
1111111011110010
0000000100000111
1111111010000101
0000000010100001
1111111111001101
0000000101111111
0000000010110111
0000000000111000
1111111110111001
0000000010100100
1111111101111001
0000000001011001
0000000101110110
1111111110011000
1111111110010011
0000000010011100
0000000000110000
1111111111100010
1111111101000101
0000000000000101
1111111100011101
1111111110101110
1111111101010110
1111111100011101
1111111111110100
0000000010000110
0000000001110000
0000000010011111
0000000001000110
0000000100000000
0000000000101100
1111111110110101
0000000000001110
0000000001001111
0000000011000110
1111111101011000
0000000001100011
0000000001011110
0000000010110010
0000000000101100
0000000000110111
0000000110000111
0000000000111010
1111111110100111
0000000100011010
1111111011000110
0000000011010110
1111111101010000
0000000001010111
1111111111010010
0000000001001011
0000000010100000
1111111110111011
1111111111111111
1111111110110111
1111111111111000
1111111110011001
1111110111101100
1111111011001000
1111111100110111
0000000111101111
1111111111110001
0000000001011100
1111111110001100
0000000001110001
1111111110010010
0000000011000011
1111111111101010
1111111111000011
0000000010000001
1111111100110000
1111111111101010
0000000001011010
1111111110101110
1111111110111011
0000000100010001
1111111100101011
0000000001001111
1111111111100101
1111111101110101
1111111111100111
0000000010011101
0000000100100001
0000000001101001
1111111111010101
0000000001001000
1111111111110110
0000000010100111
1111111110111110
0000000000010110
1111111100111010
0000000001100011
0000000001101010
1111111110000110
1111111110111110
1111111111101010
1111111111111101
0000000001001101
1111111111111001
1111111101110101
1111111110011011
1111111011100100
0000000100011010
1111111110100010
0000000010001110
0000000000001110
0000000000100101
1111111110111001
1111111111001001
1111111101011000
1111111100010101
0000000001011000
1111111000110110
0000000001010000
1111111111111101
1111111111110110
1111111101010101
1111111110101000
1111111001100100
1111111011101101
0000000001000001
0000000011110100
1111111100011100
1111110111101100
0000000001101110
0000000101100000
0000000100010010
1111111110100111
0000001000001110
0000000101011111
1111111001101010
1111111111001111
1111111110111010
1111111111001110
0000000010100111
0000000000000111
1111111101101010
1111111011110010
0000000000000101
1111111010010011
1111111111011100
1111111111001010
1111111110000110
1111111110001001
1111111010110110
1111111001111000
0000000010111111
1111111011000101
0000000100100011
1111111110100110
0000000000110101
1111111110111011
1111111010010100
1111111111001110
0000000101111110
1111111000001000
0000000100010001
1111111011000100
0000000000100011
1111111001000101
0000000101000100
0000000100011110
1111111011101001
1111111111111001
1111111111010011
1111111010010011
1111111101011010
0000000001001000
0000000010000101
1111111001111011
1111111100011110
0000000010000100
0000000001000011
1111111100100000
0000000000000101
0000000010110101
0000000100101001
0000000010010100
1111111110010101
0000000011011110
0000000001101111
1111111110010100
1111111111101001
1111111001111101
0000000001001111
1111111110111110
1111111010100111
0000000011000101
1111111110110100
0000000001100010
1111111101101000
0000000001100000
1111111110000001
0000000100101110
1111111100101010
0000000011110111
1111111100101010
0000000000000001
1111111111101001
1111111101111011
1111111110011100
0000000001011000
0000000000101101
1111111011111011
1111111110010010
0000000010100011
0000000000010000
0000000100101110
1111111110010010
0000000001000011
0000000011110010
0000000010100010
1111111110011011
1111111001011101
0000000100100110
1111111101111001
1111111111010011
1111111110001100
0000000011110111
0000000000110100
0000000100001111
0000000001110100
0000000000010000
1111111010101110
0000001000000000
0000001001000011
0000000100001001
0000000010001110
1111111101101000
0000000011101010
1111111110001110
0000000011110111
1111111100101010
0000000100001011
1111111110011011
0000000001011100
0000000001011010
0000000100101011
1111111101100110
0000000000110010
0000000111001111
1111111111101000
0000000010001111
1111111111010001
1111111110001001
1111111101010110
0000000001010101
1111111010101001
0000000101011111
1111111101011111
1111111001000110
0000000000101011
0000000100101000
0000001000000001
1111111111010110
0000000000000010
1111111110001000
1111111110010010
0000000000011110
1111111111110010
1111111101011010
1111111111110011
0000000001100010
0000000000110001
0000000001010001
1111111111000101
0000000001001111
1111111111010011
0000000100011111
0000000000101010
0000000011001111
0000000100001001
1111111100111111
0000000000101000
1111111101101010
0000000000101101
0000000010111000
0000000010110001
1111111011001011
1111111111110011
1111111110110101
1111111111101010
0000000001011011
1111111100111110
1111111100001100
0000000100110000
1111111101101110
0000000010010100
0000000001001111
1111111101110111
0000000111000000
1111111101100010
1111111101110111
1111111100000111
1111111111100110
0000000011100000
0000000000101101
0000000000101001
1111111110000001
1111111011110110
1111111100000001
0000000011001110
1111111101101010
0000000000101010
0000000000101011
0000000000101010
1111111100101000
0000001000011001
1111111111011000
0000001010100000
0000000000001000
1111111011101100
1111111111000100
1111110111101101
1111111011100010
1111111111110001
1111111010110101
1111111100010010
1111111100101000
0000000000100110
1111110111001000
0000000010110000
1111111011010000
1111111110111000
0000000101011101
0000000011000111
1111111101110110
1111111011011101
1111110110010010
1111111111001001
1111111101100011
0000000011100100
1111111001111011
0000000011001001
1111111010111101
1111111111010010
0000000010110111
0000000001001010
1111111000100011
1111111011001010
0000000010001010
0000001000001001
1111111010110001
1111111010011110
0000000111100010
1111111111000011
0000000011100011
1111111100010011
0000000100110111
1111111111001001
0000000001011010
0000000001000000
1111111011111110
1111111110010100
0000000010010101
0000000000010101
0000000001000011
0000000000001100
1111111110100001
0000000011010011
0000000000110000
0000000001001111
0000000010001100
0000000001011111
1111111100110001
0000000010110111
0000000011010001
0000000010000110
1111111110110111
0000000001001101
1111111101111111
0000000100010011
1111111111001001
0000000110101011
0000000001100101
0000000010101001
0000000100110111
0000000000001011
1111111111101110
1111111101110110
0000000001011010
1111111011000101
0000000000010010
0000000010100100
1111111101110001
1111111111000001
1111111110010000
1111111110011111
1111111011100101
0000000100111000
1111111110110010
0000000100001110
1111111100111000
0000000111101001
1111111110000010
0000000001110000
0000000010001000
1111111101011100
1111111111011000
0000000000111000
0000000000010011
0000000001010001
0000000001011010
1111111100110011
1111111100011100
1111111111011110
0000000000001100
0000000000101010
0000000011100111
1111111111101111
0000000001000100
1111111111101001
1111111111100110
0000000010100010
0000000000001111
1111111111010010
0000000010110100
0000000010111111
0000000001011010
0000000001000001
0000000000001000
0000000000110101
1111111100101001
1111111100101101
1111111101101011
1111111110000001
1111111111110011
0000000001101010
0000000100111101
0000000000011100
0000000011001110
0000000011101111
1111111101110011
0000000000100000
0000000001011000
0000000001001111
0000000010010011
1111111101101001
0000000011111000
1111111101111101
1111111011110000
1111111111101111
1111111100110101
0000000000111111
0000000001101101
0000000000100000
1111111100111100
0000000010001000
1111111001111001
1111111101011100
0000000001000000
0000000100011001
1111111010101011
1111111100010010
0000000010000000
1111111111010111
1111111110000110
0000000110001010
0000000000101110
0000000010000010
0000000000111000
1111111111100001
0000000011101110
1111110100100010
1111111101100010
0000000010100101
1111111101101010
1111111101100111
1111111100101111
0000000010000101
1111111111100110
1111111110010111
0000000011100110
0000000000100110
1111111101101010
1111111100000111
1111111111101100
0000000000100000
0000000010011011
1111111011010000
0000000000110000
1111111011111001
1111111100101100
1111111100010101
0000000010001001
0000000010101101
1111111100000110
0000000111001001
0000000100010000
0000000001010000
0000000001001000
1111111100001001
0000000011001000
1111111011111011
0000000000100001
1111111110010001
0000000000000011
0000000000100110
0000000001011000
0000000001000000
0000000000111101
1111111110011001
0000000000111001
0000000000010110
0000000001001011
0000000000111000
0000000011000001
0000000000111000
0000000001011001
0000000000001111
0000000010010011
1111111101101100
0000000011111101
0000000001010011
0000000011110010
0000000000111010
0000000001010101
1111111111010000
0000000000011111
0000000001101011
0000000000101011
0000000000001000
0000000110101001
0000000011101000
0000000010000100
1111110111100001
0000000000110000
0000000000100100
0000000101001011
1111111111001011
0000000111110000
0000000010100111
1111111110110011
1111110111001110
1111110111111110
1111111110010000
0000000010101101
1111111110000101
1111111100001100
0000000000000110
1111111001000100
0000000010100000
