111111111100100111111111011001111111111010110111111111110010001011111111101111110000000011110000
000000000000000000000000000000001111111101100011000000011000000111111111100100000000001011111110
000000000000000000000000000000000000000000000000000000000000000000000000000000000000000000000000
000000000000000000000000000000000000000000000000000000000000000000000000000000000000000000000000
000000100100001000000001000111011111110100010100111111101101000100000000110001101111110011011001
000000000000000000000000000000001111111110110110000000010100011011111111100101011111111100011111
000000000000000000000000000000000000000000000000000000000000000000000000000000000000000000000000
000000000000000000000000000000000000000000000000000000000000000000000000000000000000000000000000
111111111111110111111110100111100000000101100010111111111111001011111110110011000000000010011000
000000000000000000000000000000000000000000110110111111111011001011111111111000000000000101111011
000000000000000000000000000000000000000000000000000000000000000000000000000000000000000000000000
000000000000000000000000000000000000000000000000000000000000000000000000000000000000000000000000
000000010101100111111101111010110000000010111101111111110110110111111111110010101111110110100000
000000000000000000000000000000001111111110101001000000100011111111111111011001100000000100111010
000000000000000000000000000000000000000000000000000000000000000000000000000000000000000000000000
000000000000000000000000000000000000000000000000000000000000000000000000000000000000000000000000
000000010100001011111111111101101111111101101101111111110111110111111111111110110000000010011110
000000000000000000000000000000000000000010000010111111011110101100000000101110010000000101111111
000000000000000000000000000000000000000000000000000000000000000000000000000000000000000000000000
000000000000000000000000000000000000000000000000000000000000000000000000000000000000000000000000
000000010010111100000000000101011111111001000001000000000010110011111110001001111111111010100111
000000000000000000000000000000000000000001110110000000000001000100000000001100001111111111100010
000000000000000000000000000000000000000000000000000000000000000000000000000000000000000000000000
000000000000000000000000000000000000000000000000000000000000000000000000000000000000000000000000
111111110100011111111111000100010000000011000111000000010100111000000000010111101111111101100110
000000000000000000000000000000000000000001001100111111111110101100000010001010010000000001001010
000000000000000000000000000000000000000000000000000000000000000000000000000000000000000000000000
000000000000000000000000000000000000000000000000000000000000000000000000000000000000000000000000
000000001111111100000010010100111111111011111111111111110010101011111101011011010000000111111100
000000000000000000000000000000001111111100100000000000101111101111111111110000011111111011010011
000000000000000000000000000000000000000000000000000000000000000000000000000000000000000000000000
000000000000000000000000000000000000000000000000000000000000000000000000000000000000000000000000
000000010101011111111111000010100000001001010000111111111010101100000001001000011111111110011010
000000000000000000000000000000001111111110111110111111111110010011111111111001000000000000000011
000000000000000000000000000000000000000000000000000000000000000000000000000000000000000000000000
000000000000000000000000000000000000000000000000000000000000000000000000000000000000000000000000
000000011001100000000000100000011111111001111001000000011100000111111110010110100000000011000101
000000000000000000000000000000000000000101110111000000001100101111111110010000001111111101111100
000000000000000000000000000000000000000000000000000000000000000000000000000000000000000000000000
000000000000000000000000000000000000000000000000000000000000000000000000000000000000000000000000
000000010000010100000001001000110000000110010101111111010100011100000001000101011111111111111100
000000000000000000000000000000001111111010111100111111111101011100000000000101010000000011011101
000000000000000000000000000000000000000000000000000000000000000000000000000000000000000000000000
000000000000000000000000000000000000000000000000000000000000000000000000000000000000000000000000
000000001010110011111111101011110000000110110111000000000010000100000001001010110000000110111010
000000000000000000000000000000001111111111010111111111111111000011111111000111111111111010100100
000000000000000000000000000000000000000000000000000000000000000000000000000000000000000000000000
000000000000000000000000000000000000000000000000000000000000000000000000000000000000000000000000
000000000010111100000000000101101111110111111011000000000100000111111111010100010000000010101100
000000000000000000000000000000001111111101100011000000010010001000000010000100111111111101010010
000000000000000000000000000000000000000000000000000000000000000000000000000000000000000000000000
000000000000000000000000000000000000000000000000000000000000000000000000000000000000000000000000
000000010111001111111110110111100000000000110001000000011111000000000000010000011111110110101010
000000000000000000000000000000000000000010011010111111101100111111111111110101010000000100100100
000000000000000000000000000000000000000000000000000000000000000000000000000000000000000000000000
000000000000000000000000000000000000000000000000000000000000000000000000000000000000000000000000
000000000001101011111111000001110000000010111010000000100010010111111101000001010000000111010101
000000000000000000000000000000000000000110001000000000000001011000000000010001101111111101111100
000000000000000000000000000000000000000000000000000000000000000000000000000000000000000000000000
000000000000000000000000000000000000000000000000000000000000000000000000000000000000000000000000
111111111010101000000010110100101111111000001001111111100011011100000001000110011111111100111011
000000000000000000000000000000001111111110100001111111111010001100000001000010110000000010111101
000000000000000000000000000000000000000000000000000000000000000000000000000000000000000000000000
000000000000000000000000000000000000000000000000000000000000000000000000000000000000000000000000
111111101011110000000001010110000000000011001111111111010111110100000001000101001111111110101110
000000000000000000000000000000001111111010011100000000000110000000000001101010101111110111011001
000000000000000000000000000000000000000000000000000000000000000000000000000000000000000000000000
000000000000000000000000000000000000000000000000000000000000000000000000000000000000000000000000
111111101010011100000001011001001111111100000011000000000110101000000000100100110000000011100010
000000000000000000000000000000001111111000110010000000001000010000000001010101010000001000001001
000000000000000000000000000000000000000000000000000000000000000000000000000000000000000000000000
000000000000000000000000000000000000000000000000000000000000000000000000000000000000000000000000
000000011011111000000000001100100000000000011101000000011101111111111111000001110000001000111011
000000000000000000000000000000001111111101011001111111111001101000000000101110010000000001001011
000000000000000000000000000000000000000000000000000000000000000000000000000000000000000000000000
000000000000000000000000000000000000000000000000000000000000000000000000000000000000000000000000
111111000111011100000010010101011111111111011101111111110101010000000000001011000000000111000111
000000000000000000000000000000001111110110111011111111111100100011111111011011011111111110000010
000000000000000000000000000000000000000000000000000000000000000000000000000000000000000000000000
000000000000000000000000000000000000000000000000000000000000000000000000000000000000000000000000
000000001001101111111111101100110000000101111100000000001001100111111110101101110000000100100000
000000000000000000000000000000001111111110001100000000000000110011111111010110001111110110010100
000000000000000000000000000000000000000000000000000000000000000000000000000000000000000000000000
000000000000000000000000000000000000000000000000000000000000000000000000000000000000000000000000
111111111010001000000001000111110000001011101001111111110000100011111110110100101111111111101111
000000000000000000000000000000000000000011100100000000000111001011111110100000011111111111111100
000000000000000000000000000000000000000000000000000000000000000000000000000000000000000000000000
000000000000000000000000000000000000000000000000000000000000000000000000000000000000000000000000
000000100011011100000000100110101111111100011101111111101010010100000001101010111111110111011111
000000000000000000000000000000000000000001100011000000001101000100000001011110001111111101111011
000000000000000000000000000000000000000000000000000000000000000000000000000000000000000000000000
000000000000000000000000000000000000000000000000000000000000000000000000000000000000000000000000
000000010001101000000001011100101111111111101001000000010011101100000001000001111111111101001010
000000000000000000000000000000000000000100111100000000001100011011111101011100011111111111010111
000000000000000000000000000000000000000000000000000000000000000000000000000000000000000000000000
000000000000000000000000000000000000000000000000000000000000000000000000000000000000000000000000
