1111110010000101
1110101011101110
0001111100000111
1111001100001100
1110101101111011
1111100011111011
1111111110001010
1111001011100100
1111101111100111
0000001011111111
1111000010010111
0000010001111110
0000001111001111
1110110011000010
1111010000011101
0000100010111101
1111011001110111
0000001111101110
0000001010010010
1111110100100111
0000001000011000
1111001001001000
0000000100101001
1111110101010110
0000010010011011
1111001000101001
1111111100101001
1111111101110010
1111100100110110
1111111111000100
1110111111001011
1111011010111010
0000000101110000
1111111001011011
1110111101101001
0000000101111110
1111110011101110
0000010010011000
1111011001011001
1111101100101011
1111010000010100
1111110100000010
1111100010001000
1111111001011100
1111110000010101
1111011011000011
0000000101110101
1111100010001110
0000001000000011
1111110110110001
1111101110010100
0000000101010101
1111111001110110
0000010111110000
0000000011111111
0000101100010101
0000010000010001
1111100111011110
0000100010111000
0000011101110110
1111101001111011
1111001011110001
1111111101011010
0000011011010111
1111000011000101
1111111011100000
1111100000011111
0000010010011010
1111100001000001
1111011111011001
0000011010101000
1111100000101000
1111100001010011
0000001001100011
1111101100110000
1111001101101001
0000110101001011
0000011000011101
0000100000011101
1111110010000110
0000011010101100
1111100011101000
0000100101001001
1111000010111010
1111110110001001
0000001111110101
1111100011011011
0000010010111001
1111011001100101
0001000011100101
0000100110100010
0000000011100001
0000001101101000
0000001001100101
0000010000011100
0000110011011010
1111010111010011
1111011101101100
1111001100001111
1111100010111111
1111111000011000
1111101000010110
1111101000010011
0000100100000110
1111011010000101
1111010010000010
1111011111101110
1111111111110000
1111010001000111
1111110010101010
1111100011011100
1111001110101010
0000001011100111
1111110111111111
1110111011101011
1111110101111000
0000001100010111
0000000100101011
1111011100111101
1111100110110001
0000111001110010
1111101000000101
1111101101110110
1111010111100011
1111111011001101
1111011100101000
1111110000010101
0000000100111001
1111100010110101
0000000010001010
0000010001110110
1111110111101011
1111111001011110
0000001111111001
1111010100011011
0000000100111100
0000010001000011
0000000001001110
0000001001111000
0000111010101010
0000011111001001
1111110101010100
1111011100101100
1111010110010100
0000001001100010
0000100100111101
1111111100101011
1111111001100011
1111110010011100
1111110011000000
1111111100001101
1111111001110100
1111100101110010
1110111100001010
1111011101000001
1111111001010100
0000001011101001
0000010111111110
1111111000111010
1111110101100001
0000011001110100
1111110011001000
0000010111010100
0000001100011101
0000010110011011
1111100011011001
0000010111100011
0000001100100110
1111001011011100
1111010011000000
1111110100011011
0000001011000000
1111111000001110
1111110110001100
0000001110100000
1111001111000011
1111110100001110
0000010100110110
1111100111110111
0000000001011010
1111101101111110
0000001010010011
0000001101010101
0000000100011111
1111111000010110
1111101100010011
1111111100001011
1111010101000010
1111100110011011
1111010110010110
0000000111000111
1111010100100000
0000011001111011
0000011000111101
1111010111000100
0000010101010100
0000000010000110
0000010100000101
1111101111100111
1111111010100110
1111101111111000
0000101101001011
1111001100101111
0000011000011101
0000111010101010
1111111000011001
1111110001110100
0001111111111110
1111011100010011
1111110101100100
0000101000010000
1111101000100111
1111010100100100
0000110101101010
0000100110100001
1110111110011110
0000011101100000
1111001001000011
0000110010010100
0000001011111001
0000010111011100
0001000111110100
1110110101001010
0000110010100100
1110111011010011
1111111010110001
1111110010101010
1110111111110000
1111101100101101
0000110111111010
0001000100100001
1111110001100110
1110111001101111
0000100001000100
1111111110100111
1111011011101111
0000111001110100
1111111111100001
1111101111001010
1111010001100000
0000001100001000
1111110111100011
1111011100111000
1111010001100111
1111111100010010
1111101010110011
1110110011001000
1111101111010101
1111101100101100
0000001100110100
1111110111011001
1111111111010010
1111110010011001
1111010011101101
1111010101010011
1111011100011001
1111001010101011
0000001111101101
1111011110101111
1110100010110010
1111011111011011
0000000001100010
0000000101111000
0000111100101111
0001011100001011
1111010110011110
0000011001110101
0000100010010100
0000000100110111
0000000000111001
1111010011011010
1111101111111101
1111010001101110
0000000000001100
1111101101110010
0000100010001111
1111000101000011
1111010101010100
1111100100001110
1111100001100011
1111100101111111
0000000011101011
1111010100001101
0001000011110010
0001000000101000
1111100010100010
0000011011110101
0000000111110010
1111111010111000
1110110010001111
1110111101110000
1111010010001000
1111111011100000
1111000101001000
1111111110000110
1111010110011011
1111110011010101
1111101101011100
0000000010011110
1111111101010011
0000110000001100
1111110001111001
0000000010110010
1111111110101100
0000101010011001
1111110100001101
1111110101011111
1111100000011010
0000000111011111
0000000010010001
1111111101001111
1111111110111011
1111110111101001
1111010100001100
0000110110100011
0000010001111000
1111011010011101
1111110100000000
0000100000110011
1111011111011001
1111011110101111
1111110001001100
0000101111000000
0000000101100100
0000000001011010
0000001000110110
1111011001011011
1111011001000111
0000011111111010
0000101010001100
1111101010001110
1110111001100110
1111011010101000
1111110001111010
0000011101100001
0000101001100100
1111100001011011
0000010100111001
1111110000011000
1110111100000011
1111010001011000
0000001001001111
1111111000110011
0000100000110101
0000000011110001
1111001100100000
1111100100101001
0000010111101110
1111011011111001
1111010111111000
1111001010010111
0000010110010010
0000110010101110
0000101010000010
1111111011000111
0000100111011111
1111011000101110
1111100101111110
1111011110001011
0000011001000001
1111100010000111
1111010110100000
1111100010110100
0000001101111001
1110111011111010
1111100100001100
1111100001001011
1111110100010111
0000100111110001
1111110101111000
0000000110010011
0000001111101110
1111101101101000
1111100001101011
1111011110010000
0000011110000111
1111011100100111
1111100011100110
1111101010000101
1111011101010010
0000000100010100
1111100110100010
1111110011110001
1111110100001010
0000010010100010
1111111101000011
1111100110111011
0000101010001011
1111110000110011
0000001110000101
1111110011100000
0000100111000101
1111001011001110
1111101101000100
0000010010000011
0000001010010111
1111011111001110
1111010010110001
1111011010001011
0000011111110100
1111010110000101
1111111101110111
0000000000001000
0001010101101111
0000010100011111
1110100010101110
0001001010110010
1111011111010110
0000101000010000
1111011101000001
0000101000110000
1111000111000001
1111000011010010
1111110110101111
0001100101101011
0000011100000011
1111101110000011
0000001110000100
1111010101100000
1111011000100010
1111001010000111
1111100110001000
0001001111001000
1110110110010100
0000000010100111
0000101000011111
0010011001100000
0000011001001000
0000100000110010
1111010101010101
0000101111001010
0000100110011100
0001000011011010
1110101110110110
0000101110001111
1111010101111110
0000000110010111
1111000011010011
0000100010101001
0000111110101111
0000111110101000
0001100011100011
0000100011100101
1111110000111111
0001100101110011
0000011110110110
0000111001110101
0000010100100111
1111010001011000
1111011100100101
0001101011100110
1111110100111100
0001000111000000
1111101011001011
1111011010110100
1111000101110000
1111100010101001
0000100010011010
1110101100101101
1111010000010100
0000011010100110
0000011100001001
0000100001110101
1111010000111101
0001000010101100
0001011001111110
1111100001000000
1111100001110010
0001100000110110
0000011111111011
1111011100011011
0000100111101110
0001000000111011
1111110001001101
0001100010000010
0000100001101001
1110110110101010
1111011001001110
1111101101101010
0000011110011001
1111010101101001
0001100101001101
1111000111101101
1111100110011100
1111101011100111
1111010011111001
0000111101100001
1111011110000011
0000011010010110
1110110010110111
1111001001111001
1111011010110010
1111001000101010
1111110110100110
1110111010101011
1111001100001001
0000010111011001
0000000010001110
0001010001011010
0001011001001110
1111100111100001
0001011100000011
0001101111111101
1111100001100011
0001001110111001
0000111101101011
0000011001100111
1111111010000101
0000100011101100
0000100100001100
0000100010000111
0001000000000010
1111001001111011
0000010001110100
0000111001111000
0001000110101000
0000000101101100
1110111100110101
0000000111000001
0000111010000110
1111000011011000
1111111011010000
1111001101100110
0000101000001011
1111111000100011
0000011011110010
1111011000010000
0000100110011100
0000111010110000
1110111111101110
0000001101000100
0000011111001101
0000110000011110
1111100001110101
0001000101101000
1111101100111111
1111100010100110
1111110010100100
1111110001000011
1110111111000110
1111010000011101
0000101000001101
0001011001001001
0000101011101000
1111100101101101
1111100000011000
1111100010010000
1111110000101101
0000110000011100
0000101001001101
0000011010010111
1111011100000010
0000011110110100
0000100100101000
0000101100111100
0000001101010100
0000101001110000
1111110111001111
0000100100000111
1111100101111100
1111010100100011
0000011000110110
1111101100001001
1111101000010011
0000110001011101
0000010010100010
1111001011000000
1111011110111101
0000011011011111
0000101000110101
1111110001110001
1110110101011011
0000101011001000
0000110010101101
1111010011010001
0000011011111000
0001001001100101
1111001100110111
0000100100111110
1111111111011111
1111011101101100
1110111111111100
1111010111011011
1111100000101011
1111001110001110
0000010101111110
1111111011100011
0000111111001000
0000011111001100
0000011000010010
1111101011100010
0000101001110011
1111010010001111
1111001010101101
0001001001011100
1111011111001110
1111000111001001
1111011000011110
0001001100101111
1111010010011100
1111100110100110
0000000100000010
1111110001101010
0000001000101011
1111101011011010
0000001000111101
0000000111110000
1111001110011100
0001110110110000
1111011001010001
0000010110001010
1111101111001110
1111010101010110
0000001111110000
0000000010101110
0000110011111101
1111101101110000
0000011110001011
1110101001101000
1111011101000010
1110111100100011
1110111011111010
0001100111011110
1110011111111110
0000011101000010
0001100000010001
0000011101011010
0000111010000111
0001110111010100
1110100110001010
1111110100111000
0001111011000011
0000110110001100
1110011110111001
0001000111000100
1111101011101101
1110101111100000
1111101011111100
0001101110010101
0000110011010100
0000101000101111
0000000001010001
0001011110110100
0000010100011111
0000001110101110
0001110000000111
0001001110001110
0001011111011001
0000000011111001
1111001000110011
0000000011111100
1111011100101001
1111100111111011
1111111001111100
1111111011010010
1111011101101011
1111110011010111
1111011001000110
1111010100001100
0000010001001100
0000001001000111
0001111100100011
1111001000101101
1110011110011101
1111101010101001
0000011001001101
1111101110010000
1110110001110000
0000100010000011
0001001111010111
1111100011101011
0000100010110000
0000111011100100
1111100010100000
0000010000000010
0000100000111001
1111100000110101
0000001111010001
1111101100000011
0001001011111100
1111011010100000
0000011010111111
1111110001001011
1111100001100000
1110111111011101
1111100110000110
0000000000111010
1111000111001100
0001001110011100
0000010011000101
1111110011011000
0000010011011000
1111010111011010
0000001111011000
1111010101101100
1111100000001001
0001010001111100
0001001110101011
0000110100011101
0000011010100000
1110110011100011
0000011000100111
0000010001111111
1111100010111101
1111101100110110
0001001110111111
0001011111101100
0000000010011111
0001110000101011
0000101101100000
0001010000100101
0001001000001101
1111000010111111
0000101111100011
0000000101111010
1111101110011100
0000110111111011
1111010101000111
1111110001100111
0001001101010110
1111001001000111
1111101001010110
1110111000110100
0001100111100110
0000001000110001
0000111010110001
1111110111010001
0000111001001001
1111111111011111
1110111111001110
1111110011110011
0001011111111111
0001001011101010
1111100100011000
0000001110101101
1110111101001001
1111011011100010
1111001010110111
1111101010010011
1111101011001000
1111101111111001
1111110101010010
0000111001001100
0000001111010001
1111100011001011
0000001000101110
0000011100010100
1111010100110011
0001010000010000
0001011011100100
0001000010001100
1110111011111010
1111100000110100
0000100100011101
0001100011001110
1111010111001110
0000101001100011
1111011110101111
0000111010000011
1111001001110011
1111101101101100
0001001000010100
1111010100100100
1111001111110000
0000101110001000
0001010101001111
1111010010100101
1111011001101011
0000101010100100
0000111101000000
1111110101100001
1111001100000110
0001001110100110
0000100111110001
1111101011110101
0000001110111111
0001000000110111
1111011100101010
0001010001011110
0000001011101101
1111100110101010
0000000010011011
1111001010110000
1111010101011100
1111001000011110
0000010001111110
0000000110001100
1111111011110001
0000110011110100
0001000111110101
1111010110010111
1111111110001100
1111111000011100
1111010011110100
1111110101011100
1111011100001010
1111100110111100
1111111010000010
0001000000001110
1110111101100001
1110110110011101
1111101111110000
0000011110000011
0000101100110100
0000010001001110
1111000110001101
0001000001101100
1111100000110101
1111110001110010
0000101111000001
1111101111101010
0000010001000101
1111111101011011
1111101010010010
0001000011101011
0000100000010110
0000000110001001
0001001101010110
0000100010010100
1111110001100111
1111101111110001
0000001110100100
0000100110111001
1111101100111110
0001001010101011
1111100000010101
0001010110001100
0000101001010001
1111011011001100
0000100000110101
0000000001010110
1111100110111100
0001010010011010
1111101011000100
1111101101001101
0000010000001111
0000110100011110
0000010100100000
1111011000010000
0000011000001000
0000001100001010
0001001001110111
1111011010001001
1111101110011001
0001001010000101
1111100101100000
0000011100011001
1111001011010101
0000010101010111
0000011010110010
0001011011011010
0000100101100011
0010001100000001
0000010000110011
1111101000110111
0000000010010010
0000100000000011
0000111010010011
1111110101110100
1111001010000001
0000101001001010
1111010001001001
0001010101111001
0000100001010111
0000010111011111
0001101011111111
1111111010010101
0000011111011001
0001000010100101
1111100100010000
0000011001100011
0000001000110010
0000011110010110
0000011000011110
0001000110001100
1111110110010111
1111110010010000
1111101111010110
0000000100101111
0000000010111001
0000000000111101
0001000111010101
1111101100001000
1111011100011101
0000100011111000
1111111111000100
0000110111101010
0000101011110100
1111110000101011
1111100101000110
1111110111001011
1111111000001000
0000010010110100
0000001000111110
0000000001010010
0000010110111100
1111101100100000
1111101000100110
0000100111101000
0000110011111110
0000011010000110
0000110111111010
0001001001100111
0000011001001101
0001000011110101
0000000110010000
1111100110000100
0000010011000000
1111100001100100
0000000100011010
1111101010000100
0000001010011101
0000010110101110
0000001100101100
0000100010001110
0001010011000100
0000000100101100
1111101101010001
1111111111100011
0000001110110011
1111111111111010
0000001110011000
0000000001011110
1111011110100011
0000101110001001
1111110110110011
1111100001101110
0000100010001010
0000101001111111
1111111001110110
0000101011011100
0000000110111011
0000001010010100
0000001000000100
0000011001110101
0000101010000100
0000010010011100
0000100001001001
0000101001101101
1111100100011000
1111111111111111
0001010010101010
0000100000101100
0000010100000111
0000010010000011
1111011100001001
1111100100000001
0000011000100110
0000011010100111
1111110011101000
0000010100010001
0000001010110101
0000100110010010
0000000101100101
1111100111010011
0000111011101111
0000010100111110
0000101111001101
1111111101000000
0000010011100101
1111111001110100
1111101101011100
0000111000010111
0000100110110101
0000101000100011
1111101000010111
1111110110110101
0000001111000000
1111110100101001
1111110110001100
0000010100000000
1111110010101110
1111110111001101
0000101010001101
1111110000010011
0000001110101001
0000101011001001
0000010001111010
0000001000100001
0000010101001010
1111110011101000
1111011110010010
0000001100110001
0000010101110110
1111110000010000
0000001011111001
1111110111110101
0000101101101001
0000000111111000
1111101101100110
0000011101100110
0000100100101100
1111011111111110
1111111110101101
0000111001101011
0000001001000000
1111100000110001
1111011010100100
0000011000010011
0000001011100001
1111111100000001
1111101101100101
1111000000011010
1111010000111000
1111011101000000
0010010110000010
1111010011011110
0000101010110001
0000000111101100
0000000001100000
1111111100100001
0000010010100001
1111110110110001
0000011100011101
1111000010110010
1111111110111001
1111110000100001
1111110010000111
0000100100010011
1111100101110011
1111110100100101
0000000111000010
1111011101111100
0000001001101110
1111110010111000
0000010010011111
1110000011011100
1111110001101001
0000001101001110
0000010100011001
1111000000001100
0000010010001001
1111100100000010
0000000110011001
1111111111110000
1111101111101100
1111111001110011
0000001110011010
0000010001001101
1110110011101101
0000000000011101
1111001101010010
0000000010111010
1111001000000111
1110111011110010
0000010000001010
1111010110010110
1111111110111010
0000010010011011
1111110111110100
1110101100011010
1111110110111110
1111010111100010
1111101001100111
1111101101001101
1111111011011001
1111110100110111
1111010001110010
0000001011110011
1111100100101010
1111010010010101
0000100001111100
1111000100010010
0000011100101000
1111001001111000
1111011101110100
1111110111011110
0000000010111010
1111000011111011
0000010001010111
1111111110100011
1111100101001100
1110110110001010
1111101101010100
1111001101110101
0000000111110011
0000001011001101
0000001001111011
1111011111101011
1111100101101000
0000001110000010
1111000010100011
1111100010000010
0000000100100010
0000010001011111
1111101101101000
1111100001000101
1111111001010101
0000011010111111
0000100110010011
1111111010100000
0000010101110100
0000000010110000
1111011101001001
0000010101100000
0000010110001100
0000001111100011
0000010000111011
1111101000111001
1111011010001011
0000011000101001
1111010111011110
1110110101000000
0000001100001110
1111000011011010
1111110010111110
0000010000000000
1111011101111101
0000010101110001
0000001110101011
0000000010111111
1111111001111010
1111111011000001
1111100100101110
1111110000100010
1111001110011011
0000000100011111
0000001000101010
0000000010100110
1111111110001101
1111110101001101
1111101011000110
0000011001000000
0000001111101101
0000000011011011
1111111100110000
1111101100001011
1111111100101101
1111010111100110
0000001101110011
1111101110001010
1111110110011110
1111101000101111
1111111101011011
0000001100111111
0000011101011010
1111110000111110
0000010000111100
1111110111111110
0000001111101001
1111111111001000
1111001010000111
1111101010110010
1111111011111011
0000000110011110
1111101010110011
1111101110111101
0000011110000101
1111101011000110
1111101101101011
1111100110100101
1111111100011011
1111011111101001
0000010001001011
0000000010111111
1111111011111111
1111011100010011
1111110000000000
1111101111101110
0000001100110011
0000000101110100
1111110011001011
1111110011110001
1111110000000110
1111000111001110
0000000010111100
1111111100100110
1111111001011010
0000001011110110
1111111111000111
1111111111001100
0000001111111000
1111111010010001
1111011011111011
1111111000011001
1111101111001000
1111001101010111
0000000001001000
1111111011011010
1111110101101111
0000000001100111
1111111001011011
1111111111000100
1111111110000110
0000001111010010
1111100101010011
1111010110111011
1111100100100000
1111101101110001
0000001011001001
1111110000011010
1111101000011011
0000001001010010
0000001100001110
1111110111100100
0000001100010110
1111110101010011
1111100011101011
1111011000001001
0000011001110001
0000111000111101
0000001100010101
1111110111100110
1111010011000001
0000001100001000
0000110000110111
1111010010011110
0000011111011101
1110101100001111
0000101100001000
1111100000011100
0000100100001111
0000110110100111
1111111101011001
1111010001101000
1111001100010001
0000010011011001
1111011011110110
0000100100100100
0000110010110111
0000110001000011
0000101110001100
1110101011010111
0001110000110100
1111101000010100
1110101110110101
1110101101111111
1111101000011111
1110100101101011
0000111001010011
0000000111101001
1110100110110110
1110110111101001
0010000011111101
1111000100101100
0000011111010100
0000100001010011
0000101011010001
1110110011011110
1111010010100001
1111001000011001
1111000110100111
1110110110011110
0000010000100101
1111000111111001
1110110100100010
1110111101110011
1111000000100010
0000011001001001
0000101101100101
1111000101010011
0000011011011011
1111011101111011
0000010000110100
0000011000111010
0000110011001000
0000100101100011
0000010000110000
0001001110011101
0000011111100010
1111111010111011
1110101000110001
0000010100100111
0000111101000101
1111111000000111
1110111010010000
0000011111110001
0000101111000000
1111000001011100
1110111100000100
0000100110001100
1111011110000111
1111010000001000
0000010011111001
1111001011010110
1111100101111001
0001000011000010
0000000100100111
0000011101111001
1111010001100110
0000100101110000
1111000011001001
0000111001101011
0000100001011001
0000100000100010
0000110001101111
1111010111010000
0000101010011110
1111000100101001
0000011001101000
0000110001110000
0000010011101101
0001000001001011
0000000011001110
0000101100101100
0000011011110101
1110111101100101
1111101010001011
1110110100010101
1110111110010100
0000100101001001
1111000100000011
1110111101110010
0000010110101001
1111101001010011
1110110001000100
1110111111010111
0000010110101010
1110100100111100
1111011101000110
1110111100010001
1110101000100100
0000111011000101
1111100111000001
1111011100110001
1111011111011010
1111010111011011
0000111001101011
1111101101101010
1110101001001001
0001001101000101
0000011001011010
0000111111011101
1110110010010001
0000001001001111
1111010011101001
0000101011111101
1111000010011010
1111011110010100
0000110110110110
1111110111110001
1111000011000001
1111000100100001
0000011110100100
1111010000111100
0000011011010100
0000101111011001
0000010011110010
0000000110011101
0000101011010011
0000101010010111
1111110011011111
1110110100010010
1111011001110111
0000011111001101
0000001111000010
0000001001001110
0000011001000100
1110111010001101
1110110001001000
1111011000000111
0000110010111011
1111110100100001
1111010101111010
1110110111011011
0000000101100110
1111001100100000
0000011101000000
1111000111110001
0000011111111011
0000100000101001
1111001010110111
0000100000100111
0000110100001010
1111011011101000
1111001100010100
0000110001000000
0000101111111100
1111010110011011
1111001110111001
0000001101110101
0001001110100001
1110111110001011
1111010010100010
0000110001011011
1111101001000000
1110111010000011
0000110100111000
1110110111110101
1111111111000000
0000100011101101
0000101101011101
0000101110010111
0000100011101010
0000110000000010
1111111000101100
1111111111011101
1111100010110110
1111011001010001
1111001001111011
0000101100010001
1111011110011011
0000011111010011
0000111111000101
1111011010001101
0000010111110000
0000111011110000
0000101010010110
1111000001110101
0000100110100100
0001110000101100
0000001000100100
1111011010011001
1111101011111111
1111110100101011
0000010011011011
1111000011000000
0000010011001111
1111100001100111
1111000001110110
0000010001100010
1111011101110011
1111111001000111
1111111111000111
1111010010101101
1111000000011001
1111100011101001
1110011110010011
1111001100011011
0000001110101101
0000000000101101
1111100111011100
1110111101011110
0000001111111010
1110101011001001
1111111111111111
1111001110001000
1110111011110011
1111110101010101
1111010100001100
0000010000001101
1111101010111011
1110110011000101
0000011111011000
1111111110010101
1111010001111101
1111011011001111
1111000010110100
0000000100010000
1111101101100010
1111110011100101
1111001100000111
0000001000100100
0000011100011111
1111001000100101
1111101001000100
1111010010011011
0000001101111001
1111000111000100
1111010010111101
1110111000111010
1111000101000001
1101111111000000
1111101001010100
0000010011110111
1111110100010010
1111010110010010
1111011100001100
1111110110011011
0000100111111000
1111100010001111
1111111110001001
1110111010001011
1111010111101011
1111110000011111
1110101110110000
1111111110000110
1111011010010101
1111001100010110
1111101110000001
1111010110001111
1111101101001111
1111101000111001
1111011110010110
1111001111001110
1111111011101110
0000001011111111
1111101101010111
1111110100000011
1111101101111110
1111100111101000
1111001011111111
0000001001110101
0000010001101001
1111001111001100
1111111000110100
1111000011110011
1111001000101000
1111110001100111
0000000101011010
1111110110010100
1111111001010001
1111100001000111
1111110011110001
1111101101110110
1111001111001101
1111110110101100
1111101101011010
1111011101101010
1111010001010011
1111011111100000
1111010000011110
1111001011111110
1111011000011110
1111010000111011
1111100000011111
1111110000010100
1111110111101001
1111101101101011
1111011000100000
1111110111001011
1111100101011100
1111101011001101
1111101101000011
1111100110011000
1110110110101000
1111100110110101
0000011010101110
1111111010110100
1111001111010100
1111111101011111
1111100111010001
1111111010000110
1111111010111001
1111000011001100
1111011100101000
0000100000001111
1110110110001111
1111010000101000
1111110000011001
1111001110001100
1111011011001010
1111100001110101
1111100101111010
1111101101101011
1111000001110010
1111100101111001
1111001111101100
1111001100000101
0000000101101010
1111110001100111
1111000000000111
1111010100010011
1111110101001110
1111011101010011
0000001101010110
0000001100110110
1111010100011010
1111010011000110
1111111001001100
1111010111011111
1111110010000100
1111010111110100
1111101011101001
0000000000110000
1110111111101000
1111010101000000
1111010100110101
1111101101100111
1111010111100111
1111110001010010
1111110110101011
1111001000110011
1111011000111010
1111011111100011
1111101101110110
1111111011111000
1111101100011111
1111101110010101
1111110110000010
1111011010110010
0000000100000110
1111100000111111
1111010100110110
0000001001101011
1111101101101101
1111010101100111
1111100000001110
1111011011110011
1111100011010000
1111110011000000
1111111111000011
1111101001000100
1111100010111010
0000000001111010
1111111100100100
1111111110101101
1111100010101011
1111110011111010
1111110001001101
1111100000101101
1111100000110010
0000000111111111
1111110010110000
1111000101000000
1111011111110101
0000010010101111
0000011111000101
1111100110001011
1111101110011010
0001101101100010
1111101001011110
1111111000011110
0000000101001110
1111100011111010
1111011001011100
1111100110011000
1111110111110000
1111101110111011
1110010001010100
0000011110001011
1110111000101000
1111010011011011
1111011111000011
1111111001100011
1110111110011010
1110111111111100
1110010010111010
1110111010000010
1111011100111111
1111101111101110
1111000000110111
1111010111101000
1111011000011011
1110011000001011
0000010001111100
0000010110110100
1110110011100001
0000001011100101
1110110001100011
0000001110110001
1111111001101100
1111001001111100
1111100101000000
0000001010001011
1110110010000111
1111001010000010
1110001001010100
0000010100010010
0000000110000110
0000000010100110
1111110101000100
0000010101101110
0000001101001101
1111110101111111
1111110101001111
1111100101110100
0000010010000000
1110011000101000
1110100100100010
1111100100111000
1110101000000000
1110001100100011
1111001001010100
1111111101000010
1111010011011001
1110101001000011
1111010101101001
1110110100111101
0000001011100100
1111011111111011
0000001110110001
1110100100111001
1110111110100000
1111111000111010
1111010000000001
1111010110001111
1110111010111110
1111101111010010
1111111110110000
1110110100001010
0000001011101001
1111111010101110
1111010101000010
1111101010001001
0000000010110110
1111011101001010
1111011000101010
1111010110011000
1111111100100001
1111000100001010
1111101001100111
1111101001110011
1111111000001101
1110111110010011
1111010010000010
1111001110111100
1110100010000010
1111111110100010
1111101100100110
1111001010101101
1111010001011010
1110101011010010
1111100000110100
1111000110010001
1110101101101110
0000000110000000
1111010100111010
1111110011001010
1111110011101011
1111001000000000
1111101011010001
1111111010111100
1110111001110011
1111101101000001
1111111010110110
1111111110000001
1111100001000011
0000000011111100
1111011111011011
0000000111110000
1111110111000010
1110111010001000
1111101000101010
1111111011011000
1111001110010101
1111101001110000
1111111011101101
1111110101001111
1111101100110010
1111010111011001
1111000001111010
1111001110001110
0000001001110010
1110100101111111
1111100100010110
1111111110001100
1111000100100100
1111011010000000
1111010010001101
1110111100111110
1111110000110001
1111101011010000
1111010100011111
0000000000100100
1110101011101010
1110111101011000
1110111101110000
1110110001100010
1111101000000111
1111011110001010
1111000100001111
1111110110001101
1111111011111101
1110111111100111
1111111000101100
1111110100101110
1111000000000100
1111101000010001
0000001001101011
1111011000011110
1111001101111010
1111011001010111
1111100110001011
0000010101111001
1111000001011111
1111011110001011
1110101110111011
1111111011110001
1110111000100001
1111011011111101
0000000011011011
1110101111100010
1110101011010001
1111101011000100
1111111010000001
1111010111010001
1110111110101101
1111111000000101
1111111000000100
1111000101111100
1111010110011100
1111110010000101
1111100001110010
1111100000001001
1111100110111000
1111101100000100
1110110100000001
1111100111001111
1111000110111101
1111001100100001
1111011011010000
1111001011100100
1111000111000101
1111100001110101
1111110001010011
1111111010101010
1111110110100110
0000001001010010
1111110010110100
1110111110110111
1111101100101111
1111101110101110
1111010001011100
1111011101011010
1111000110010000
1111101010011011
0000001001101100
0000000110010110
1111100011001111
0001101101001101
1111000011000100
1111110011000001
1111101101001100
1111001001100101
1111110000110000
1111011100110100
1111111001010101
1111001110100100
1110100101011111
0000001011001110
1111000110010100
1111100100000011
1111010000010110
1111100000001111
1110110101111011
1110110111011111
1110101101100000
1111010001111010
1111011001110011
1111110101100011
1111000111011000
1110111001101011
1111100101000110
1110110010101111
1111110100100001
1111100001000001
1110101010111100
1111101000101111
1111000100011001
1111110110100110
1111010100110001
1111000101010001
1111101100101101
1111100010110100
1110111101110111
1111011001000001
1110011010000101
1111110110001000
1111101100101000
1111110011101010
1111100010100001
1111110101101110
1111110111010100
1111100101000010
1111001111000101
1111001010000101
1111101100010101
1110100110000001
1110111000111100
1111100000110010
1110110010110000
1110110101100111
1111011111110010
1111110110001010
1111100011111011
1110111010000100
1111010010110100
1111000000001001
0000000101100000
1111010110111011
1111100101011000
1110101100000100
1111010000011100
1111101011110011
1111001000001111
1110111110011000
1111001011101001
1111011111001001
1111100011110111
1111000010101111
0000000011011010
1111011001011101
1111100001101100
1111011101010010
1111101010101010
1111101110101100
1111001101001100
1111000110111101
1111011101101101
1111010011101111
1111100001100100
1111011110111101
1111101000101000
1111001110011010
1111011100011001
1110111111000100
1110110111000001
1111110000110011
1111110011111011
1111010110000110
1111011000111001
1110110001101010
1111010011111011
1111001110110000
1111001001001010
1111100101001100
1110111000110010
1111100100110111
1111101000110000
1111010111000100
1111011101100011
1111101001100111
1111010011000100
1111011100101001
1111011100010101
1111011100101011
1111011000101101
1111010111000101
1111011010101011
1111100001111010
1111100001111011
1111001100101111
1111010101111100
1111101011100110
1111010001000111
1111011110000001
0000001010110100
1111100000100000
1111010010011001
1111011110000010
1111000000011111
1111100000101010
1111100000101101
1110101110110010
1111000101010011
1111110110101010
1110101100010010
1111010011010101
1111011011001000
1111001101100100
1111011110000011
1111001100100101
1111011100110001
1111111100010011
1111000100001110
1111000011010011
1111001001111100
1110111011010110
1111110111001101
1111110100100111
1111000000000111
1111010101110111
1111111000011001
1110111101110011
1111100111101000
1111101010111111
1111001101111110
1111010010011010
1111101011000010
1111000111101110
1111010000000000
1111010001101001
1111001111011010
1111101101010010
1111010000110111
1111011000011100
1111001001011000
1111011011000110
1111001001101101
1111101001111101
1111110001011111
1111010001101111
1110110110011001
1111011001111000
1111010101000010
1111011001101001
1111000011011001
1111010110000100
1111100110111100
1111000010111100
1111101101101111
1111010110001010
1111001111110111
1111100100100011
1111010111100001
1111001101000001
1111001000001100
1111010000110111
1111010001000100
1111010101111000
1111001111101100
1111011001010100
1111010100001101
1111111101000011
1111110011000010
1111100110001101
1111110000000101
1111101111001011
1111011010111111
1111001001101100
1111101011100110
1111110101111100
1111101000001111
1111100000010111
1111011000110010
1111101000010101
0000000001000000
1111101110111010
1111101000101011
