1111101011101000
1101101001101010
0011011100100000
1110100110011110
1101110001000000
1111001100011111
0000001001010111
1110101010111011
1111011110001001
0000010010111110
1110001111110110
0000011100101010
0000010011011100
1101111001110001
1110110001100100
0000111100101010
1110111100010100
0000010101001000
0000101100101011
1111100101111001
0000010010101111
1110100110100011
1111111101101100
1111101111100111
0000011001000110
1110001111101100
0000000001111001
1111101111011000
1111001001000011
0000001011101111
1101111111010011
1110111001110001
0000000010000000
1111111100000001
1110000101101101
0000000011101101
1111110001110110
0000100110001100
1110110010111001
1111010100011111
1110101010011010
1111110111010000
1110111011011100
1111011011110100
1111100111101101
1110111100010011
1111111101001100
1111000011101110
0000001001111011
1111110001010100
1111100101000111
0000001011110100
1111111110100111
0000011110110111
1111111100010000
0001000111100011
0000010101010100
1111011100100010
0000111100001001
0000011001000101
1111001101011100
1110100000110101
1111111100110111
0001000010011111
1110010011001101
1111111100011101
1111000011110101
0000101100011100
1111001001001110
1111000111001001
0000101010110111
1111000110100100
1110110111010101
0000010101000101
1111100010011011
1110100101111001
0001010010001001
0000100100111011
0000110101010100
1111011101100000
0000100101101001
1111001011000001
0000111010010010
1110010110010000
1111111101011110
0000010101000111
1111001101110111
0000100110001100
1110111010101101
0001101101000001
0000110101110010
1111111110100100
0000011000111001
0000000011110101
0000011111011100
0001011000110001
1110110111101001
1110110011010000
1110101000001010
1111010110110010
0000000111111100
1111011010100000
1111010110110010
0001000100100011
1111001000100001
1110101011100010
1111000011001010
1111110011000100
1110101011000101
1111100101100011
1111001100101000
1110100110111100
0000010100111001
1111101000010001
1110010010101101
1111111000001011
0000001101101011
0000000111101101
1111000101001101
1111010111110000
0001100000011101
1111010000010001
1111101101100011
1110110011100011
1111110001000100
1111000100011110
1111010101000011
0000010001000100
1111010110110010
0000001110011101
0000011100001100
1111100101001001
1111101011100111
0000010111110111
1110111000011000
0000011011000000
0000010110111101
0000010010000111
0000010101111000
0001011111111101
0000110010000111
1111101010100110
1111000010010100
1110111010001001
0000001101001100
0000110111011110
1111101011101100
1111111001111011
1111100101101111
1111011111010001
1111110011000000
1111110110010010
1111011101101001
1110000110010101
1111000000011101
0000000100010010
0000001001000111
0000100100010001
1111110001110111
1111111101100100
0000100101010110
1111011110100100
0000100101110110
0000011000000000
0000011111001110
1111000101100011
0000100101010010
0000010001101101
1110101011100111
1110100110001100
1111100110101111
0000010011100101
1111101001010010
1111101000100000
0000010101001111
1110101000101101
1111101010110000
0000100010011000
1111011000101100
1111110100100110
1111010101101110
0000001101001100
0000011010001000
0000001001110110
1111110000010011
1111010011101110
1111110000000110
1110111010010101
1111001111000000
1110111011010001
0000001011100101
1110111001101110
0000100010100010
0000101111101010
1111000001001000
0000101000100110
1111111001110011
0000011010000101
1111100010111110
0000001000101110
1111101110111111
0001101000000101
1110000011010111
0000101110011001
0001111101101001
0000000110011100
1111011011110011
0100001101001110
1110110110010110
1111100111011001
0001010001101101
1111001101110110
1110101101100010
0001111001101001
0001000110100011
1101101101100110
0001000000000110
1110000100111101
0001101000110100
0000011100000111
0000110011111000
0010011110100010
1101011110000111
0001101111010100
1101101110001010
1111110101101100
1111010101101001
1101111101110011
1111011100001100
0001110001000000
0010000101100000
1111101000101100
1101101001101111
0001010000010101
1111111110100101
1110110111000010
0001110000101011
0000000011110101
1111100001100010
1110011000010010
0000010011011110
1111100110010000
1110110110011111
1110011101100101
1111101001000011
1111100000111101
1101011000101111
1111011110110101
1111011100101000
0000010110011110
1111011110001001
1111110100010010
1111100011011011
1110101110000111
1110110111101101
1110111011001100
1110010101101111
0000011010010011
1110111101001010
1101001100001000
1110111001000000
0000001000000101
0000000010111111
0010000010001111
0010110001111111
1110101111110000
0000111100100100
0001000011001000
1111111111010000
0000000011101001
1110100101101010
1111011000101110
1110010111110111
0000000010100001
1111010111101000
0001000111111101
1110010001000100
1110100100001111
1111001001111000
1111000101000110
1111001010010000
1111111111011111
1110011111001001
0010010001110001
0010000110100110
1111000110001100
0000101111110100
0000001000111010
1111110111101110
1101101100000101
1101111110000111
1110100001101100
1111110110010100
1110000011000110
1111111101110110
1110100101100010
1111101111100000
1111100001101010
0000000100001000
1111101111111111
0001100011111010
1111100001110011
1111111001100001
1111111110110000
0001001101000011
1111100010000011
1111110011001101
1111000001110100
0000001111111000
0000000001010011
1111111110011110
1111111011001000
1111110000000010
1110011111010100
0001101010100011
0000010101101101
1110110111010010
1111101110001001
0000111110010000
1110110110100010
1111000101110110
1111100011001100
0001101010110011
0000001110001011
0000000110010110
0000011111100010
1111000011100111
1110100011111011
0000110111010111
0001011111010010
1111001100011001
1101110101000110
1110111000101010
1111100011111010
0000111111001111
0001010011010001
1111001101000111
0000100111100011
1111011100001000
1101110101000000
1110100110100000
0000001001111010
1111101001000010
0001000000001011
0000001001110100
1110010011110001
1111001001100001
0000110010011010
1110101101000111
1110110000001000
1110000101000100
0000101111111011
0001011011110101
0001011111010001
1111110111011101
0001010011000010
1110100100100101
1111010010001000
1110111101000110
0000110001010111
1111000100100011
1110110010001011
1111001000100011
0000011110011100
1101110000001100
1111010100001101
1111000001110110
1111101110110001
0001010110001101
1111101100101101
0000010010101010
0000101000001110
1111010101101001
1110111001101100
1110111010111001
0001000110111111
1110110000001011
1111000011001011
1111010101000100
1110111000101110
0000001000001011
1111001011110110
1111100110011011
1111100111110011
0000101011100011
1111110101100101
1111001001100110
0001010001101011
1111100000010100
0000011110101000
1111100110100001
0001001001101010
1110010101111001
1111101000001110
0000101000111101
0000010011100110
1111001110100110
1110100111100111
1110110010010011
0001000011110101
1110101100111110
1111110011101010
0000001110000000
0010111011111111
0000011010111111
1100100101100010
0010100111000011
1110101101000100
0001100000001100
1110011010000010
0001110010000011
1101011111011111
1101011010111111
1111011010010011
0011010110010111
0001001001110011
1110101111000101
0000110010100110
1101110100000100
1110011101101000
1101100101111111
1110010001001110
0010110111011011
1101001010110001
0000001101001000
0001110010101000
0101011111110110
0000101111010110
0001100100110000
1101111001001010
0001110000100100
0001100101011110
0010100111011101
1100110100111010
0010001000000111
1101111110111011
1111100110110011
1101010101100000
0001101001101001
0010001100110111
0010100001010001
0011010000110011
0001011100001011
1111100010000001
0011011011111100
0001010100001011
0010000100101000
0001000000000000
1101111011111111
1110001111110101
0011011101110100
1111001011110000
0001100110100110
1111000011110100
1110110011111101
1110000100000111
1110110000010111
0001000001011110
1100111001110110
1110100001010000
0000101011000000
0001011101010101
0000101011000101
1101101100011001
0010010111101111
0011000001111001
1110011011001001
1110011001100010
0011011011010000
0001100001111110
1110011000001010
0001100000011010
0010001101111010
1111000001000111
0011001001101100
0001011111000000
1101100100111001
1110011010101010
1111000110010011
0001010000001100
1110001101111011
0011011000000101
1110000010001101
1110110111101010
1110100110011101
1110100010000010
0001110101101010
1110010110101110
0001001110001011
1101100010010110
1110001011100101
1110110010111101
1101110000101111
1111010001100011
1101001111111111
1101110111111110
0001000111101100
0000011000001011
0011000000100111
0011000101111010
1110011011110011
0010111010000010
0011111000110100
1110011110100101
0010011010110110
0010011000000011
0001001000110111
1111110001001110
0001101000011001
0001010011011000
0001011101111010
0010011000010010
1101101101100011
0000101101010000
0001111001000111
0010001101011111
0000001111111111
1101100010100101
0000010010100010
0010000011010110
1101101011110110
1111101000110000
1101110100111111
0001110011000010
1111011100000001
0000110101001101
1110100110100111
0001010010001010
0001111010010101
1101001110100110
0000010110110001
0001010001010011
0001101111000101
1110101111101010
0010011111100010
1110100110000011
1110100110001000
1111000000001001
1111000110100100
1101101100010001
1110010011101100
0000111000000011
0011001110001100
0001101110000001
1110101011100110
1110110011000100
1111000101101001
1110111011001101
0001110111001100
0001110011110000
0001001011111000
1110011100000111
0001001111011100
0001001101011101
0010000111110101
0000000010001111
0001100100000011
1111010111011000
0001010100011001
1110100100011100
1110011001001010
0001000100000000
1110110001111101
1110101110001010
0001111010111100
0000101010011000
1101101101011001
1110100010110011
0001000010000111
0001100101010101
1111010010110101
1101001000011100
0001110010011110
0001110100110101
1110001110000111
0000101110101101
0010100110111000
1110000001110100
0001010001111101
1111111110011000
1110100110000101
1101110001111110
1110010100001000
1110101100100110
1110000100011000
0001000001001010
1111111010000100
0010000111111100
0001010111111000
0001000010011100
1110111010101000
0001011111010010
1110010111100100
1101110011100011
0010011001101111
1110101000011100
1101111111100011
1110110010010001
0010111000100010
1110001101101111
1111001001011101
0000001111111101
1111011101100000
0000001111110101
1111011101100011
0000101111001011
0000000100111011
1110101101011011
0011011000010001
1111000100011010
0000101111100010
1111011110011111
1110110110101000
0000100110011001
1111110110110010
0001100101100111
1111011100111100
0001001010011101
1101010110010001
1111000111111101
1101111101101010
1110000000111100
0010111100001001
1101011111001100
0001000000101001
0010111011110101
0000011011000101
0001110010110101
0011100001100110
1101010111011100
1111110011011111
0011100100100000
0001100110101100
1101010001100000
0010010000111011
1111010101111011
1101101101000001
1111011011111110
0011010010111011
0001010111111101
0001010000110100
1111101111111000
0010110001101001
0000110001011001
0000001101000001
0011001111011001
0010010001100011
0010101111011100
0000010011001010
1110011010000110
1111110101000101
1111000000101010
1111000111110101
1111111001101111
0000000000000011
1111010000100110
1111110110100010
1110111101001010
1110111011001110
0000110010110011
0000011000101001
0011101101010001
1110011011101010
1101000111001110
1111011000101110
0000100101010111
1111100001010111
1101101110100000
0000110110011101
0010011000011000
1111010001111011
0000111110011010
0001100111110001
1110111010110010
0000001111100101
0001000110010110
1111011010011101
0000011100010101
1111011000001000
0010001100111011
1111001011011001
0000100110110101
1111100101100101
1111010001011011
1110000110001000
1111011111111011
1111111011110010
1110011011001001
0010010110111011
0000110010011100
1111111001101111
0000111011000110
1110111010110100
0000011010100100
1110110110100000
1111001010101100
0010011010000100
0010100111000010
0001011111100111
0000100101100011
1101101001111110
0000100111100010
0000010101000011
1111000100111001
1111010010011011
0010010111010110
0010110100000001
0000001010010100
0011010101110011
0001010110111011
0010010111010000
0010001010100001
1110010011011101
0001010100101010
0000000101101001
1111010101110001
0001101100001111
1110110100001001
1111110010101011
0010001011111100
1110100010111011
1111100100100111
1101111101001101
0011000110111010
0000011101100101
0001101010001110
1111111100101100
0001100111111000
1111111010010111
1110000001011010
1111110001101100
0010101111100001
0010000111011101
1111001110110010
0000011111000110
1101111101000000
1111000110100100
1110011011001101
1111011011000110
1111100101011011
1111100110010100
1111100000110100
0001101010000110
0000011111101101
1111010000000010
0000011100100110
0000111010011011
1110110010000011
0010010010000111
0010101010011000
0010000100000001
1110001010100100
1111001010000000
0001010001110100
0010111010111011
1110110011001001
0001001011101111
1110111110101010
0001100101010010
1110010011001110
1111100100010010
0010001001110001
1110101111110111
1110101001101101
0001010110110100
0010011101100010
1110111001011111
1111000001010000
0001010100011000
0001111101110111
1111111101011001
1110100110110011
0010010110111000
0001001011010011
1111100011010111
0000100000111110
0001101101101010
1111001010011010
0010010001010010
0000101010101000
1111011011101111
0000010001001001
1110100100010001
1110110110000000
1110100001011100
0000100001001100
0000000101001011
1111110111001001
0001100100111001
0010001100011011
1110110110110100
1111111111101101
0000000100000001
1110101110000101
1111101101000100
1111000000101100
1111100010011011
0000000100011100
0001101110011001
1110000101110101
1101110001111101
1111011100000001
0000111100110011
0001001000011110
0000011001000011
1110010100001110
0001111011000110
1110100001101010
1111101110010101
0001111101010011
1111000011110001
0001000101111111
0000100010110010
1111010001011001
0001100111000011
0001010000101001
0000100100111010
0010110010011110
0000111110000100
1111111000110000
1111110111111100
0000011111101100
0001100100001001
1111010011111011
0010110001101110
1110111000010100
0010011000000000
0001101110101110
1110101100010101
0000111111111000
1111110100001110
1111000110100011
0010110000100100
1111010111001101
1111001111001111
0001001000110101
0001100011000100
0001000110101101
1110100101101100
0001000001100001
0000000001010001
0010001100111000
1111000011000001
0000000110111111
0010010001010000
1111000001110000
0001001101100010
1110011010000110
0001001001111101
0001010110010110
0010111000000110
0001101011111000
0100011110010110
0000111111110101
1111101111111100
0000011100101110
0001101011011010
0001101111000111
0000010010011001
1111001000001111
0001101101111000
1110001111001001
0011000100110010
0000110111000010
0000001010000101
0011010101010111
0000000001110010
0001000100110001
0010000000010000
1111000000111110
0001011001100001
0000011001110000
0001010100101111
0000111010000001
0010001001100010
1111010101111011
0000000001000010
1111111001001001
0000011100100001
0000000110101110
0000100011011101
0010000111000110
1111111010110000
1110111010100111
0001000011010111
0000100001010100
0001101010101110
0001101110010011
1111010011010000
1111100100111001
0000011010010111
0000001000001001
0001000010001010
0000110110010100
0000010101001110
0001001010110011
1111001111011011
1111011001011010
0000110111001100
0001100010101000
0000110001110000
0001110001111001
0010000100110011
0000111100011001
0001110100110010
0000000111111111
1111000000011011
0000111100010111
1110110001111011
0000000110010000
1111000110111101
0000001110111101
0001001010101000
0000101001010011
0000101111101011
0010100000010001
0000010011101000
1111101110000001
1111110010100101
0000100111000101
0000001111110101
0000111010001110
1111111000110100
1110101010110000
0001101010110000
1111101000011010
1111100111111001
0001001111011100
0001001110001001
1111111101110000
0001101001111010
0000011101110011
0000010111010010
0000101000001010
0000010111111010
0001010000000001
0001000010000110
0001001111110001
0001100111010011
1111110011000010
0000011101100100
0010101010000011
0000111100000101
0000010110101111
0000110011111010
1111011110001100
1111101001100001
0000110101000010
0000111101001111
1111100111101100
0001000110010000
0000011101001010
0001000101000100
1111110001011001
1110111011011010
0001101001111011
0001001011011110
0001110101011100
1111111111010010
0000110111011111
0000010110101010
1111100101001100
0010001010010110
0001011110000001
0001011010111101
1111011100101000
0000001101010001
0000110100001111
1111010000011011
1111101100111010
0000100111110100
1111110001010010
1111110101100000
0001011101001110
0000000000111010
0000001111000101
0001010011011111
0001000011001001
0000010011011010
0001001001010000
0000001110111110
1111011111110110
0000110011101110
0001000010101110
1111110001011111
0000010101000001
0000001011100101
0001000101010010
0000000011100000
1111010010001100
0001010001010110
0000111010100000
1111101000110111
0000010000010011
0001100111001010
0000100001010000
1111100010000000
1111010101000110
0000110010101000
0000010000000110
0000001011111011
1111100111001101
1101111000011011
1110011101110111
1110111101001110
0100101010101101
1110100111110100
0000110001001001
1111111110001000
0000010100010101
0000001000111100
0000110100110100
0000010111101011
0000101110000100
1101110101110100
0000001011001000
1111101010111101
0000001010000101
0000111010010101
1111110000100111
1111110010111001
0000001011111011
1111001111101100
0000010111001010
0000010111101000
0000101110110100
1100000100010000
1111110111011110
0000000111100110
0000011010111000
1101111111010111
0000001111001100
1111101001111110
0000001101001000
0000000101011111
0000010000011010
1111110001010010
0000011100001001
0000011110010110
1110000101001101
0000000100011010
1110011000000110
0000010001000011
1111000011001101
1101110011101100
0000001011100001
1111000011110110
0000000111001010
0000110001100110
0000000111010010
1101011001000000
1111110110110110
1110100100110011
1111100100000101
1111111011100110
0000010010101110
0000001100011100
1110100111100100
0001000000110010
1111110110101111
1111010001000000
0000110000111001
1110001011110110
0000011000100110
1110000100010110
1111001000010000
0000001011100000
0000000000100011
1101111001010000
0000011010011111
0000011100001000
1111011101010010
1110010110001110
1111011111001010
1110010011111110
0000001001011011
0000110100100011
0000101110000010
1111100000010110
1111100000100010
0000110101010011
1101111011011000
1111101010001001
0000010011000001
0000001101101001
1111111001011011
1110111010101110
1111111110100100
0000101110101001
0001100011100100
0000010110010011
0001010000011011
0000011000011001
1111101000010111
0000111010110100
0001000101010000
0000010000011101
0000110011000001
1111001110001111
1110100100101000
0000100010000010
1110101010100010
1101101011110111
0000001111000010
1101110101000100
1111010101111101
0000010000011010
1111010010011110
0000010111010010
0000010011110001
1111110101001110
1111100110010000
0000001010010011
1111101011110001
1111001000110010
1110010100001100
0000000111011001
0000101010001000
0000000111010010
1111111110111001
0000000011111000
1111110100010101
0000110000110001
0000000101111000
0000000100101010
1111100000101100
0000000100101110
1111110111100000
1110100101010000
0000010001000010
1111100101100101
1111111000011000
1111001110100100
0000001101100000
0000000111111001
0000101101101000
1111111001101011
0000011111001101
1111111010011010
0000111010100011
0000010010011011
1110010101111011
1111001011101100
1111101110011010
0000010101001000
1111110011101011
0000001011010101
0000110100011000
1111010011101011
1111010110100110
1111011010101101
0000000000100101
1110110001001011
0000010010110000
0000000000110110
1111100101111111
1111001001000001
1111101100000010
1111100110000110
0000011110001000
0000100100000001
1111110001011101
1111110110101001
1111100101000100
1110011100100100
0000000011100011
0000100010101100
0000001011100000
0000000011001000
0000001100101101
0000001101010111
0000101111101011
1111101000110111
1111001011000001
0000010110010100
1111001110010010
1110100000111001
0000010110111011
1111101000111110
0000000101101000
0000010111001011
0000011100111010
0000010001001000
0000010000000111
0000101100001101
1111011000100010
1111000101110111
1110111011010000
1111011110101011
0000010001010011
1111110010010101
1111000011000010
0000111111010111
0000011110011011
1111100011011101
0000010010101100
0000001101110110
1111101111110001
1110110000010101
0000110000010111
0001101000111010
0000010111010011
1111101000101110
1110011100001001
0000011010000000
0001110101101010
1110010101011101
0001000100000000
1101011010100011
0001110101001001
1110100101011001
0001101000101011
0010000010111100
0000000010011000
1110011011000001
1110011010011011
0000111100100010
1111000110011010
0001100001001001
0001100110101101
0001101111011110
0001101010000101
1101010010011100
0011100010000111
1111100101011000
1101001010100001
1100111011001011
1111011111010010
1101000111111000
0010000101010101
0000000101110100
1101001100111100
1101100111100100
0100001011100001
1101110101111110
0001001111001111
0001010001111010
0001111111000000
1101011000011101
1110011111010000
1101111101001111
1101111011110101
1101100100110000
0000011111111011
1110001001000010
1101100111010111
1101111001000001
1101110100011110
0001010011011111
0001101101001010
1110000111100010
0001010001010101
1111010110101100
0000110110101101
0000111010101110
0001110110111001
0001100000100100
0000100100010100
0010110110111111
0001001101111001
1111111001101110
1101000110111110
0001000111011111
0010001111111000
1111101000011101
1101101101111100
0001001000000010
0001110000001001
1101111101011111
1101101111110011
0001100010010011
1110110010001000
1110010100010000
0000110100000010
1110010010111000
1110111110000001
0010011001000111
0000010110100010
0001000100000100
1110010111100111
0001011100100010
1110000000001010
0001111001001001
0000111011110101
0001010001010111
0001110011100001
1110101111000001
0001101011001010
1110000110111001
0000111111110101
0001111010100001
0000110011101110
0010010101010111
0000001010010010
0001101101101000
0001010010000011
1101111010000101
1111010111011000
1101011111010100
1101111101000100
0001011010101111
1110001011011111
1101101101111110
0001000001000110
1111010110100010
1101100010000001
1101111000010110
0000111000000010
1101001001010000
1110110010100100
1101110111001010
1101010110111000
0010010100000100
1111010000000010
1110110111110001
1111000011011000
1110110100110011
0001111011011000
1111011110111001
1101010010011000
0010100010010001
0000111101101011
0010000010100010
1101011100010100
0000110001011100
1110101010011100
0001011111100001
1110001011000100
1110111110001000
0001111111010011
1111111001101010
1110000011111110
1110000110111000
0001001011010111
1110011000000111
0001001000111101
0001110010010100
0000110111110111
0000101111111100
0001100010000110
0001011101111110
1111110101010111
1101011111101111
1110101010110011
0001010100000001
0000100101101111
0000010000111000
0000111110000011
1101111000001100
1101100001010011
1110111001000011
0001110011100111
1111110001111000
1110110010100111
1101010111110100
0000011001011000
1110101001011111
0001001101000011
1110001110111010
0001001110101110
0001001011100101
1110001111100110
0001011010001101
0001111110001011
1110111000001011
1110010111101011
0001110100010011
0001110011101001
1110101001010110
1110010100000111
0000100000111000
0010100111001101
1101110111110111
1110100100001110
0001101101110001
1111010100010110
1101101101011010
0010000001011011
1101110110111010
0000001100101110
0001010100110101
0001100000100100
0001101111101101
0001010110100110
0001101000111100
1111101011100011
1111111101101001
1110111110100010
1110101100001111
1110001100110100
0001100110110101
1111000011110100
0001000011010110
0010001110000001
1110101101000011
0001000000000010
0001111110101111
0001010010111010
1101111101100010
0001010101100110
0011110111010100
0000100110001101
1110111100110011
1111011000100000
1111111000110001
0000001001001110
1101111100010011
0000011101111101
1111000001000111
1110001111111100
0000100100001000
1111001011100101
0000011110000101
0000000000111110
1110010010100100
1101110100001011
1111100000010011
1101000111000111
1101111011011010
0001000110110110
0000011011111001
1111011101000001
1101110110100100
0000101100111010
1101011100000001
0000000101101010
1110011100000110
1110000101011000
1111101010001110
1110100100101100
0000110110100001
1111001100000111
1101011111011011
0001000111011000
0000000010111111
1111000111101110
1110100111011100
1110001011011010
0000000110110110
0000000100011001
1111100001001111
1110010010000010
0000011110001101
0001110111100010
1110001111111100
1111001101001010
1110110010001001
0000110000101011
1110011000000001
1110111000100010
1101101101111100
1110001011101011
1011100001001000
1111101101100000
0000111111111001
1111111000000100
1111000011011101
1111000000001001
0000000110010101
0010000100000111
1111100100101010
1111111010110011
1101110111010100
1110010010111100
1111100010110110
1101000110110100
0000011111000010
1110100101110001
1110001011111000
1111011011110110
1110111110011110
1111100011011011
1111111011001010
1111001000010000
1110010001111010
1111110111100100
0000101100100111
1111110000011011
1111111000100011
1111100000100110
1111100010010100
1110001100110000
0000111010111000
0000111001100111
1110010001001111
0000000100001110
1110000010000110
1110010100111101
1111011101001110
0000011110010100
0000001010010110
0000000010100011
1111010011001111
0000010001000101
1111101100110011
1110011110001111
1111101110001100
1111100001111101
1110101111000100
1110010111001011
1110101000111001
1110011010001001
1110001111100110
1110100101011111
1110011000101100
1111000001001111
1111100001110101
0000000101110000
1111010111000001
1110100110000010
1111110011010111
1111000110101111
1111101000101101
1111100111001100
1110111100100001
1101100010110010
1111001001101001
0001001010010100
1111110011000101
1110100001011001
0000000001100110
1111011001111011
1111101110101000
1111101110010000
1110000110001000
1110111110000011
0001101110010000
1101100110001010
1110011001001111
1111100100100110
1110011101010011
1111000010001011
1111000010111000
1111100000010110
1110111000100001
1101101101001010
1111100111000100
1110001111010000
1110011011100001
0000011000101011
1111111010100001
1110000010000110
1110011001001010
1111011010000101
1111000000111011
0001000001010110
0000111110010010
1110011101000000
1110101000000000
1111110101001000
1110111011110100
1111110001000010
1110011001010101
1111001000010100
0000000011001110
1101110101010111
1110111100110010
1110101010010000
1111101001011000
1110100101100011
1111110011100000
0000001011011111
1110010111011010
1110101110111110
1111000110111011
1111100011000001
0000010010001101
1111100001111010
1111011000110101
1111110010110001
1110111011001111
0000010001101000
1111000100101111
1110101001111101
0000101001011001
1111011110100011
1110101010110011
1111001101110100
1110110010101111
1111011111101100
0000001101101001
0000101010100000
1111011000101100
1111001011011011
0000001011111010
1111111011110100
0000100001000011
1110111000111100
1111110011110100
1111011101011100
1111001110100011
1110111010011001
0000101100100011
1111100110101101
1101111000100111
1110111100110111
0001001000101101
0001100101101010
1111001100010011
1111011001110001
0100110000100001
1111101110000101
1111011111100001
0000101100111010
1111101000101010
1101011110001101
1111001100010100
1111110001111110
1111011100101100
1011011110001000
0001100100100101
1101001011110110
1110011111011000
1111000001011011
0000001010000011
1101011000101111
1110001001110000
1011011010111011
1101000101011011
1111001000101101
1111101110001101
1110011011100011
1110010011111010
1110011011111010
1011011110100100
0000101000111110
0001011111100000
1100110001000110
0000010101111101
1101000000100011
0001001100000111
1111101010111100
1101110110111110
1110111111001111
0000001011011010
1101010001001110
1101111000011100
1011010101101001
0000110001100000
0000111100001100
0000000111001010
1111110111001000
0000110110000101
0001001011001001
1111111010000011
1111100000111101
1110111100000000
0000111000001101
1011100111011101
1100110100100010
1111011110110001
1100101110100100
1011100010111011
1110010011100001
0000000110100011
1101111011100010
1100011110010111
1110111101001111
1100110011011111
0000110111111011
1111001110100011
0000010101010110
1100110000101010
1101010000010100
0000010101100111
1110010101000100
1110110000001110
1101010110100001
1111101000110110
1111111010000100
1100111000100111
0000100100001000
0000010111010111
1110100000101001
1111100101110011
0000001010010011
1110010001010000
1110011000111001
1110100001100001
1111110110101011
1101100100111100
1111101000101101
1111001111110110
0000010000110111
1101011110001100
1110010001010000
1110011011011100
1100011001101010
1111101111110111
1110100010100111
1101101011000000
1101111110100001
1100011001010000
1111001110111011
1101101100011111
1100011100100001
0000000111000000
1101111010111001
1111100001100100
1111111001001100
1101110111001101
1111100011011001
0000010100111000
1101001101110011
1111110011110101
1111110000010000
0000000000011100
1110110101000101
1111111000011101
1110101011111011
0000010101101100
1111110001010011
1101010000110011
1111010111010110
0000001011100011
1110010101101011
1110111110000010
1111111111100011
1111101000111011
1111001111111110
1110010010001100
1101110010101011
1110010001100110
0000001010100001
1100100000101001
1111001000001100
0000010111001110
1101100010010010
1111000110110011
1110010100111000
1101100110000000
1111101001011000
1111011011110110
1110010101110010
0000001000000111
1100101100100111
1101011111010011
1101010101010111
1100110001100011
1110110100011100
1110100111101101
1110001000001100
1111101001011000
1111111110001001
1101001110101101
1111111100100011
1111111111101001
1101010100111101
1111001110010000
0000100001111000
1110011011101111
1110001000011100
1110100011000011
1111000010101111
0000110101111010
1101110010111101
1110110111011101
1101001010001001
1111110101001101
1101010011000111
1110100010000010
0000011110101011
1100111000000000
1100110101001001
1111011100110110
1111101010100111
1110100000011000
1101010101001000
1111111001000001
1111111001010000
1101100001000001
1110010111111001
1111011111000110
1110111000100111
1110101110011011
1111011110011001
1111100100000111
1100110000100101
1111001110101001
1101111011110010
1110001010111101
1110101001010100
1101110010011101
1101111001010010
1110111101101111
1111111011010101
0000010111100001
1111111001101100
0000011000111000
1111011110000100
1101100101111110
1111011111101110
1111011001110001
1110000101111101
1110110101010000
1101101111001010
1111010111100000
0000100100011000
0000001110111100
1110101000110010
0011111001011111
1101010101000111
0000010001110000
1111011100110010
1101101111000100
1110110110011010
1111010001100010
1111101000111001
1110011100000001
1100010011111101
0000011111010011
1101101010000000
1110011100011010
1101110100011010
1111001000011111
1101100101100000
1100111101000101
1100110000110010
1110001111000100
1110010001111010
1111010011100101
1101011101100111
1101101111001010
1110100011000000
1100111100010101
1111101000101100
1111110010111111
1100100000111010
1111010010100001
1101101001110001
1111011111011101
1110100111010010
1110000010000001
1110110010110110
1110111000101011
1101001000110110
1110010010000110
1011101101101010
1111110001001101
1111100010001011
1111101100011110
1111011100100011
1111101111011000
1111100011001100
1111011000000010
1110010011001001
1110010000010010
1111010010001011
1100010010101111
1100111100110010
1111001011000001
1101000001010000
1101010001101100
1110100100000000
1111011000001111
1110101110000110
1100111110111111
1110101001011001
1101001101000101
1111110110100111
1110010010010011
1111000100110000
1100110110100100
1110010010010010
1111011000101010
1110011000001110
1101011011010000
1110000111001111
1111000111001100
1111001000000101
1101101100101001
0000001011100010
1110110011100010
1110110111001110
1111001100011111
1111010111111010
1111000101001110
1110001000011011
1110000111101010
1111000000011000
1110000101110011
1111000110101001
1110101110101101
1110111010101011
1110001010101011
1110010001000100
1101110001111001
1101000100000010
1111011100010110
1111011100010011
1110000100110101
1110010000001011
1100110101000100
1110010100110100
1101111101100101
1101110010001001
1111000110010011
1101001001100010
1111001101110101
1111100000101101
1110011101011110
1111000111001110
1111101001111000
1110011011101000
1110111011110000
1110110100001000
1110110111011010
1110010100100001
1110101000100010
1111000100001000
1111000111111000
1111000001110101
1101100110101001
1110100101100101
1111010011110111
1110101011100011
1110110010011011
0000001110111111
1110110101101111
1110100101011101
1110110010010100
1101010100100101
1110110011001011
1111000011111110
1100110010100110
1101111001100101
1111010000011000
1101010001111100
1110100110010011
1110010000111010
1110001010011001
1110111011100001
1110011011101010
1110100000011100
0000001110000011
1101110001111110
1101011101100100
1110000010111000
1101001101100001
1111101000001101
1111010001111100
1101101100110110
1110110100111101
1111111000101101
1101100001110010
1111001000011001
1111000100111001
1110000110100111
1110100110001010
1111100010100111
1110000000101101
1101110110001001
1110010100011001
1110000001001110
1111101010100101
1110011100111000
1110100001100110
1110000011001011
1110111000001101
1101111000100101
1111001000001000
1111100000011100
1101111101011000
1101010111110110
1110110111101011
1110100011111010
1110100010001000
1101100000111101
1110100010010010
1110111110110000
1101100001000010
1111000000010111
1110101101000101
1110011101100100
1110101011011110
1110011111001111
1110100011111011
1101101000001101
1110100001101101
1110000001000101
1101111100001001
1110000000010010
1110010000010010
1110000100100111
1111011100000111
1111100101011010
1111001011101101
1111100011111110
1111101011100100
1110110101011110
1101100110010010
1111010010000110
1111011110111110
1110111000010000
1111000001011000
1110011001110101
1110110001110000
1111110100110000
1111101110011010
1111000010010111
