1111111011111001
1111111011111001
1111111011111001
1111111011111001
1111111011111001
1111111011111001
1111111011111001
1111111011111001
1111111011111001
1111111011111001
1111111011111001
1111111011111001
1111111011111001
1111111011111001
1111111011111001
1111111011111001
1111111011111001
1111111011111001
1111111011111001
1111111011111001
1111111011111001
1111111011111001
1111111011111001
1111111011111001
0000001001110111
0000001001110111
0000001001110111
0000001001110111
0000001001110111
0000001001110111
0000001001110111
0000001001110111
0000001001110111
0000001001110111
0000001001110111
0000001001110111
0000001001110111
0000001001110111
0000001001110111
0000001001110111
0000001001110111
0000001001110111
0000001001110111
0000001001110111
0000001001110111
0000001001110111
0000001001110111
0000001001110111
0000000000101100
0000000000101100
0000000000101100
0000000000101100
0000000000101100
0000000000101100
0000000000101100
0000000000101100
0000000000101100
0000000000101100
0000000000101100
0000000000101100
0000000000101100
0000000000101100
0000000000101100
0000000000101100
0000000000101100
0000000000101100
0000000000101100
0000000000101100
0000000000101100
0000000000101100
0000000000101100
0000000000101100
1111110110001111
1111110110001111
1111110110001111
1111110110001111
1111110110001111
1111110110001111
1111110110001111
1111110110001111
1111110110001111
1111110110001111
1111110110001111
1111110110001111
1111110110001111
1111110110001111
1111110110001111
1111110110001111
1111110110001111
1111110110001111
1111110110001111
1111110110001111
1111110110001111
1111110110001111
1111110110001111
1111110110001111
0000001111001000
0000001111001000
0000001111001000
0000001111001000
0000001111001000
0000001111001000
0000001111001000
0000001111001000
0000001111001000
0000001111001000
0000001111001000
0000001111001000
0000001111001000
0000001111001000
0000001111001000
0000001111001000
0000001111001000
0000001111001000
0000001111001000
0000001111001000
0000001111001000
0000001111001000
0000001111001000
0000001111001000
0000000100001000
0000000100001000
0000000100001000
0000000100001000
0000000100001000
0000000100001000
0000000100001000
0000000100001000
0000000100001000
0000000100001000
0000000100001000
0000000100001000
0000000100001000
0000000100001000
0000000100001000
0000000100001000
0000000100001000
0000000100001000
0000000100001000
0000000100001000
0000000100001000
0000000100001000
0000000100001000
0000000100001000
1111101011000110
1111101011000110
1111101011000110
1111101011000110
1111101011000110
1111101011000110
1111101011000110
1111101011000110
1111101011000110
1111101011000110
1111101011000110
1111101011000110
1111101011000110
1111101011000110
1111101011000110
1111101011000110
1111101011000110
1111101011000110
1111101011000110
1111101011000110
1111101011000110
1111101011000110
1111101011000110
1111101011000110
0000000101000101
0000000101000101
0000000101000101
0000000101000101
0000000101000101
0000000101000101
0000000101000101
0000000101000101
0000000101000101
0000000101000101
0000000101000101
0000000101000101
0000000101000101
0000000101000101
0000000101000101
0000000101000101
0000000101000101
0000000101000101
0000000101000101
0000000101000101
0000000101000101
0000000101000101
0000000101000101
0000000101000101
1111111100101111
1111111100101111
1111111100101111
1111111100101111
1111111100101111
1111111100101111
1111111100101111
1111111100101111
1111111100101111
1111111100101111
1111111100101111
1111111100101111
1111111100101111
1111111100101111
1111111100101111
1111111100101111
1111111100101111
1111111100101111
1111111100101111
1111111100101111
1111111100101111
1111111100101111
1111111100101111
1111111100101111
1111111001101000
1111111001101000
1111111001101000
1111111001101000
1111111001101000
1111111001101000
1111111001101000
1111111001101000
1111111001101000
1111111001101000
1111111001101000
1111111001101000
1111111001101000
1111111001101000
1111111001101000
1111111001101000
1111111001101000
1111111001101000
1111111001101000
1111111001101000
1111111001101000
1111111001101000
1111111001101000
1111111001101000
1111110111011011
1111110111011011
1111110111011011
1111110111011011
1111110111011011
1111110111011011
1111110111011011
1111110111011011
1111110111011011
1111110111011011
1111110111011011
1111110111011011
1111110111011011
1111110111011011
1111110111011011
1111110111011011
1111110111011011
1111110111011011
1111110111011011
1111110111011011
1111110111011011
1111110111011011
1111110111011011
1111110111011011
1111110000010110
1111110000010110
1111110000010110
1111110000010110
1111110000010110
1111110000010110
1111110000010110
1111110000010110
1111110000010110
1111110000010110
1111110000010110
1111110000010110
1111110000010110
1111110000010110
1111110000010110
1111110000010110
1111110000010110
1111110000010110
1111110000010110
1111110000010110
1111110000010110
1111110000010110
1111110000010110
1111110000010110
0000001000100000
0000001000100000
0000001000100000
0000001000100000
0000001000100000
0000001000100000
0000001000100000
0000001000100000
0000001000100000
0000001000100000
0000001000100000
0000001000100000
0000001000100000
0000001000100000
0000001000100000
0000001000100000
0000001000100000
0000001000100000
0000001000100000
0000001000100000
0000001000100000
0000001000100000
0000001000100000
0000001000100000
1111110111011011
1111110111011011
1111110111011011
1111110111011011
1111110111011011
1111110111011011
1111110111011011
1111110111011011
1111110111011011
1111110111011011
1111110111011011
1111110111011011
1111110111011011
1111110111011011
1111110111011011
1111110111011011
1111110111011011
1111110111011011
1111110111011011
1111110111011011
1111110111011011
1111110111011011
1111110111011011
1111110111011011
1111110000100101
1111110000100101
1111110000100101
1111110000100101
1111110000100101
1111110000100101
1111110000100101
1111110000100101
1111110000100101
1111110000100101
1111110000100101
1111110000100101
1111110000100101
1111110000100101
1111110000100101
1111110000100101
1111110000100101
1111110000100101
1111110000100101
1111110000100101
1111110000100101
1111110000100101
1111110000100101
1111110000100101
0000000101100100
0000000101100100
0000000101100100
0000000101100100
0000000101100100
0000000101100100
0000000101100100
0000000101100100
0000000101100100
0000000101100100
0000000101100100
0000000101100100
0000000101100100
0000000101100100
0000000101100100
0000000101100100
0000000101100100
0000000101100100
0000000101100100
0000000101100100
0000000101100100
0000000101100100
0000000101100100
0000000101100100
1111110000100001
1111110000100001
1111110000100001
1111110000100001
1111110000100001
1111110000100001
1111110000100001
1111110000100001
1111110000100001
1111110000100001
1111110000100001
1111110000100001
1111110000100001
1111110000100001
1111110000100001
1111110000100001
1111110000100001
1111110000100001
1111110000100001
1111110000100001
1111110000100001
1111110000100001
1111110000100001
1111110000100001
1111110101001110
1111110101001110
1111110101001110
1111110101001110
1111110101001110
1111110101001110
1111110101001110
1111110101001110
1111110101001110
1111110101001110
1111110101001110
1111110101001110
1111110101001110
1111110101001110
1111110101001110
1111110101001110
1111110101001110
1111110101001110
1111110101001110
1111110101001110
1111110101001110
1111110101001110
1111110101001110
1111110101001110
0000000001000000
0000000001000000
0000000001000000
0000000001000000
0000000001000000
0000000001000000
0000000001000000
0000000001000000
0000000001000000
0000000001000000
0000000001000000
0000000001000000
0000000001000000
0000000001000000
0000000001000000
0000000001000000
0000000001000000
0000000001000000
0000000001000000
0000000001000000
0000000001000000
0000000001000000
0000000001000000
0000000001000000
1111111110111011
1111111110111011
1111111110111011
1111111110111011
1111111110111011
1111111110111011
1111111110111011
1111111110111011
1111111110111011
1111111110111011
1111111110111011
1111111110111011
1111111110111011
1111111110111011
1111111110111011
1111111110111011
1111111110111011
1111111110111011
1111111110111011
1111111110111011
1111111110111011
1111111110111011
1111111110111011
1111111110111011
1111110110000100
1111110110000100
1111110110000100
1111110110000100
1111110110000100
1111110110000100
1111110110000100
1111110110000100
1111110110000100
1111110110000100
1111110110000100
1111110110000100
1111110110000100
1111110110000100
1111110110000100
1111110110000100
1111110110000100
1111110110000100
1111110110000100
1111110110000100
1111110110000100
1111110110000100
1111110110000100
1111110110000100
0000000111111011
0000000111111011
0000000111111011
0000000111111011
0000000111111011
0000000111111011
0000000111111011
0000000111111011
0000000111111011
0000000111111011
0000000111111011
0000000111111011
0000000111111011
0000000111111011
0000000111111011
0000000111111011
0000000111111011
0000000111111011
0000000111111011
0000000111111011
0000000111111011
0000000111111011
0000000111111011
0000000111111011
1111111001111101
1111111001111101
1111111001111101
1111111001111101
1111111001111101
1111111001111101
1111111001111101
1111111001111101
1111111001111101
1111111001111101
1111111001111101
1111111001111101
1111111001111101
1111111001111101
1111111001111101
1111111001111101
1111111001111101
1111111001111101
1111111001111101
1111111001111101
1111111001111101
1111111001111101
1111111001111101
1111111001111101
0000010000001110
0000010000001110
0000010000001110
0000010000001110
0000010000001110
0000010000001110
0000010000001110
0000010000001110
0000010000001110
0000010000001110
0000010000001110
0000010000001110
0000010000001110
0000010000001110
0000010000001110
0000010000001110
0000010000001110
0000010000001110
0000010000001110
0000010000001110
0000010000001110
0000010000001110
0000010000001110
0000010000001110
