1111100111001110
1111110010100101
1111100100101111
1111100010111110
0000010111010110
0000011101100010
0000000100100000
0000000010010110
0000010000010110
1111100010100111
0000001110101011
0000010011101111
0000001000100011
1111111000010100
1111100101001000
0000011100110110
1111101011111100
1111111000100110
1111101101111000
1111111011101001
0000001000110111
0000001010100101
1111110101101011
1111110000110101
0000100001110110
0000100001000010
0000010100000110
0000100100110010
1111100101110111
1111111101011001
0000011110011011
1111011101100100
1111100111111110
0000000010001001
0000000001101010
0000010101111100
0000010101101011
1111111110100101
0000000011110110
1111110100111111
0000000101010011
1111110111011110
1111100010101111
0000100001000110
1111100101011100
0000000101111011
0000011110010010
0000001010000100
1111100110010101
0000000100100111
0000011100101000
0000000101101001
1111101111001010
1111111000110101
1111101111011101
0000110001001000
0000000101100010
0000001111001100
0000101101001001
1111011101111110
0000100100100100
0000001110010001
0000101000001010
1111111010110111
0000100111101000
1111010011010111
1111110011100001
1111101011000011
0000011111110110
0000100100010100
0000000000111000
1111111001101011
0000001000001011
1111100111110010
0000000010010101
0000011001001011
0000001100010100
0000001111010000
1111111100111100
0000010000100100
0000100001010101
0000010110100001
0000100001111001
1111101010010011
1111110111111010
1111100000110101
0000011010110000
1111100011111100
0000000101010011
0000000110000000
0000101001110010
0000010110010101
0000010100111111
0000010000010110
1111101011101111
0000000111111010
1111001101001101
0000001111001110
1111110011101001
0000001100111011
0000000111010101
1111011001111001
1111011011110100
0000001100100000
0000000101110011
1111011101010000
0000001001101001
1111111010000101
0000000010000000
0000011001110100
0000011101100000
1111100011100101
1111111000001111
1111110101111011
1111110100110011
1111011111011100
0000001111111000
0000010100001000
0000011111100101
1111110001111010
0000011010000111
1111101011110110
1111111110100000
0000001110000011
1111110100101100
0000011010010001
0000010111101010
1111100001110011
0000011011010011
1111101111011110
1111011110100110
0000011110001100
1111000111000000
0000101000010111
1111111000101110
1111101000110000
0000000101011110
0000000100011010
0000101010101001
0000011000011101
1111110000100111
1111101010101001
1111100110000000
0000000000001110
0000000010001110
1111111010100101
1111101010111110
1111110100111100
0000010101010101
1111011010011111
0000001011011011
1111010000010111
1111101010100011
0000000100100011
1111100110010111
0000010010110001
1111101101000001
0000000001110000
1111100101110000
0000011010001010
1111110000111000
0000001011111001
1111110010101010
1111111011101110
1111011011101000
1111011110000001
0000001001001101
1111110111010111
0000001111011111
1111110100001110
0000011000010010
1111001011010100
0000010100010000
1111111111001000
0000100100001000
1111111011010010
1111101000010101
0000101101110101
1111111101000000
1111111010111100
1111111110001001
0000001001101010
1111101100010110
0000011100111000
0000000110010111
0000101100011111
1111110100001111
0000011000111011
1111111101100000
1111101010001101
1111101001110000
0000101111011110
0000001010000010
1111110111001111
0000111011111100
1111001000111001
0000011000010111
0000001010001010
0000101101111100
0000101001110011
1111001101000010
0000101010011011
0000000101111011
1111000101010011
0000010010011110
0000011010100001
1111101010111110
0000101110110111
0000011110001100
0000101100001001
1111001101100100
0000100010010000
0000011111011010
1111111001100110
1111100010110011
0000010100110000
0000001010110100
0000000001000010
0000101110010110
1111011010001010
0000101010000111
1111110110100101
0000101010001001
0000101111110110
1111100010111111
1111101010001010
1111100010010001
1111100101100100
0000001111100011
0000011111111000
1111010111010110
0000100111010100
0000100110000111
0000011001001000
1111001111100100
0000100001110001
0000101111011000
1111101100001010
1111011110010000
0000010100011000
0000000000000000
0000000000000000
0000000000000000
0000000000000000
0000000000000000
0000000000000000
0000000000000000
0000000000000000
0000000000000000
0000000000000000
0000000000000000
0000000000000000
0000000000000000
0000000000000000
0000000000000000
0000000000000000
0000000000000000
0000000000000000
0000000000000000
0000000000000000
0000000000000000
0000000000000000
0000000000000000
0000000000000000
0000000000000000
0000000000000000
0000000000000000
0000000000000000
0000000000000000
0000000000000000
0000000000000000
0000000000000000
0000000000000000
0000000000000000
0000000000000000
0000000000000000
0000000000000000
0000000000000000
0000000000000000
0000000000000000
0000000000000000
0000000000000000
0000000000000000
0000000000000000
0000000000000000
0000000000000000
0000000000000000
0000000000000000
0000000000000000
0000000000000000
0000000000000000
0000000000000000
0000000000000000
0000000000000000
0000000000000000
0000000000000000
0000000000000000
0000000000000000
0000000000000000
0000000000000000
0000000000000000
0000000000000000
0000000000000000
0000000000000000
0000000000000000
0000000000000000
0000000000000000
0000000000000000
0000000000000000
0000000000000000
0000000000000000
0000000000000000
0000000000000000
0000000000000000
0000000000000000
0000000000000000
0000000000000000
0000000000000000
0000000000000000
0000000000000000
0000000000000000
0000000000000000
0000000000000000
0000000000000000
0000000000000000
0000000000000000
0000000000000000
0000000000000000
0000000000000000
0000000000000000
0000000000000000
0000000000000000
0000000000000000
0000000000000000
0000000000000000
0000000000000000
0000000000000000
0000000000000000
0000000000000000
0000000000000000
0000000000000000
0000000000000000
0000000000000000
0000000000000000
0000000000000000
0000000000000000
0000000000000000
0000000000000000
0000000000000000
0000000000000000
0000000000000000
0000000000000000
0000000000000000
0000000000000000
0000000000000000
0000000000000000
0000000000000000
0000000000000000
0000000000000000
0000000000000000
0000000000000000
0000000000000000
0000000000000000
0000000000000000
0000000000000000
0000000000000000
0000000000000000
0000000000000000
0000000000000000
0000000000000000
0000000000000000
0000000000000000
0000000000000000
0000000000000000
0000000000000000
0000000000000000
0000000000000000
0000000000000000
0000000000000000
0000000000000000
0000000000000000
0000000000000000
0000000000000000
0000000000000000
0000000000000000
0000000000000000
0000000000000000
0000000000000000
0000000000000000
0000000000000000
0000000000000000
0000000000000000
0000000000000000
0000000000000000
0000000000000000
0000000000000000
0000000000000000
0000000000000000
0000000000000000
0000000000000000
0000000000000000
0000000000000000
0000000000000000
0000000000000000
0000000000000000
0000000000000000
0000000000000000
0000000000000000
0000000000000000
0000000000000000
0000000000000000
0000000000000000
0000000000000000
0000000000000000
0000000000000000
0000000000000000
0000000000000000
0000000000000000
0000000000000000
0000000000000000
0000000000000000
0000000000000000
0000000000000000
0000000000000000
0000000000000000
0000000000000000
0000000000000000
0000000000000000
0000000000000000
0000000000000000
0000000000000000
0000000000000000
0000000000000000
0000000000000000
0000000000000000
0000000000000000
0000000000000000
0000000000000000
0000000000000000
0000000000000000
0000000000000000
0000000000000000
0000000000000000
0000000000000000
0000000000000000
0000000000000000
0000000000000000
0000000000000000
0000000000000000
0000000000000000
0000000000000000
0000000000000000
0000000000000000
0000000000000000
0000000000000000
0000000000000000
0000000000000000
0000000000000000
0000000000000000
0000000000000000
0000000000000000
0000000000000000
0000000000000000
0000000000000000
0000000000000000
0000000000000000
0000000000000000
0000000000000000
0000000000000000
0000000000000000
0000000000000000
0000000000000000
0000000000000000
0000000000000000
0000000000000000
0000000000000000
0000000000000000
0000000000000000
0000000000000000
0000000000000000
0000000000000000
0000000000000000
0000000000000000
0000000000000000
0000000000000000
0000000000000000
0000000000000000
0000000000000000
0000000000000000
0000000000000000
0000000000000000
0000000000000000
0000000000000000
0000000000000000
0000000000000000
0000000000000000
0000000000000000
0000000000000000
0000000000000000
0000000000000000
0000000000000000
0000000000000000
0000000000000000
0000000000000000
0000000000000000
0000000000000000
0000000000000000
0000000000000000
0000000000000000
0000000000000000
0000000000000000
0000000000000000
0000000000000000
0000000000000000
0000000000000000
0000000000000000
0000000000000000
0000000000000000
0000000000000000
0000000000000000
0000000000000000
0000000000000000
0000000000000000
0000000000000000
0000000000000000
0000000000000000
0000000000000000
0000000000000000
0000000000000000
0000000000000000
0000000000000000
0000000000000000
0000000000000000
0000000000000000
0000000000000000
0000000000000000
0000000000000000
0000000000000000
0000000000000000
0000000000000000
0000000000000000
0000000000000000
0000000000000000
0000000000000000
0000000000000000
0000000000000000
0000000000000000
0000000000000000
0000000000000000
0000000000000000
0000000000000000
0000000000000000
0000000000000000
0000000000000000
0000000000000000
0000000000000000
0000000000000000
0000000000000000
0000000000000000
0000000000000000
0000000000000000
0000000000000000
0000000000000000
0000000000000000
0000000000000000
0000000000000000
0000000000000000
0000000000000000
0000000000000000
0000000000000000
0000000000000000
0000000000000000
0000000000000000
0000000000000000
0000000000000000
0000000000000000
