000000000010101101010010000000000011000000001001000000000010001001001010000000000010100101111111000000000001010111100111111111111111100010100010111111111100001101010010111111111100100110100011
111111111110101100111100111111111110111000001010000000000010001010001000000000000010001010111110000000000010110011111110000000000000001010101011111111111110101001101111000000000010011001101111
000000000011101001001111000000000011011110000010000000000001000100010011000000000011011001010010000000000010100010010110111111111110100110101110000000000010100111000011111111111100001011000100
000000000001101100000011111111111110110001101111000000000011001101010101000000000000100011010000000000000011101110111011000000000000000101010011111111111100010101100110111111111111101100111101
000000000000101011011111000000000010100101100111000000000011110010001000000000000100001101000100000000000010111100111100111111111110011101100010000000000001001001111010111111111111001111000010
111111111110001001101101000000000010000001001010000000000011110111010100111111111110010110100110111111111100100010101000111111111111100111001101111111111110000111000011111111111011111000011010
000000000011001110100010000000000010000100111100000000000010100110011111000000000011011111101000000000000001110010010111111111111110111100110110000000000100001111010000000000000001101111111110
000000000001011111100111000000000001111001001110111111111100101010000110111111111110010000111101111111111101100011011000000000000010001111110000000000000000100100110111111111111110011011100000
111111111101010001010111111111111110011001010100111111111101001100011010000000000001000011111010111111111110010101101001111111111101111000010100000000000011001010001110000000000011101001001111
000000000010110000001100000000000000000001101111000000000001001110001010000000000001010110001101111111111100001101110001000000000011110110000011000000000001111000001111111111111110010001001110
000000000010000011001111111111111111010010111010000000000001110101100001000000000010101000000010111111111101101111101001111111111110111100000111000000000010000011001011000000000000010010010111
000000000001100011100010000000000011111111110000111111111101110000111110000000000010000010000011111111111110001100011100000000000010000101001100111111111111111100111110000000000001101110000010
000000000000101010001010000000000001000110011001111111111110100011101101111111111101100111001011111111111101111111010011111111111101011000000001111111111110100001110110000000000011110001011100
111111111100010100010011000000000010000110100011000000000010100010101101111111111111100011110001111111111111001001000001000000000011101101001110111111111100110011010010000000000010001101010110
000000000000010010011111000000000001010010100100000000000001011011110111000000000001100111100011111111111110010010111111000000000000001000111101000000000011100101101001111111111100100101110001
000000000001000000011011000000000000001101101100111111111101000010001100111111111100011010111100000000000100000101011000111111111111110111010011111111111100000000101000000000000010011110101111
000000000000001000010110111111111101111010101100000000000011011101001101111111111111011110011001111111111110110010111110111111111111011000110101111111111111110000010100111111111101100010110001
000000000010100101101101111111111111011010100110111111111110101100001000000000000010000000011101111111111110010011000111111111111100001101011101000000000000110110010101000000000011010111000011
111111111101010101111000111111111111001100000111111111111110110111000111000000000010001001111101000000000010101011001110111111111101010010111011000000000010111000011010111111111110010010000101
111111111100001001110010111111111101010111000000000000000000100011010011000000000001001001011000000000000000011111101100000000000001101111111011111111111110111111000110000000000000000011111000
000000000000001100000001111111111101110110101001111111111101101111010010111111111101111100110010111111111100001000001001111111111101111101110001000000000001010000001100111111111011111001011001
000000000000000001100010000000000000100111111101000000000011011011000001111111111101010001101110000000000011010010000000000000000000101000010011000000000001100100101110111111111101011011011011
000000000011000111100111000000000000000000111111000000000001000011001101111111111110100001000111111111111110001001010000111111111101111011010011111111111111000000110111000000000001010011000000
000000000010000110011000111111111100011000000010111111111100101111010100111111111101110010010011111111111011101110111100111111111101001010011101000000000010001011010011111111111100101000101011
000000000011101100010100000000000100000011100110000000000011111101100000000000000011101001111011111111111111000011000111000000000010001001010010000000000000010001100111000000000000001101101101
111111111111101111111001111111111101011001101011111111111110011001111110000000000000011010001100000000000100000100011011000000000000001011111000111111111110101001001011111111111101001111111010
000000000001000011110110000000000011010010011011000000000010011111010010000000000100001001001101111111111111101110010011111111111111100110011110000000000010111010100101000000000011000011011001
000000000011100101011111000000000001101100110010111111111101011101111100111111111110111001010101111111111111111000101010111111111111010000100001000000000000001111100000111111111101101110010111
111111111110000110011110111111111111010111010111000000000011100000000011000000000001110010101100000000000010111010010111111111111110011110110111000000000000001000010001000000000010011111001000
111111111101110010011110000000000000010110101111000000000001010010111110111111111101011011010110000000000011001101110101000000000011110000001100111111111111100111100001111111111100110000101000
111111111100011010111001111111111101001010111011000000000010101010110101111111111110011111010111000000000000010100101111000000000011000010111001111111111100001011111010000000000000011101000110
111111111110110010101001111111111011111100000011000000000011010100111111111111111101001111001010111111111110100001010110111111111110101010000101000000000011101111111010111111111101010011011111
111111111011111101011101000000000011100111110011000000000001101110010111111111111111001010100111111111111111011110010011000000000001001100010111111111111111100101000111000000000000100000001111
000000000011010101001010000000000010001111000100000000000001011001110001000000000011011001000110000000000001100001100101111111111100001010010010111111111110001100000001111111111110000011010001
000000000000100101101001000000000011001011010111111111111101100100110101111111111110001110001000000000000011011111101100111111111111010111001100111111111100110011110111111111111111110000110000
111111111111100100010100000000000000011010111001000000000001000000010111000000000010111000101110111111111101111000001011111111111101010100011111111111111011110011100101111111111111101000001110
000000000010000010011110111111111100010000101011111111111100100000000100111111111100001110101000000000000011100100111110111111111100101000010111111111111100111011001001111111111111000011100111
000000000000110100100111111111111100111101111111000000000000110110001000111111111100000100111111000000000011001010111010000000000010100111011101000000000001111110100010111111111100111001001110
111111111111010101110000000000000001111011110010111111111100101000001000000000000010001010110100111111111111011001101000111111111100010000001010000000000011110000100110111111111111111011001001
000000000000110001001101111111111111010111111111111111111111001100010100000000000011011101101100111111111111010100000000111111111100111001010110111111111111101000001100111111111100000001101110
111111111110100010111110000000000001111101011101000000000011010000001110111111111100011111000010000000000010100100010110111111111111010000111000111111111101011000101110111111111100010001111110
000000000001110110111111000000000011101100001100000000000001011100101011000000000010011101110001111111111101111110111110111111111111011011001111000000000001001100111010111111111111011000011001
000000000010111101010001111111111110110000010100111111111110001100100110111111111111000011001010111111111110011101111111111111111110010010010010111111111100001100011101111111111011111110001010
000000000000100011100111111111111100110111100100111111111100011100100110000000000001011110010101000000000000111000000110000000000100000001010000000000000011101000001101000000000010110000100101
111111111111010110001110111111111101000010101110111111111100001111010010000000000001011010011011000000000011000111100001000000000010011110000010000000000000100010100001000000000001110101010001
000000000001100010011100000000000010010110011110111111111101101000111001111111111111110000101110000000000010110111000000111111111111010000000000111111111110000010111101000000000011111110011000
111111111011110101010100111111111100010110101101111111111111010111011101000000000001000101000000111111111100001110000111000000000001000100101101111111111110110001100010111111111101100011111111
000000000000111101101011000000000000110111111010000000000001010011000100111111111110111100010110111111111011101110110001000000000010001111100010111111111100110000011011111111111110000001111111
000000000001010000110001111111111100100000010111111111111101001001000000111111111111100011101101000000000001000010001010111111111100011101111100000000000010011011001111000000000000110100100011
000000000001100010100011000000000000011000000010000000000010101101000110111111111100011110011010111111111110100010111111000000000011101100101000000000000011000010001110000000000010001100000111
000000000011110101001010000000000010110010001100111111111100011010001000000000000001000000000110000000000011101110010000111111111101010110000101111111111100111111011100000000000011111100011100
111111111101100000110011111111111100010010110001000000000011000100100110111111111100110010101001000000000000111110001100000000000100000110110101000000000011000000100000000000000010110101011111
000000000001101111110010111111111110111010011010000000000001010111111101000000000011100110010111000000000000000000100110111111111100011001101101000000000001110010010101000000000001100100010010
111111111101001010010000111111111011111000011000111111111101000001011111000000000000100000001010000000000011100110111010111111111110111110111010000000000000010011011010000000000001011000110101
111111111100110110011111000000000000011010110111111111111111110000000110111111111100110100100111000000000000010111010010000000000001001111111010000000000010000010100011000000000010110000111000
111111111100010101101010111111111110000011111000111111111100110000011100000000000010111111011110000000000001011010010110000000000001110001111111000000000001010011110001111111111111000011100000
111111111100000110000011111111111111111110100100000000000010011111000100111111111101111000110101111111111110001011100010000000000001101010001010111111111100000110100010111111111111000110001111
000000000100000110111000000000000011101011011100000000000000110110111110111111111110100101101110000000000010110010010101111111111111001011110110000000000001011100110110000000000000111010001110
000000000001010010110100000000000011000010000111000000000001110101111100000000000011000000100010111111111110010101110101000000000001101000010010111111111110010111001001111111111100010101000111
111111111100000011001100111111111110010100001110111111111111101101010111111111111110101000010011111111111100100111110101111111111011111111111111000000000000011000010001111111111101100101110101
111111111100110000111111111111111100011101101000111111111111100100000000111111111111011000010001111111111101000000000110000000000100000110011100111111111101010110010100000000000001111111010000
000000000000101010010101111111111111111111100000111111111111110100110001000000000001101100101111000000000000100000010000000000000011011010010001111111111100010011011001111111111111110001001011
000000000001001111100010000000000011001000011101000000000010101000110001111111111111011111110111111111111100101011101011000000000000101100110011000000000100001110000001000000000000011111100001
000000000000011101000011111111111110100010101000000000000011011001010000000000000010000100111111111111111101000101011010000000000010100100010111111111111100111110001011111111111110110101011000
000000000010000011111101111111111111110000111001111111111111100000110010000000000011010000001111111111111110011000001101000000000011001000101110111111111110111101111001111111111111001111001101
000000000001000111010011000000000000011001010101000000000010010111011100111111111101001100111000111111111101000111001101111111111100010010011110111111111110101100001010111111111110010000110010
111111111101111101110001111111111110001100001110000000000010011001110111000000000011100110100000000000000000100101110100111111111101101110110011111111111111111111001001111111111101010011010001
111111111101101110100101000000000010100000010100000000000011110101100010111111111101101001001000111111111101011101011101111111111101100010111001111111111100000111001111000000000001011100101010
111111111110101000110111000000000100000101100101000000000000100101100000000000000001101001100110111111111111001010000001000000000001001000010110000000000010001100010100111111111111001101001001
000000000000101001110110111111111110101010001100111111111101101000000110111111111100011001010101111111111100011100010110111111111101001110100110000000000000001100000111111111111100100100101011
111111111100110101101111111111111100010100101010000000000010000110000010111111111101100111000001111111111100001101110101111111111111111111010101111111111101100110100101000000000000100110011010
111111111110000100010110111111111111011010101000000000000011001011111010000000000011111010100100000000000010010001100000000000000011101000110111000000000000000001010111111111111111010011000100
111111111100110011100111000000000011111000001111000000000010110010001011111111111101011010001011000000000011000000100011111111111011110111001110111111111111000011110110000000000000101011100011
000000000010001001110100000000000011001101000000000000000010100111011100000000000001001100110111111111111111010011000011111111111100110000000000111111111100000011111011000000000001111101000010
111111111111000100101110000000000000011001001110000000000011101100000010111111111110011100011011000000000010101011000101000000000001101010001001000000000010101010110100000000000010100101010111
111111111111011000101000000000000000110011011001000000000000110011010000000000000001001100000000111111111101110110001101111111111100110000110011000000000011110011111111000000000011100100110000
000000000000101111111100111111111100101010101101000000000010011111011111000000000001101000001000000000000011001100010110000000000010100001000101111111111101101000101110111111111101000110110111
000000000000101110001001000000000100000100011010111111111110111000001000000000000000010100010110000000000010010101111100111111111100001100111111000000000001100111100100000000000000111010010001
000000000011000101101010000000000010111011010101111111111101111010101111111111111110000101001110000000000011001011101101111111111110001100100010000000000001000100001100111111111111111010101100
111111111110011000011100111111111101110110100000111111111101100001001000111111111101111111111110111111111110000111110001000000000010011000000101111111111101111101010011000000000001000000010001
000000000001000111110101000000000100000011111001000000000001001101001001111111111100011100011011000000000000001000000100111111111011110110011010111111111101000011101010111111111110110111010000
111111111110101000111000000000000011110101110101000000000010010110000000000000000011101000000011111111111011111100101001111111111101011101011001000000000001001110101000111111111101110111111100
000000000100000101000101000000000011001001100001000000000011001110100111000000000001010010111001111111111101110100100111111111111110111011011110111111111110011000000100111111111110111010100111
000000000011111101111100111111111110011010101001000000000011101110010000111111111111111101000101000000000000010111000101111111111110000011010001000000000001011111100001000000000000000101001110
111111111101110000111000111111111100000110010010000000000000010100101011000000000011110010001101000000000010000010101011000000000001101101011111000000000010001011000010111111111111000101011111
000000000011011100011111111111111111000000100010000000000000010100000000000000000000101010111111000000000010111110001100000000000011011100111111111111111110010111011011000000000000111111000101
000000000100001100111011000000000000000001100011111111111101110100101110111111111110001100000100111111111101110100000111000000000100000110101101111111111101110001011011000000000100001010101110
000000000001101011110111111111111110101100001001111111111110100011011111000000000010011011000011111111111011111100111100111111111100011100100000111111111100010110010001111111111011110111100101
000000000011010101000100111111111111110010111001000000000011010100100000111111111100000111111110111111111111001001111100000000000010000000001100111111111100111011001011111111111111010111011001
000000000011100000101101000000000010101011010010111111111111110011100101000000000011111000100100111111111110110001010001000000000001010110100111111111111011111110100101111111111011111100111001
000000000000001101001111111111111100000110000000000000000011001101001111111111111101001110010001000000000001001001001000111111111011111111100100111111111110000001000111111111111111110001101111
111111111101001010111100000000000001110111111010000000000001001000101000111111111111100001100001111111111100010010110101111111111101001101001000111111111110100111000001111111111101010110000101
111111111100100000110101000000000010111110010000000000000001001010000010000000000100000110000011000000000001000001101001111111111111000100101101111111111110011101010100000000000000010011110000
000000000010110101000110000000000000100111010011000000000010010011101010111111111101011011101111000000000001001101010100111111111110111010111001111111111100001010101101111111111110010110111100
111111111100000011001000111111111101111110000001111111111100011010101111000000000001000000000000111111111111110001000101111111111110010111100001111111111110010000101011000000000000011010111110
000000000001101000000100111111111100001010001101111111111110011101110011111111111100011010111010111111111011111110001111000000000010101110001010000000000100001001000001000000000001100001111001
000000000001010110000000000000000011011001011111000000000010011110011010111111111111010111100111111111111111010010011111111111111101001001011010000000000001010000111010000000000000101010111101
000000000010011000000010111111111110000001000111111111111110101100100101111111111111101011001110000000000001111111111110000000000011000010110100111111111100010010111010000000000010001011001000
000000000011011111001101000000000001000111011101111111111110111000001110111111111011111001111111111111111111011001100011111111111100101011000010000000000001110110111001111111111100111000010100
111111111111001010100101000000000011000001111100111111111111010000001101000000000001101001010000000000000100000100011010111111111111001001011001000000000011001010101111111111111111011001010010
000000000001011001000001000000000011010110110000000000000100000101010100111111111111100000011010000000000001111001111001000000000001011101100010111111111110011000111010111111111110101010001100
000000000100001001110010000000000011010101001011111111111110110100110101111111111110011010001110111111111110000010101000111111111110101110111100000000000001111011111010000000000010100111001001
111111111111011010001000000000000011010010100100000000000011100111001110111111111101101110010001111111111111001100101011111111111110110010101000000000000000100100010000000000000000100111000011
111111111111101001011001111111111111110001011111000000000000001001110111111111111101000111001011111111111101001111110110000000000000000111101101000000000000101001010011111111111110011010110110
111111111100110011100100000000000010010000010111111111111111101101111101000000000010110110111011111111111011110011111100111111111111100011010010000000000000100100000111111111111011111000010111
111111111100010010010111111111111110111100010110000000000000001100001011111111111100101110101000111111111011111010010101000000000010011010001111000000000011011001110100000000000010001101111111
111111111110110101010001111111111101001010000111000000000010110000100001000000000010101110010000000000000010010111000101000000000000010100001000000000000001011011101101111111111110001110000000
111111111100010010100110000000000011110010000010111111111110011001101110111111111101101111110100000000000001010001000100111111111111101110111111111111111110110110111101111111111100010111111100
