111111100101010100000001101001110000000111011101111111111010101000000000001100101111111010101011
111111111010001100000010001101101111111011000101000000011110101000000000010100010000000010001000
111111100011011000000000001000110000000010011000111111111000110000000000101000111111111011011100
000000000101101011111101110101011111111000010001111111011001111100000001010111000000000010001010
111111111110110111111111111110000000000101000110111111111101000011111110010010010000000101011000
111111111010011111111111011111000000001001000101111111101011111000000000011100100000000010010001
111111100011111111111110010010011111110011111101000000000010011111111111100100110000001011110010
000000001110101111111110110001110000000111100101000000011011100111111111100100110000000100001011
111111111101101100000001011001100000000101010000111111111110100011111110111001001111111110110101
111111100111101011111110010011000000000000000000111111111111110111111101111101011111110011111100
111111011001100011111110000001010000001001101010111111011110110000000001111010111111111111001110
111111100101100111111101001001110000000001101110000000000100111100000010001001111111111100001000
111111010000100100000001000101000000000100100100111111101011101011111110101010100000000011110101
000000101110001111111111110000110000000011010010111111101100011000000000101000110000001011000000
000000000110010100000000110001011111110101110110000000001001000011111110101000010000001001010011
000000010100100100000001001011000000000111110100000000011101000111111101111100010000000000001000
111111111000000111111111010010110000000001100000000000000001101100000100000111111111111011000110
111111010000001000000010000001001111110111011011000000011101101011111111111011011111110100011010
111111101111110111111110111110110000001011101000111111110011011000000010100101111111110010010101
111111110101100011111111010010001111110101011000111111001111001100000001000010000000000000101111
111111111100010011111111101011110000000101101001000000001010010111111111110111000000000111011001
000000100000100011111111010010100000000011010011111111101100110111111111111111000000000001001101
111111110111001000000000101110111111111011110100111111111001111111111110010011100000000110110011
000000010000111011111110101010000000000111110001000000010111011011111111100010111111111101011001
111111101001011000000001000100010000001000000001111111110110100100000001110010011111111001010100
111111100010101100000001000001001111111001111101000000011100101011111111011100001111110110101000
111111111011100111111101111111000000001000111110000000000001011100000001011100101111111001001001
000000001101101111111101001000011111110101111000111111100101101000000010011100001111111011001101
111111110011011100000010001100000000000011001001111111111000011111111110111000011111111010111101
111111101100011011111111100011001111111011110100111111110011101111111101000000111111110110110100
111110101111011111111110100010000000001010100011111111100110101100000000001100101111111001111000
111111110110111111111110011000000000000000001101111111110110110000000000101000011111111111011000
111111011101010111111110011010110000000111010100000000001101101000000001000000000000000011001111
000000010011100100000001000101010000000100010011111111101000100000000010101010110000000100001110
000000001101111000000001100011101111111110110111000000001111110100000000001001010000000001010111
000000101010101011111111001010011111111101101110000000001000000011111110111111110000000000000000
000000001010001100000010010011001111111001001001111111110010111100000000000111000000001000000010
000000001011001011111111010011110000000011001010111111110101101100000000101001000000000001100011
000000100000000100000010100100101111111110100010000000000001000100000001001010100000000000101110
111111011001010000000000010010101111111110000010000000100110100011111110111011110000000000000010
111111101100110000000010000000110000000000111010111111011101011011111110010010111111111110110000
000000001111110011111111111100100000000100001100111111110011111011111110010111111111111110111100
000000000100011100000001010010111111111110101010000000001111000011111110010100110000000100001100
111111100100011000000010011011000000000100100110000000100001111011111101101000111111111101001001
111111110000101011111101100100110000001010010111000000010000100000000001000110101111111100010000
000000001001011000000000100100000000000010010101000000010011101000000010110101000000001010100010
000000101011100011111110101101011111111010000011000000100100000011111111000000101111111111101000
000000110101011000000010000000010000000011100001111111100001011100000000000101100000000000101000
111111101110011111111111110111000000001001100001111111101011101100000000001000001111111011110110
111111110110111100000000111100110000000000111111111111111100000100000000010101101111110110010111
111111100001110011111110100100100000000101100011111111111110111100000000000010111111111111100010
000000000010011000000000110111101111111111010010111111100100111100000001011011001111111000110000
111111100001110100000000001011100000001000010000111111111111011100000010011001001111111000010001
111111110110101000000001010001101111111011010001000000010011111000000000101001011111111010011100
111111101100110111111101110111110000000001100010000000000010101100000000111010111111110111110011
000000011110111011111111110011011111111001010011111111011000000100000001001010100000000000000000
111111101100111000000010101000111111111101001100111111110110010111111100000101100000000101001011
000000101100010011111101110110000000001011100001111111010100111011111110000011010000000111111110
000000000011011100000010010101001111111011110010000000010001011111111110101001100000001010111100
111111111010110100000001100100100000001000111101000000110000101111111101010111110000000011111100
000000010101000111111111110010101111111111110000111111111010001000000010000110001111111010101111
111111010100111000000000010011001111110111100111000000001010101011111111110100001111110110100010
111111110110000011111110010000110000001101011001111111110101001000000001111111001111110010000111
111111100010100000000000011100011111110111001010111111001001100000000010010001001111111100111101
111111100000011100000000011010110000010010010100111111101010100000000001100010011111110111011111
111111011101110100000010001111111111111011011001000000011101100011111111111110111111111001000010
111111011110101111111101010110110000001000101110111111101010000100000001001110101111111000011000
000000001001101111111110011011011111111100000011111111011110110100000011111100011111111011101000
000000001111011000000001000001001111111010010001111111110000100100000000100101110000000000101110
111111101101101111111110110100011111110111101111000000101000011011111111001010001111111010010000
000000001111110011111101101010011111111010001111111111110110100100000001000111111111111110000111
111111110100010011111110111100101111111011110010000000010011010100000000011111101111111101000011
111111101010101100000000100110111111111111000011000000010000100111111111100011110000001010101010
000000110111101111111111100010110000000100100100111111100011011111111111111101110000001011101001
000000010011111000000011111010011111110101111111000000000001001000000000000001100000000101001001
000000100101111000000000010100000000000010000011000000011001011000000000100101101111111110111001
111111101111011011111110001110100000001110100110111111111010011100000010011010011111110111001010
111111010110000100000010011001011111110101101011000000100000101000000001100101011111111000111001
111111101011111011111101010110100000001010000001111111110100000000000000101011011111110101001011
000000000101100011111110011001011111111000011001111111001000101000000011011001011111111011010000
000000101100101000000010000100101111111011110000000000001000001000000000000100000000000011100000
111111011010010011111101101100101111111001110110111111111011101011111110110100001111110011001101
111111100010011111111110110001100000000101010001111111011010111100000001010010011111111001110110
111111010100100011111101101111000000000001001010000000001011001000000001100010011111111100010111
111111111001110100000001010101100000000000001001111111111111010011111100110111110000000111110111
000000100000101111111110100101100000000101101011111111100011011111111111110101100000001001101011
111111111111011100000001010011111111110110000000111111101011110011111110011010100000001011100010
000000010001001111111110101111000000001001000011000000100000100011111110110101101111111011111100
000000001000101100000000001000111111111000111100000000000001110111111101110011000000000111010011
000000011110001011111110011000000000001010010001111111100110110000000000000100010000001010110101
000000000010111100000000100110111111110110100000000000010011110011111101110000100000001000111011
111111111011000100000001001011000000001000111001000000100010101011111100011001010000000010101001
000000010011110100000001001110001111111001110101111111111011101000000000101001111111111110011111
111111110110101011111110011010110000000001110000111111110100011011111101000011011111110101100110
111111110000111000000000000011000000001011101001111111110011011100000001010001101111111111000110
111111001100001100000000001001011111111001001001000000000111011100000000001101101111111111101110
