000000010100010000000000101110000000000001001110000000101011001011111110010100000000001100001101
111111100000100000000010011111010000000101000011111111111111010011111111110010100000000110110101
111111100000101000000000111010110000001010100001111111010100010100000010110000110000000101000110
000000010101011111111111000000000000000011000110111111101011001011111110110110110000000011000001
111111110011110000000001011001100000000000100101111111110100110100000001101110101111110101001010
000000001011010100000010001010000000001100011011000000010000011111111111100101101111111110110110
000000101110101000000001001000100000000101111110000000101011000111111111100010011111111011000110
000000010100001100000000100101000000000001100000111111101000111011111100011111010000001010001000
111111101110000100000001101101010000001000101000111111110011011011111111100100011111111010000010
111111011111101000000000110010110000000100111111111111110110011100000000001110100000000010111101
111111101101001000000010011001010000001010110110000000110110100011111111111000111111110100111001
000001001101110111111101010001110000001110001001111111001010111111111110010110000000000001010100
111111110111001000000000010011001111110111000000000000010010111100000001100101000000000110111100
000000001100110100000001011011010000000000111000000000001110110100000000001110000000001001101000
000000010100011100000100101010100000000100011110111111110001011000000001001101101111111100011111
111111001011111000000010011100011111110101001011000000001001011011111101011101000000000011001110
000000001111111011111110110101110000000001011111000000010100100111111110011011110000001000111101
111111110111010011111110110110111111111100011110111111101001001011111111111101011111111000100010
111111000111110111111110111000000000000101011110111111110010011100000000111011000000000000000000
111111111000011011111110111000100000000001011011000000001101000000000010000110111111110111011000
111111100101000000000001000100111111111111111011000000001101011000000000001101011111111100010110
000000000000010100000001100110101111111110101111111111100001110100000001010001100000000111101001
000000000000000100000010010011000000000010110000000000000000011000000001010000010000000011001001
000000100011010000000010101101000000000010100000111111101010000111111111110111101111111111001111
000000101011010011111110000011010000000100110010000000100011001011111101101001010000000101001000
111111011011001100000000110001110000001010010001111111111011010011111110101101000000000001000000
111111010011011111111110100010100000010001100001111111100111100000000010000111110000001010000100
000000101010000111111111110101100000000101110100111111100000101100000000100000100000000000101100
111111110010011000000000100101000000000011110000111111101010000111111110100010011111111101011011
111111110010101011111110101101111111111001110111111111101010011000000000010111000000000010010101
111111110110010000000100100101111111111101101000000000011011111111111110101001011111110010000000
000000110100010011111111111111010000001101001100111111111110111011111111001100111111111010011011
111111111010110111111110101100001111111110110100111111111000100111111111000111010000000111100001
000000000010101011111111001111001111110010111010111111110100001100000001000110100000000100101011
111111110111100100000011101011001111110110110001111110111011010011111111100011001111111010010100
111111100111000111111111111000011111111011101001000000100001100000000010011000001111110100010111
000000000111101100000001010011100000000010010101000000000110110011111110100111001111111000101101
111111110000101111111110100000111111111110101011111111111011010000000000001100000000000000100110
111111100010000111111111111101010000000010100110000000001110100000000000000000111111111000000000
000001000100101011111101000100000000001010101101111111011100101000000000010000010000000010010001
111111011000101100000001100100110000000011001111000000000111011011111110101000111111111011001110
000000010001110111111111010011101111111001110001000000000000001000000001011100001111111100111111
000000010010000100000001111000011111110100100000000000010110000011111110100110111111111101101101
000000010001101011111111001111100000000110000010111111110111001111111110101101100000000010100011
000000010110101111111101000101111111111011011110000000110111001011111111110100100000001011110101
000000000111000100000000000000110000001010100000111111110100010111111111001111111111111110001000
111111101110100111111110101000100000000010000111111111100010100100000000100110000000001100100001
111111101000010000000011000001011111111000001000000000000011100100000000001001110000000000111011
111111110111001111111110101111010000001011010010000000001111101011111111001011001111111110010011
111111111001110000000001101101000000000111100001111111111101110100000001000110010000000001010010
111111111110111100000000111000000000000110001110000000011111000011111111100100110000000001110101
000000100110111000000000010010000000001100100001111111011100010111111101111010110000000101000110
111111101010010111111111100110111111110110110100000000001011111011111111110100111111111110110001
111111011101110100000001011100111111111111110100000000010100011011111111110100100000000010111010
111111100011011111111101110110100000000010010110111111111100010100000001001100000000000010010011
111111100000011100000000011111011111111110010101111111111001111000000000010110000000000101101011
111111100010010100000000110100011111111100101100111111101110101100000000110100001111111110010111
111111111101001100000001001011011111111011101110000000010110010100000000100001000000000000111011
000000011111011000000011010111001111111010011110000000011111110000000000010010011111110101101001
000000011010000111111110100110100000000011000110000000000110100011111110001101000000001000100000
000000000001000011111111001100010000000010110000000000000011010111111111001111000000000010101001
111111101111001011111110111010100000000110001000000000001001010111111110011111001111110100010010
111111011000100011111101011111010000000000101111000000100001001111111111100001111111111110101111
000000001011001111111111110011110000001001000010111111101001010100000000001011010000000011111011
000000001101100100000000001111010000000100010011000000000001001011111110000000000000000110110101
111111100010010100000001110101010000000100010111111111100001111000000000100101010000001100111011
111111000111001100000001111111010000001101100001111111011100001100000001111010010000000011100011
000000011010011011111111111010100000000010111100111111110011011111111110100111001111111111110110
000000000111011000000000010011010000000001111100111111110011010000000000100011011111111010110010
000000000110111111111111111010001111111100001001000000010010011011111110101010111111111001101110
111111110000000111111100110010010000000000000000111111011110000111111101100100100000000111100000
111111111110001111111110101010110000000010001110111111111000101100000010011100001111111011100000
000000000110000000000000100011010000000000100100111111110010010111111110101010010000000110111001
000000000001010111111111001001111111110110001010111111101000011111111111100100110000000101111010
111111100111111000000001110100011111111111010101111111010100101111111111100100011111111100111001
111111011010100000000000100000110000000000111011000000010000010100000000110010011111111010011111
000000100001000011111101100101110000000001101110000000110011001111111110011001000000000110111000
111111111101000000000000101110110000001101000101111111100010110100000000100101000000000010110000
111111000001111111111111001111000000001101100100111111101010000100000000101001100000001101011001
000000100010110100000001011010111111111111111111111111011111001100000000011010101111111001000100
111111101011110100000001100001000000000100101000111111010001110011111110100100011111111010000010
000000001010110011111110000100101111110100010001111111011010111100000001000111010000000101100010
111111101011100000000001111010101111110111111001111111111001001011111110100000101111111010001100
000000001010001011111111110110110000001000000110000000010101100000000010010011011111110100011111
111111111011010000000001110111111111111100110011111111100011011100000001011101000000000000011101
111111111101000000000000000111101111111111100011111111110010101011111110110011100000000110000001
000000100010001000000010000000101111111011001011000000100100011011111111001101011111111101101101
111111111011101000000000000000110000000101111100000000010101000011111111101010101111111111110110
111111100010100100000010011000011111111000111111111111101011010000000010110010101111111011100010
000000010111111100000001000101100000000110001101000000011000110100000000100001101111111000111001
000000111111110011111111010010001111111010100111000000110110000011111111101111011111111100001000
111111010110000100000000111001101111111101110000000000001111010011111100110001000000001101001000
000000000000011000000001010101010000000101001111000000000111010111111101100111001111110100111110
111111011111001111111110110010010000000011010110111111111101000011111111101010111111111001001001
111111110110001111111110101110100000000101100001000000011111000111111110111001001111111001101001
000000110011111011111100011111100000001111011111111111101110000000000001011100100000000010000010
