111111100001011100000001101110111111110000101000111111101010110100000000010000110000000100010000
000000001001011100000000110101111111111001001010000000001111000111111101111101100000000010010100
111111011001101100000000100011100000000000111010000000000010001100000000110111101111111010011111
000000001011100000000000101110001111111001110100111111100001001011111110010001110000000011101101
111111101011110000000000000011010000000001001001111111111011101100000000001001000000000101111010
000000010001001000000000001101111111111111111100000000001101110100000010111100110000001001110111
000000101111111000000000110110001111110011111010000000011000100000000000101001010000000111001110
000001000110011011111100101010010000000110011111111111110101000011111111001000011111111101110000
111111110100100100000000111101001111111011010100111111101011000100000000011010000000000010001110
000000001101000111111110111111100000000000111100000000001101000011111101100010111111111001111000
111110100111000111111110000110010000000001101111000000001111100111111110111010011111111010010000
000000110111100011111110100000000000000100111010111111001010100100000000010101001111111110110101
111111100110100100000000100000011111111111011010111111110011100000000000011000110000001000110010
000000001111111000000001100100010000000110111101000000001010001000000010111010100000001010111011
000000110000011100000010101100011111110111111101000000100001000000000001110000110000000001101111
000000000101010000000000111101100000000001100000111111111111110011111101010000010000000100010101
000000001100010100000000101010010000000001010000111111101111011111111111000101011111111010111111
111111100000011100000000010101001111111010110000111111111000111011111100110111101111110110110011
111111001000110111111111000000010000001001001110111111110000101000000000111010001111111101010001
111111100100000000000010000010111111111011101011111111111001010000000010010010011111111110110001
111111101111101111111110110000101111111110010110111111110111011100000001110110000000000001001101
111111111101001011111111101110100000000001111000000000001001011000000001010101100000000011000010
111111111101001011111110111001001111110110011101000000100110001011111110100011101111111101100111
000000110101001000000000101010010000001010110001111111111101011100000000000110100000000011100100
111111111100101000000010001101101111110100100010111111011000101000000010111001001111111100111111
000000000000010011111111111111001111110110100111000000001100110111111011010111101111111010000101
111110110000111111111110110110000000000110101010111111111111011100000000100101001111110111100001
111111111101111100000001000010001111110110111111111111011011101011111110100110110000000011100010
111111111110010111111111100011100000000111000000111111111100111011111110100000001111111111011010
000000000111001011111101100110010000001000101111111111101010000011111111011000011111110111101110
111111000100001011111111001010111111111111111101000000010000010111111110000011000000000010100000
000000111000110111111110011001110000001000010111111111101011011000000010001000011111111001110101
000000000110001100000000001000000000000100001111000000011000010111111111001011110000000001000000
000000000010001100000000010010100000001101011010111111110111000000000001100110111111111101100110
000000011110100000000011011010100000000000011001000000011011010011111110001110101111111111011100
111111010001111000000011110011000000000000010111000000100000000111111101110001100000000101111010
000000010100010100000000100011011111111000111101000000001011011000000001000011000000000110001110
111111110101111011111101111110111111111110001010000000001011100111111110110001011111111011101101
111111010111001111111110110010111111111101110111111111100010011000000000001100111111111100111100
111111111100001011111110101001101111111101100010111111101101011100000001011110111111111101111010
111111111100000011111101110110110000000111111110000000000110110011111101110001010000000001001100
000000000010110111111110110001111111111110110111111111100010100100000000010011001111111010110001
111111101000110111111111011000010000000001100001111111111000100011111110111101000000000111101100
000000001011110000000001100000110000000001111011000000000100101100000001000101001111111001111001
111111100010111111111110100101000000000000010100000000001000110111111111100011010000000000101110
000000011010101000000010111111101111111000001010111111110001010000000000000000100000001011011001
000000110110000100000001001010100000000010100110111111101010001000000000000111101111111111111101
111111100100001000000010011000011111110110011111111111111100001111111110010100000000000011011110
111111010110011111111111101000100000000011100001111111110011011100000000110000101111111100101010
000000011011000100000001001100111111111010110000111111111010000011111110011001000000000011111110
111111010101010111111110000111111111111011100000111111111100000111111110110010000000000010000110
000000110111111100000001001111100000001000001101111111101100101111111110011011111111111010001001
111111101011011000000000101111101111111111011001111111110101001100000001011001111111111001111001
000000010000111000000001101010101111110111101100000000000001111011111110101110111111111111000000
111111011100110111111101110011000000001100101111111111110110011000000001101101110000000000111001
000000000101010000000001000101101111111101100000111111011000001011111110011100011111111101111011
111111101111011011111111110001000000000001010010000000000010100000000001101101010000001101011100
000000010010011111111111001101110000001110110010111111100010101000000010100111010000001001110010
000000001001011100000010001110001111110111010101000000010011110100000001010011000000000010111011
000000101001111111111110110111010000000111101111111111111010100111111111101010011111111101010110
000000001010111111111110111011101111111101101001111111110110101011111111110000001111110111101111
111111100110101000000000011011011111111000000000111111101011110111111101000101101111110101011010
111111000101011011111101101011000000001000000100111111100101011111111111011000010000000001000100
111111111011001011111110100101101111111010011011111111111111000000000010001110111111111001010100
111111101101101000000000000000001111110111010010111111011101110100000010001110010000000000101101
000000000001001011111111010000100000000011100011000000001001010011111110010010011111110101101100
111111001010000111111110101100000000000011000011000000100110010111111111101011111111110100000011
000000001001100000000001101100000000000100101101111111011011000011111110000001010000000001000100
000000000101000000000010000010001111111001101010111111111000000000000000100001111111111100110111
111111100110001111111110110101011111110110000100000000010010111011111110101000111111110100001110
111111110110000011111101110011110000000010010011111111111011001100000000101110001111111000011010
111111101111110011111111010010110000000000000101000000001010000011111111101111110000000001000111
000000010010110100000000101111111111111100110111000000010001000011111111110010010000000011101011
000000000001101111111110100001010000010011011001000000000001100100000001101000110000000001100001
000000110100010000000010111000011111111111100011000000010111101011111111011101110000000100000010
111110111011001100000010001110011111111101111010000000101000111111111110100101000000001001001101
111111101010001100000000101101001111111010000101111111011011010000000000011001001111111000000101
000000001000100000000001010010101111110101100101000000011111100111111100000101101111110111001011
111110111110001011111101100111000000000010011000000000001110110111111110110001011111110110100001
000000010010111000000011010111100000000001101011111111010010100111111101111010100000000100100001
000000010011100000000000101101100000001011000101000000000100101011111110001101111111111000111011
111111011011111011111101101010000000001001010001111111101110100011111111011101001111110001100011
111111010010001011111110111110000000001010000011000000010100110111111110110100111111111000100001
111111101100101011111111001101110000001001101000000000010110000000000010000001001111111101101001
111111101101100111111111101010110000000101100011000000000111111011111110110001000000001000001001
000000010111011011111111000010100000001001101111111111100010111000000001011010101111111111101111
111111111110101100000001001011111111111001101111000000001101010111111111000101111111111110011100
000000101010010011111100111011010000000011000100000000000011100000000000100101100000000000111111
000000001100100011111101010110010000000010101010000000001000101100000000000010110000001000000110
000000001100011100000000001000010000000000100111111111111111000100000011111100010000001100011101
000000111010100000000000101000101111110011110000111111101100111000000000110101010000000111001100
000000100100110111111110001110000000000011010110000000001111100100000001000010011111111000110111
000000000101101100000000101010110000000010111011111111100110100100000001000000000000000101100110
111111101111001111111101110101110000000100110001111111111101100011111111000110111111110101100111
111111010110111100000000100011100000000001011110111111100100110100000001100011011111111101101111
111111100011001011111101010001011111111100001111000000011000011000000010000111111111111010010000
