111111011001101111111111111010001111111001110010111111001111111011111110111110010000000110010101
000000010100111100000000000000100000000100001101000000000110111100000001001011111111110000111111
000000101011111111111110001011110000000100111111111111001000101111111101100000010000000000111100
000000100101110100000001011001000000001001000110000000100111000111111110011110011111110111000011
000000000111110111111111100110011111111101101011111111110001001100000000101011100000000101001000
111111111001101111111111011010001111111011010111111111110001010000000001010011011111110110110100
000000011101010111111111011011100000001010011110111111011011110111111111011111111111111010011000
000000011001010111111110001011111111110111101001000000011001010111111111101010111111111110100000
111111100000110011111110111000111111111110101101111111101101010011111110101010010000000011001001
000000010101011100000000000000101111111111010101000000001000010100000010010011111111101101111001
000000101011000100000000100100100000001010011010111111110101001011111110101010010000000110100101
000000110010110011111111011001111111111011100011000000100101001111111111000101111111101111101101
111111110110000011111111101111001111110110011101000000000010101011111111100000011111111011001001
000000001110011011111110100111110000000011011010111111100000110100000000101011011111110100010111
000000100110010111111110001000000000000111000111111111100010111011111111100111011111111100110011
000000101001110100000001000100110000000011110111000000011001101100000001101101001111110110111001
111111110100001111111110101101010000000100010100000000010000111000000000000111101111111011111011
111111100111010111111111011110001111111111101010000000101000101111111111011011000000000111011011
111111111011111111111111010010011111110011000011000000010101001000000000111111010000001000100110
111111010111111111111110100100101111111001111101111111100101000011111111110111011111111011111101
000000001110101100000001010100001111111111111010000000100111000100000010000000000000000010001001
000000010111001000000000110001011111111010011010111111100001100011111111101101011111111001010000
111111101001000100000000011010011111111011001000000000110010001011111111111100000000000000111110
111111101011110111111110001011101111110111100000000000001111110011111110100110011111111001110010
111111011001001011111111101011000000000001001011111111101010011100000001001110110000000110100100
000000010111000100000000101101100000000011000011000000000000100100000010110111001111110110011101
000000001100000011111110101001011111111111000001111111011100010011111110010110110000000001001010
000000101111010000000000110110000000000011010001000000001011100011111111100101001111111101111111
000000000011110111111111100101111111111111011000000000011010010011111110011010001111110111110011
000000000111100011111111000110011111111010101000000000011011000011111101011010010000001010101010
111111101011000100000001000010101111111110100010000001000111010111111111000110000000001101100011
111111110101010011111110111011101111110011011001111111101100011011111110111110101111110001000100
000000001000110000000001011010111111111110100110000000110010011011111101101101101111111001011000
111111111111010111111110111110000000000000001001000000000001100011111101000101000000000111111110
111111100111011100000000001001001111111101101000000001000001100100000000100111010000001110111111
111111010111100111111111110111101111111100000000111111011111111111111101100101101111110111100111
111111101001101111111101011100111111111100010111111111100010010111111110100001100000000010010000
000000001001101000000001010110000000000010001110000000011010110100000010000111011111110101111110
000000001100011100000010001000110000001100100011000000001010011111111110010110000000000111111101
000000100010100100000000001111111111111111000110111111111100000111111111000110011111111001111111
111111110111111111111110100001111111111001111101000000001000000000000000000000001111111011001100
111111111001011011111110010100111111111011000010000000010001110100000000001100000000000011110001
000000000100000111111110000111111111111101011000000000100010000100000010011110010000001010001011
000000010001111011111110010100101111110110101010111111110011000111111111000101101111110100010011
000000001110110100000010011010000000000101011010000000010001101100000010110111000000000111000001
111111110001111011111110111000010000000001100010111111001111111111111111010110010000000010100001
111111101011011011111101000011101111110100100000111111011110111000000000110111001111110111101101
111111101000011000000000010101100000001000100101000000010100100100000000111011000000001101101011
000000010101000100000010101001010000000000001101111111111010111100000010010110001111111111101010
000000000101010011111110011011011111111101100101111111100101100100000000000000010000000001011001
000000000001111011111101010110001111110111101010000000011001011000000001110111110000000111111010
000000010101101011111110000101011111111000101100000000011011111111111111100101011111110010001100
000000001100010011111111111001101111111101011101111111011011011011111110101101110000000011010001
111111100110100100000000101100110000001000100101111111010111010100000000000110011111111011010100
000000010110111000000001010011100000000111001111111111110010011011111110001101011111111011101000
000000000001100000000000110110110000000010001011000000110100101000000010101011110000000010001011
111111100110000011111110001011101111110110101001111111101000111011111011111111111111110011011101
000000000010011100000000011010000000000000001110000000110100011011111110111111001111111000011101
000000111101000011111111110011100000001101101110111111101100110011111110011010100000000111111000
000000001010111100000000001010111111111101100111000000001100101100000000001001101111110111100111
000000000000100100000001001000000000001001000101000000010101011100000010010001100000000010011010
111111111111010111111110011010110000000011111111000000000000111100000000010101010000001011010110
111111001101000100000000000001101111110010001101000000000001100100000000010100110000000101001111
111111100000100111111111010001011111111111110110111111101110101100000000000000100000000110011000
000000000100101000000000011010011111111011110011111111111001110100000000001110010000000000010110
000000000111100011111111000000011111111101010010000000001100100000000000010110001111111001110101
000000011010100111111111110000100000000010000001000000101100101100000000110110110000001100001010
000000011100000011111110000100111111110011011001000000010111011011111111011111101111101111110110
111111110110100011111111001110110000000100001000000000011100010000000000011010100000000101010001
000000001111110100000001100100011111111100100101111111101111100100000010100100011111111101111100
111111100000101100000001011100101111111001001011111111110010001100000000011010101111110100111000
111111101010100000000000100110010000000110001001111111100100000000000000001011100000001101011101
111111100100001111111100100011011111111101100111000000001101110111111100100100001111111100011000
000000000111111100000001011100100000000100110011000000101001111011111110101100011111111110110001
000000000101100000000010010111000000000110100100000000000001001011111101111011111111111111100100
111111110111100100000001011001110000000101101010111111011000011011111111000100011111111011010100
000000010000111000000001001000001111111100111010111111111001100000000010110001110000001010101010
000000011010001011111110110110110000000000111001111111011110001100000001110110101111111000011010
111111111100100111111101101011111111111001110100111111110101100011111111010001101111111100011010
000000010101101100000000111010100000001000000100000000010110010011111101011011111111111001100110
000000001101011011111111001101110000000011111110000000010111000000000000100100001111111011111001
111111111011101100000000100100011111111001000011000000001010011011111110101101110000000110000101
111111011010001100000010001010001111111111100100000000111000010000000001100000110000001011001010
111111110101101011111110001110101111101111011100111111101001011111111101111001011111111000000001
000000010001000011111111000011101111111111011000000000001011100000000001010111111111111110100001
111111111011011111111111011101011111111000010000111111111011111000000000111011111111111000000111
111111111011001000000001001100100000001000100110000000110101111100000010001100000000000011001010
000000000011100011111111010000011111110110110011111111101111111011111110100110001111110100111101
000000010001011011111110100001001111110110000100111111111000011011111111110100101111111101000101
111111110111110000000000011101100000000011101000111111111101000011111111101110001111111111100100
000000010100001011111101110000110000000010100101111111000110010111111111010001111111111011110011
000000010111101000000000111001010000000111101001000000001000001100000010001010100000000010111000
111111001100100011111110001011011111110100000010111111111001010011111101111101110000000011110110
000000011000110111111111000101101111111111111000000000111110101000000001100110101111111000011100
000000100000000100000001011110000000000011101001111111011000011011111101111010101111111111101101
000000010111010100000001000111000000000100010000111111011010000011111111111001111111111000110101
