111111100100000111111111111100101111110101011000000000000111111000000001010000111111111100111000
111110111010101111111110101000001111110111001001111111001111011111111101110000111111111101011100
000000011110010111111111101000111111111111000011000000110111001011111111111100100000001011001101
111111101000011000000001111011100000001101101110111111100010101000000011110000111111111110010111
111111111000100011111111000110111111110100000000000000000000100111111101111001000000001010011111
111111110101011000000000010111001111110011011110000000001100110000000010001111000000000100111011
111111100100000111111111110100100000000110110000000000011101100100000001110101111111111100111011
111111101100101000000000101111111111110101100111000000001010011000000010100100110000001110011011
111111011101001011111101010011111111110101101010000000001101001111111111110011110000000011000101
111111000010010100000000011101111111111000010001111111101000010011111111101100110000000010100110
000000001101111111111101111011001111111011010110000000010011101100000010111001111111111101000111
111111110101011100000010101011010000001000001001000000000011011000000001010010100000000000111100
000000001010000011111111101000101111110011011100000000000101011000000001010010000000000011110111
111111110010000000000001101011011111110101000011111111111001001011111110011110010000000010100001
000000100001001011111111101111011111111100101010111111111110111100000001011011000000001010100111
111111101101001011111110111111010000000100111010111111011001010100000001011111000000001000000001
111111111001000100000000101001110000001000111001111111101100111111111110101000001111111100100110
111111111111110100000000100101110000000010111101000000000011001100000000010100000000000100001111
000000000100101111111110000011001111111010001100000000101100110111111110011110110000000000101110
000000100110111100000010000001000000000111111111000000010101111011111110111110001111111011100100
111111101101100011111110010010101111111010110111000000011111000111111111010100111111111001010001
111111100110011011111111000101011111111000001010111111011010011100000000011001110000000011101001
000000001111111111111111011101001111111100011110111111001010110111111111110001100000000000010001
000000001001110111111111101010010000000001011000111111111100001111111101011110010000001000010000
111111101001000100000000011100111111111010100111000000001101110000000000000101110000000001000011
111111001010100011111100110000101111111000000001111111011010100011111111110100001111111100010000
000000100111110111111110110110111111111110001100000000110011101011111110111101110000001000001001
111111100000001100000001111011110000001110011111111111011001101000000100100011011111111101010100
111111100111100111111100111100100000000101110111000000011000001111111111111110111111110110111001
111111100111100100000011000101000000000001011100111111111100100111111111010111110000000100011110
000000000010010111111111100111001111111011010101111111100100110100000001001001111111111110011001
000000001101101000000001110110011111111000011011000000110001001111111100010001010000000000110000
000000110010010111111110111111000000000011111111000000000101111100000011001001101111110100000110
111111110101111000000010101011010000001010000101000000010111011011111110100000011111111011000111
000000001101011011111111101101111111110011111100111110110001001011111110111111100000000100010000
111111111111111011111101100000100000000101010010111111111111111011111101000010111111111001101010
111111101000000011111100001101011111111101011001000000000011111100000000100010111111111011011110
111111000011100000000000111101011111111001110101111111011011000111111111100011101111111111110000
000000001110001111111111101100010000000000110100000000100100010100000001111011011111111110110111
000000000011010100000011101101110000000101000100000000101011000011111110101100001111111100110110
111111100011111011111100101011111111111111100111000000000101101011111101111110110000000011101001
111111100011010100000010111001101111111010111111111111111000111100000000101110100000000010011101
111111111110100000000001000111100000000000110011111111111111111100000010110000101111111001110010
000000000001110000000001101001001111111100001111000000001011100111111101010100000000000101100000
000000010101101000000100101011101111111011010001111111110111010000000001000010110000000011110110
000000100111001111111101010110010000000010001100111111110010101000000000101100110000000011100001
000000001010000100000000110101100000000101001000000000001011001011111101100001110000001001001010
111111111010000111111110010010000000000011100110111110111011101100000010110101101111111100111001
111111111000110011111100000110001111111000100000000000000110101011111110101111100000001010000000
000000000110000100000001000100101111110101111010111111101111000111111111101111010000000110110000
000000011000011000000000100110101111111100110001000000011100111100000010010100011111111011100100
111111100111001000000001001010101111111001000011000000011001101000000001100010000000000011100011
000000000110011011111111111100001111110100011100000000001101000111111111001111100000000010111011
111111100000011111111101010101101111111001100101000000000000101111111111100101111111111110000011
111111101110000011111100011110111111111111011100000000010000001111111111011011111111111111000000
000000001100100111111110001100111111111001111110111111110010011000000001100010100000001010110110
111111110101100111111101011000011111111011100010000000010000010000000000100111110000000011000110
111111100100100000000001110101011111111001101000000000000010111011111111001011110000000010000101
111111111011111011111101111101001111111110000011111111100111100100000011100001011111111001101110
000000000011100100000000111111111111111000111100000000100001100011111101110000010000000100101010
111111100010011000000001101111000000000100110001111111111101100011111101100001000000000010111010
000000011000000011111110110011110000000010100001111111111101110000000001101011111111111111011010
111111100110011100000001001100000000000011000000000000100011110000000000011001011111111110010010
000000010001110000000011111000100000000010011011000000100001001000000000110000001111111010010000
111111111111111011111100100111111111111010001000000000110000101100000000110101111111111100000111
111110111001100111111110100001011111110101111000111111111010100011111101010101000000000010000100
000000011001011011111110111101101111110010111101000000001000111011111111011001001111111110100100
111111110001111000000010011010100000001011011101111111111111001000000010000001010000000011000110
000000000110100000000000110111100000000111010010111111110111100011111110001111101111111110001010
000000011001010011111111011001000000000110011110111111100011001100000000010010111111111100010111
111111110010011011111111101010010000000101011011000000011110100111111110001101100000001001100010
111111111000000000000000100001100000001000101110111111101011111011111111101011001111111011110010
000000001000010011111111110010010000000100100110111111111001011100000011000010101111110011011101
111111010101000100000010001011010000000111011000111111101111101011111110101101111111110111111001
000000011110101111111110000111111111110111001110111111011111111000000000001101010000001001100111
111111111011011111111110010110010000001111001101111111110110100111111101001011111111111010100011
000000011100000111111111101010111111111001001101111111111000110000000001010001011111111101010101
111111111110000000000000010001111111111111011001111111011111111111111110010010111111111111011101
000000101011111100000000111111000000000010100010111111011110010111111101101111000000001100110010
111111010111110111111101110111000000001001110010111111010001001100000001100000110000000001111110
000000010000011111111101101011010000000010100000000000010111110011111111000111001111110111010001
000000000010001000000011000010110000000001111111000000001100111111111110110001101111111101011100
000000000000010100000000110011011111110101001010111111010001010111111111011100101111111000000110
000000010101010000000000100101100000000000011101000000101010001111111011101000111111111101100101
111111011110001111111101100111001111111001110110000000100000001111111110101011100000001011100011
111111111101111000000010000110011111111110001010000000010010011000000001100000000000000011011001
111111100100010111111111110101101111111111000010111111111100011100000001000100011111111011010011
000000010001001000000000011001101111110111010111000000011110000011111111010101000000000111100011
111111110001100000000001011001100000000101111111111111111101101111111110000100110000001000001110
000000111011001011111111001010010000000100011001000000011000010000000010100001101111111111000000
111111010011010011111111110111100000000111101000000000001000001000000001000110111111110101001101
000000000101000011111111000010001111101111111100000000100001011111111111011110110000000110101110
111111100011000111111110111011100000000001100011111111111000110100000000001011110000000100101101
111111010110101011111111111010010000000000101000111111010010010111111111100100101111111000100101
111111111100000111111110010101101111111111000000000000110110101100000000110001110000000000000011
000000001100010000000010101100000000000101100011000000100110011011111111001111001111111000011111
