000000001000100000000001101110011111111111000011000000100111010011111100111000101111111110100101
111111011011101111111101111010110000000100100011111111000000110100000000001110001111111110100111
000000010110110011111110010110011111111010010111000000000111111111111101011010011111110010101011
000000001001010011111111101010001111110000010000111111101000111111111111010110001111110111100000
000000011101101011111111011111011111111110111011111111010110011011111101100101011111111110001110
111111101101111000000000000101000000000101010010000000000010111011111100111010110000001110110000
000000001001011111111101110000101111110111111001111111101110000100000001011000011111111010100111
111111110001100000000001101000011111111001000010111111010011010000000000010111101111111010010111
000000000100101000000010100110010000000000111000000000111010010011111110000010111111111111101001
111111101111110111111111001100010000000011010001000000011100111111111110010001110000000111010100
000000010010100011111100100101111111111011110101111111101010100011111101011000101111110110011011
111111110101111000000000010100001111110110010010000000000001110100000001101111010000000000110001
000000000110110000000001001110001111111010111101000000000000111000000000011110011111111110000000
111111100100011111111110011010000000000110001011111111101101100100000000010001111111111101101101
000000100011101011111101010110001111111001111110000000000000001100000001000101001111110110001101
000000001101011100000000010100001111110010100000111111010100011011111111011100001111111010011111
111111100111000100000000111010111111111100010101111111011111101000000001010101010000000011010100
000000000110010100000000101110000000000000001111000000101000111100000010101100101111110101100000
000000000001011000000000010101010000000010111101000000001010010100000000101000010000001001110000
000000000000011000000000010111000000000111101001000000100111110111111111011000011111111110100001
111111111000000000000010010110000000000010111010000000110011111000000000110111110000000000010101
000000000011011111111111100010001111110111001010000000010110101100000000010001101111111001101100
000000001100001000000000100010000000000110000100111111111011011011111110000010001111111100000110
111111000001111000000000010101110000001011101011111111110000010111111111010110100000000001110101
000000000110001100000010101000010000000000010011000000001111101111111101010001110000000000011111
111111011101001111111111110011100000001111111100111111010101101111111111101011011111111110001100
000000011100000111111101111101001111110101110111000000001110010111111110101010011111110010110110
000000001110110100000000011110011111101110101001111111011010001111111111001011101111110100010101
111111110000010100000001100001111111111111011010000000111111110000000001010111010000000110010111
111111110001101100000001011111011111110101001111000001010100011100000001001101110000000010000000
111111111110110011111101011001010000001001100111111111111101011011111110100011011111111111001010
111111011110110111111111001110100000001100100100000000101011100100000001110111010000000011001010
111111110110010011111111111001001111111100010110000000101010111000000011111010000000000011011100
000000010110000111111111111110101111110011000000111111111000100100000010010001011111111001011101
111111110011101100000000010111110000001111011011000000001110101111111110100100110000001001101101
000000000000001000000000000101000000001101100001000000101011000111111110110101010000000010110110
111111101101011100000001111111110000000010000010000001001111110100000000011110110000000010001010
000000001010010011111110110101111111111001001110111111100110110000000000100101000000000001100001
111111101110111111111101110001110000000001010101111111101110011011111110010100011111110110000011
000000000101100011111110010101111111111010101001000000001000010011111111111110000000000011000100
000000001001111000000011001001001111111111110000000000101000101100000001010000010000000001110000
111111011011011011111111011000011111111001000111000000011010001000000000110000110000000000001010
111111110010100011111101111000100000000010111110111111111000001011111111101000011111111010111011
111111101101011111111111011001000000000001111011000000100111001000000001111111100000001001001000
000000000110110111111101000101011111111100010110111111001110101100000000010000001111111110010000
000000010101011011111111111110010000001010011111111111101001110111111111101110101111111100001000
111111111110110000000001101010101111110101011101000000000000001000000001100110100000000001011001
111111110111011000000010001001001111111111000000111111010000011111111110011101010000000000011001
000000001010011100000000000110101111111100100011000000100000010100000000001001110000000011011100
000000001110000100000000110000111111111010101001000001000000011011111110110011000000000010010000
000000010010000011111110000100100000000001011110111111111001000100000000001111101111111001100000
111111010010000011111111010100110000000110110110111111101110010000000000111110110000000001011001
000000010100001000000000011100001111111101001010111111100111110011111110010010100000000000101011
111111110001000000000000011111100000001101110111000001000101001011111111010001110000000101010000
000000010100101011111110001001011111111001001011000000011010111000000001110010011111111001111110
111111110001110000000010011101010000000110100100000000000110110000000001110011111111110010100100
000000001011101100000011100101011111111100010101000000101110011000000001000011101111111110011111
111111010101010100000000100000010000000001011100000000001111111111111111110000010000001000110000
000000001111000111111100111010010000000001101000000000000010100111111110110101001111110101110100
000000000011011111111110011001111111110011101010000000000010111000000010000101011111111101111000
111111101000110111111110010000010000001010010011000000000100111011111111100010100000000011101100
000000001001000011111111110011101111111111000010111111110001110100000010111110110000000010101000
111111100100101000000011000110011111111100110001111111110111001100000000110001110000000011000100
111111111010010100000001010110110000001010011011000000000001010111111110101000010000000011101011
111111110111000100000001100101011111111011100000000000110001111100000000100000001111111110111100
111111011100101100000000010100110000001001000010000000011111110100000000001001000000000001010000
000000001111110111111101010101111111111110000001000000000101101011111111000100101111110111110110
111111100100000111111111010110111111111100100101000000010011111100000000010000011111110101110101
000000000110111011111110001101110000000111111111000000010010101111111110110000101111111100110010
000000001111010111111111000101101111111000010000111111001011110011111111001111011111111011000111
111111011011010100000011011100010000000100001100111111110010001111111100111111010000000010101000
000000100011111100000000001001001111111101111111000000000101100011111101110101000000000010110100
111111110110001000000001010011001111111111110000000000101100011100000001000010111111111011100110
111111100000000011111111101101011111111011011100111111000000001100000010000000111111111111011011
111111111001010011111110000001010000001011100111000000001101011111111011110100111111111111100011
000000010110000111111110110110001111110101010101000000010000110011111110100110110000000011001010
000000101010011100000000010100100000000100010000000000010100000011111111001011010000000000100100
000000010101110011111101101110011111111010111100111111000011111000000001100100101111110101100001
111111111100000100000001000000011111111010010111111111100100010011111110100001011111110111011111
111111101100010011111110111110011111111100001100111111000111001111111101010100000000000100011110
111111100110111100000010000101111111111011010100000001000011011000000010011101000000000110001001
000000001010111100000000000010101111110011110100000001000001110000000001010101101111111110111100
111111011011010000000001010110010000001110110000000000010000100011111111111010100000000110101101
111111111000000011111111110001000000010010000000000000101011111000000000001110100000000001011010
111111111101010000000010110010011111111010101011000000100101110011111111100011111111111001101110
111111101010100111111110100110100000000010010100000001000010111011111110110010100000000011001110
111111110001100011111110110101111111111111000111111111110010101000000000101011100000000010001001
111111100110011000000001110001100000000011000010000000000011100100000000100100101111111011110100
000000000011110011111101110111000000000011111001111111100100110011111111011101101111111010101010
000000001000110100000010000011000000000011010001000000001100011111111111001111010000000010011111
111111110000110000000010000111100000000010000101111111011101001000000010011001000000000000110001
000000001000011000000001001100111111111110010010111111111010100000000001011101110000001011001100
111111011011010000000001111010010000000101010011000000011010010111111111001100101111111100110011
111111010100101111111111111000100000000100001011111111100101000100000001111010110000001000101111
000000001000111111111110111011100000000000110001000000000000101111111101000110011111111100011110
000000011001000011111111010001001111110010010011000000001001100111111111111110111111111110101011
