111111101010011000000010010111011111110100101011000000100000011111111111010100110000000100011111
111111100111100111111110100010110000001011110110111111100011011011111111000010100000000110001110
000000011100000100000001000101000000001101000000111111100111111000000001000111001111111001111100
000000011111100011111101100110111111111001000000111111111011111000000001100001011111111001001011
000000000110010111111110101111000000000101001100000000100011111100000010110011110000001010010000
111111001101100100000000110111110000001100111111111111010110110111111101011111011111111101011000
000000001111101111111110100001011111111111111100000000101111001011111111001011111111111100100010
000000100111101000000010010010010000000000111110111110111100100011111101101011110000001000100100
000000100110001100000010101000111111110100111001111111010001001011111111010110001111110111101101
000000100110001000000010000000011111110111001101000000100000111000000010000011001111111001001100
000000000110000111111101110011010000001001101000111111010000011011111101111010110000000111011111
111111001111111100000001010011010000000111100010000000110000101011111110011001111111110111010011
111111111011010011111110011010010000000101111011000000011111101100000010000000110000000000010101
111111100000100100000010101100110000000101110010111111101000100000000001101101011111111111110100
111111110111100100000001110010101111111110100111000000100101001000000001101111100000000101001100
000000000101011000000001011100000000000111000011111111110101001011111101100111110000000000100010
111111101100010011111110001110010000000101011000000000011110110100000011011110000000001000101101
111111010000111100000001000100110000000110000011111111001100111011111110010100011111111110110110
000000000111111111111110110101001111111110000101000000101101010111111111110101111111111110100100
000000011000100100000010011101110000000010101110111110111011000111111101001001000000000001000110
111111100000001100000000001001110000001000100011111111011010000011111101001111110000001011101000
000000100101110111111101100101101111111111101000000000110100100111111101001110110000001010100101
000000011000111100000001110011001111110110000011111111101010101000000001101101001111110101101010
111111011100101111111100110010111111110100001100111111010101000100000001110100110000001110111011
000000011110000111111111101100110000000001001110000000000001001000000010001100001111110111111010
111111110000001100000000110011101111111110000100000000010101100100000010011110111111111001011011
111111011001101100000000110111011111111110101101000000011100111100000000110011010000000010011101
111111100101010100000010001011110000000011001100000000011010101011111110010100111111111011111111
000000000010011111111110010011110000001000010001000000101010011100000011000111000000001101000111
000000111001001111111111011111001111111110110011111111010010101011111100101101100000001101010100
111111111101100000000000111011101111111110000010000000010111001011111111010011000000000111000000
000000000011111000000001011101001111111101110000111111000111111100000010010011011111111001001010
000000011010100011111101111011110000000011101010000000011111101111111101101111111111111100110000
111111100111011000000000111110100000001001110100000000111010101100000001101100011111110010001000
000000010010011111111110011111011111110110100110000000100011110111111101000000000000000110111001
111111010100110011111101111000100000000001011100000000101010010000000100100100110000001001111111
111111010100111100000000000101110000000000011100111111010001111111111111011010001111110111001000
000000101000101000000000010101111111111001001011000000001010111011111101110000101111110110010001
111111111000110111111101011101111111111101000011000000001101011011111111100011011111110111011101
000000000100000000000011000001001111111001100000111111010110010011111101100010000000000011000101
000000010011001111111111111011000000000010110111000000110110110100000010011010010000001100110110
111111101000001011111111100011000000001001010101111111110000001000000001011001100000001011100100
111111100011110100000010100110111111111110111101000000101111000000000000101010111111111110011011
000000010101101111111111110110000000001010010011111111101011011111111110100110010000000110001101
111111100100111111111111001101001111111111000111111111011101100111111110110010101111110011111100
000000010010001111111110101001001111111011111001111111111100110011111101000010101111110101100011
000000100101111011111100111110101111111001110001111111100001010111111110111100001111110100100110
111111110110101100000000101101101111111111001100111111111000011111111111100110010000000010111001
111111100100110111111111100101101111110111000110111111010110000111111111101011001111111000011110
111111110110100111111101110101010000000000001100111111101001010011111100110001001111111010100101
000000101001001111111101000010000000000001110011111111100011001011111111011000001111110011010011
000000011110000100000001010101000000000000000011111111111010110111111100111010100000001000000100
111111111110010011111101000011100000000111011100000000011101110000000001100010000000001000100110
111111101100011000000000010001110000000111010011111111110010110111111110001011011111111110111110
000000010001001111111110100010101111110110011011000000011111101111111111011101100000000001000000
000000000111011100000000100111101111111011010111111111001101111000000001100000010000000101110111
000000000110001111111110110000100000001000110101000000011111000000000010101110010000000010110100
111111011110011100000010100001110000000001110010111111011010111000000000111101101111110111111111
111111100011101000000010100110111111111011111011000000100010000100000000111101000000000110110010
111111101110100100000000111001110000001001010010111111110001110011111100110001111111110111100110
000000100111101011111111101001101111111111000100111111011110100011111101111111101111110110100001
111111101110100000000000101100001111111100111110000000110011110100000001111001101111110101010010
111111101010110011111111000110111111111100101000000000010110001011111111001110001111111100101100
111111011001010011111111111110000000000010110010000000010101000111111111010101100000001010011111
111111110001000111111101010110111111111111100001000000000111011000000001011100111111111011001000
111111110001100011111110100100110000000100111010111111011100010111111100111010001111111000010000
000000011101000111111100001111011111111001110100000000010011001111111110001110001111111010111011
111111111101100100000010100000010000000101011001111111010100111011111111111011100000000010100010
111111101101100000000001110010111111111111100011111111001100101111111111100010011111111100111000
111111101111110000000001011110001111110000000101000000110111010100000001110001011111110111000100
111111010110110011111110011011111111111010110001000000110101000100000000001000011111111000010010
000000011111001000000011100011011111111110000101000000000100000011111101000100100000010000101001
000000100110110111111101110000010000000100000011111111001111110100000011010100001111110111001011
000000100101111111111101010011111111110011110101111111010101011111111101001101111111111010011101
111111111111111011111111011010001111111010001000111111010111100100000001001110111111111100011010
111111000000100000000010010101011111111111101010111111010101110000000001000110101111110111110001
111111101100000011111111100011001111111010111000111111101011111000000000100110111111111111011001
000000001000011111111111110111100000000101011011111111100011000111111101111010000000000001110011
000000010000010111111101000101000000000101000001000000011001110011111111010101011111110110110000
000000111011010000000010010000101111111111101001111111011101001111111110010011010000000001011110
000000000101100111111101110011101111111001110001111111100111101000000001101110111111111100100011
111111111100100111111110010100001111111011001011111111000110001111111100100110101111111111100111
000000101101110011111101000111011111111111010001111111100010111111111111001100011111111001101100
000000001000011000000001100001010000000010101101111111110000001011111110111011111111111001100010
111111111001111011111100010101000000000001111010000000010110110100000011010010111111111111101000
000000000110011111111110001001110000000000110010111111000000101011111100010011101111111110101110
000000100000111011111100011101001111111010100110000000100011100100000000000100101111111010011001
111111100100011000000010101111110000000000100011111110111011100111111111101101001111111010001111
000000011111000100000000000111110000000100011011000000000100101111111101010111011111110010110000
111111011100101000000000111010100000001001011100000001000101101100000011000011011111101110110111
111111100010001011111111110010011111111001011011000000110011110011111110010011011111111101101110
111111101001110000000000101000010000000001011100000000110000000100000000001101000000001000110000
111111010010001100000000110100110000000000111001111111010101010011111111110110000000001010100011
000000110011010011111110011000000000000100011101111111001110100111111100111000110000001001001101
111111101110000011111101001011000000001001001101000000000110100000000000000111011111111100111010
000000001100010000000010011011101111110111011001111110111111001011111101100000011111111010001111
111111101010100000000010011101000000000001000110111111001010110111111111010111111111111001100101
111111111111111100000000011110001111110100000010000000110011000100000000110000011111110011010001
111111100111000011111110111101011111111100001010000000101001100000000000001100011111110100100101
000000011000110100000010111001111111111101111101000000010001000111111100110011010000001111100100
000000100010101111111110011100100000000110000011000000101000011100000000011110010000001001010110
111111010111010111111111101001000000001011000111000000100010001100000010010110110000000011111001
111111111111100000000010010001111111110100100110000000100011011111111110000011111111111110010101
000000100000011111111110010100000000000110011100000000011011111100000000001100110000001110100111
000000110010100111111111000100001111111101100011000000011001010100000010000110011111110001011110
111111001101001000000011101001000000001011111100111111111101010000000011111100101111110101010010
111111000010000000000010011001111111111111000100000000011010110100000001001000110000001011010010
111111110001010100000011101101110000001000100011000000101001111111111101010100011111110101000011
111111101011110000000000001000110000000010011100111111011010111011111101011001001111111001111010
111111011110101100000001110100110000000100110101000000110010010011111111111100011111110001101110
111111101011010011111101010111111111110111100000000000100101110011111111001101011111111010000111
000000000001100000000001001010011111111001110111000000001010001011111110001001110000001000111000
000000100101110011111110010010100000000111000110000000100000111011111110101000000000001001000010
111111011100101000000001101111010000001001100100000000111000110000000001111010001111111001111010
000000001111010100000000100100001111111101001110000000010111010111111100110011010000000111011010
111111110110100011111110011101100000000001101110000000101101010100000011001010100000001101111100
111111111110010011111110000000010000000010000000111111011111101000000010010011001111111010111001
000000110110111111111110101010011111111000101000111111001101010011111101010011000000000000100001
111111111011010111111101011110011111111001101011111111110101011100000000101000111111111101101100
111111011101101000000010001011001111111011001100111111000111110011111110010111101111110111000101
111111010001111111111111110000010000000100000010000000100011011100000001011101110000001000010110
111111101011000100000001110001110000001111010010111111001111100000000000000001010000000100111101
111111011110101000000001000100100000000000000000000000110011111011111111010011010000000110100010
000000110001110000000001110001111111111111010010111111010010001011111110001110001111111011010100
000000100100001111111101111101010000001001110011000000100001001011111110101101010000000101101000
111111100111110100000010001010100000001001100111000000101110011100000001100001111111110110100000
000000001110000000000000010110111111110111011011000000100001111011111100101100110000000100011111
111111101000111111111110001011101111111111100010000000101010100000000011110010000000001010011101
000000010001011100000001100110010000000000110011000000010000101000000000101100111111111000111101
111111010100101100000001010101101111111011000100000000111011100000000010011110111111110011000000
111111100010010011111110111111101111110111100101000000101111001100000010001000001111111011111000
111111111011100100000000011101110000001010001010000000010011111011111100001100110000001011100100
111111001001001000000000101000101111111101000100111111000101000011111110001001000000000100111100
000000101110110011111110100101100000001000100100111111000000001011111100101110110000000100111100
111111101111101111111101000000010000000111011010111111111001101000000000010100111111111010011010
111111111000001100000010001100111111110010001010111110111100011011111110111101001111110011111111
000000011001011011111111100100010000000110101011000000011001110000000000110111000000001001101100
111111010111001100000001000001000000001100101110000000011001001100000010101100110000000011011000
111111100100010000000010101001011111111010001111000000101001111111111110111100010000000001010000
000000110100000011111111110010010000000001101011111111101100100111111101111101100000001110100110
111111110110100011111101111111111111111100000010111111001001011100000000111100111111110110101011
111111101111011111111101011000000000000000010011111111100110010011111100110111011111110110110111
000000100100110111111100110111111111111101010110111111110010100111111110101110011111101111010100
000000001010010100000001100110100000000111111111000000001100011111111100101011100000001000011101
111111101111110011111110101110110000000100101000111111101101001000000001000100001111111101100111
000000011100001011111111111100011111111001001110111111001100100111111101100001011111111101010011
111111101110001011111111010111011111111010010001111111111101110000000010110000100000000001011101
111111110100001000000010110000100000000010111000111111010000001011111110001011111111110111110100
111111111001101111111110100000000000000011111000111111001000101111111111001111001111110110101111
000000011111101000000000111001011111111010001000000000001010010011111100100100111111101101101011
000000011010001011111100000011100000000000111111000000001001100011111101110011001111110110110000
111111100011110000000010111101011111110100101111111111001110110100000001010000011111111110110111
000000011100100111111110111001110000000101110000000000100111101011111110101011000000001010010110
111111011111100000000001010010110000001010101110000000101101100100000010100001001111111110101010
000000000100110100000001100000111111111010100011000000011010111111111101100010100000000001011111
000000000010111011111110001000010000000010110100000000011101110000000010011011000000001100111010
111111101011001011111110011001011111111011011101000000000101101000000000100011011111110111100101
111111001100001100000001011101100000001011011100000000001010010100000010010111101111111010001111
000000001111010111111111111010110000000100000010000000011011001111111110001000111111111010010111
000000010101001100000001010011100000000011110100000000110100110011111110001101110000000110000011
000000001101000011111111101100000000000101010000000000100000001100000000101011000000001001001101
111111110011100100000000110111000000000110100011000000001001110100000010001100000000000010010101
111111010111101100000010111001011111111011011110000000011011111100000001011100000000000011110111
000000011011010111111111110010010000001001011111111111111111000011111110000111100000001001010100
000000100111101011111110000110110000000000000111000000000101111100000001110111111111110110001100
111111101101011100000000011100110000000010010111000000010010000100000010100101001111110101100001
111111100111001000000001001001011111111111000100000000101011111100000010101110110000000110110010
111111101110111000000010110110000000000010110000000000100010001111111110010100001111111000011001
000000011001110111111110010101001111111111111111000000110000010011111110111110110000000011001011
111111100000011011111111110010000000001011010011000000100111111000000000110101001111111001000111
000000010100011000000001001001111111111001101011000000010110000111111101011110001111111111111110
000000011010100111111101101100010000000101010000000000111000101100000000011100100000001101010001
111111011011001000000000100100101111110111110111111111111111100111111111011110101111111000101000
111111010000011100000000100110000000001100101111111111111011100011111110110100010000000001100110
000000110011000011111101101101010000000011010001000000011000010011111101111111011111110011101110
000000111110010000000000101011101111111110110110000000100100001011111101001100100000000111001100
111111111111100111111111001111010000000010110111000000010100100000000001010000011111110110101101
111111100011011000000001110011110000000001001100111111111110001100000010000010001111110100011101
111111100001000100000001001101011111111100110100000000011010111000000001000100110000000110000001
111111111101001100000001010110000000001001101010000000010001101111111101110100011111111010101001
000000100011111011111101101101000000001000100001000000001101000111111110010010010000000111001101
111111011101101100000001101100110000001010111100000000101100100100000001011111101111111000111101
000000000111001011111111100111101111111000101001000000100100001111111101000011010000000101010100
111111101000110111111110011000011111111101110011000000011010110100000010110110110000001001000001
000000001010011111111111001101001111111100001011111111110110001111111111001000011111111000100110
111111010101111100000001110000110000000110110000000000110001000000000010010110001111110001101110
111111111011110111111111110011011111110111011001000000010011001011111101110100101111111100000110
111111111100101111111111011001111111111111100011000000110101011011111110001000000000001001011101
000000110010011011111110100000011111111111000001000000100100110100000000001010010000000110111000
111111011010100000000000111001000000001110011101000000100010010100000000011101011111111001000011
000000001111001011111111100001011111111101011000000000011100000111111101011011010000000000101011
000000011100010011111110001110000000000011010011000000100000101100000001101111010000001011100010
111111100011100011111111111111010000000101111011111111011000000111111110110111101111111000000001
000000100100000111111111100101001111111110010101000000011110001111111101110101001111110100000101
000000010001001011111100010110011111111100101011000000001100100011111110000000001111111000100011
111111110100010000000001111110111111111000100011111111101110110000000000010001100000000111100011
111111110000111011111101110111111111111101111001111111011101111000000000101011111111110110110010
000000001010010011111101110011101111111011101101111111011100101111111101001011001111111000010011
000000000100000111111101011100001111111011111111000000001011011011111111000110111111110100011011
000000001111010000000011000100010000000001011010111111010110110011111101110001001111111111011000
111111111100100111111110111100010000000000100110000000010001101100000010000110011111110100011100
111111011010110000000000100010001111111111000110111111101101010000000010100100011111110000100011
111111100000101000000000101111101111111001100100000000011001010000000000100011000000000101101011
111111101100100100000010010111100000001010000011000000010101000011111101100101011111111011101100
111111100111010111111111000100101111111111110110111111101100011011111111100011011111110011000000
000000010001010011111111101001101111111010100011111111101010101011111101111110011111110100111101
111111110000110011111110000101011111111100001101000000000001111011111111001011011111111001010001
111111101000011100000010001101001111111110100100111111011100101111111110100011100000000001110011
111111010000111011111101111000010000001011101101111111001001111100000010110111101111110010011110
111111100000001111111101111001001111110010100111000000101110111111111111110011011111101111000101
111111101101110111111110010101001111110111001110000000010010101000000001011011010000000100111000
111111001101100100000010110100110000001001000100000000011111000111111101111001001111110111011110
111111100001011100000000010001011111111011111011111111101010101011111111011101001111110101011011
000000000000110111111111110111111111111111010001000000000111011111111110101100101111111010111100
000000010101001111111101100100110000000000000010000000000010010011111110000101001111111001111111
000000001000101000000000100111101111111111010010000000000000011111111110011101110000000010101001
111111111000000100000001001011101111111110010101111111101011111011111101111110001111111100111000
111111100001010111111111010010010000000110000110111111110111001111111111000001110000000000101110
000000010010011011111110000001000000000100011010000000000111001011111111100011101111110111110101
000000100101101000000001000100111111111100011010111111110111111111111110001001100000000011110011
111111010101111000000010001000111111111010111001111111010001010111111110111101001111111101000101
000000100000000000000000010000111111111100001111000000010000011111111110100101111111111110011000
111111111001010111111101000011100000000101001011111111110100101011111111111001111111111001111010
000000000110101100000000000000001111111100110000111111101010111011111110101001110000000011001100
111111010101100100000001010001001111111101000011111111001100101111111110100011111111110110110110
000000000100000100000000000011111111111101110101000000100001010111111110011110001111110111110010
111111111101110011111100111010110000000001010101000000011000111011111111101111111111110110100101
000000010111000000000010011101111111110111101011111111101100100111111101000000100000001000000011
111111011011010100000001011000011111111111111001000000010100100000000001011000001111111010011111
000000001011000000000001100010110000000001010000111111010010000111111111100111101111111101110010
111111100001000111111111011110101111111100111010000000001001000100000000101001010000000000110000
111111110001000000000010001011110000000100000101111111100010100111111100110110001111111111011101
111111100011101000000001010010101111111001011111111111000011101011111101111010011111111010110110
000000100010101011111111100110011111111111011000000000000110011111111100001101011111110110011010
111111111100100111111100101100110000001010001001111111110000111011111111101010011111110000111110
000000011110010000000010010000111111111001001011111111011100101011111110011111010000000110111010
111111011001110100000000111101001111110011111011111111101101100111111101010000111111111001111101
111111000101010111111111100010010000001011011000000000010011101111111100111110000000000010101010
000000100100101111111101111100100000001010001101111111101010010011111101011101101111110110011000
000000101001000011111110101100011111111101010001000000101000010111111100101001000000001110100001
111111100001111111111111001000101111111100111011111111110010000111111111101011101111110110100000
111111010001110000000000110101100000000100001000111111110100010011111111011110101111111001110011
000000001111101011111110110011011111111010101111000000100001111000000000001110011111110100101001
000000010111111100000010000011100000000001100010000000010000000111111101111001010000000101110010
000000101101101111111110010000010000001001111110000000011100000011111111011100100000001100000010
111111011000111000000010001000110000001011011001000000100101001100000001110000001111111110001001
000000000100011000000001000010101111110101101011000000010001101011111101110000110000000110101110
000000001101100011111101010000100000000010111011000000010011001100000011011011100000010000001011
111111000011001011111111111010110000000010100111111111110001101000000000010011011111110011000111
000000001111101000000001011001101111110111101111111111100010000111111110111101011111110000010110
111111101000100111111101110110000000000001101110000000100101010100000000000101011111111111011011
000000000010011100000011001111100000000001011010111111001011110111111100110110001111111011000011
000000001010101111111110110011000000001000000100111111010010100100000010000010001111111001110100
000000111100110011111110111001101111110100011000111111011000000111111100111000000000000001000111
000000000110000111111110000001110000000000101111111111100000101000000001001101110000000010100101
111110111111001100000010010011101111111110001110111111001100100100000000001101101111110010110010
111111010110111111111110010100010000000111000011000000100000000100000010001110010000001001010011
000000000110111000000001110001110000001001110110111111001110101000000000011110010000000011111100
111111000101110000000010110111110000000000101000000000011011011011111111100011010000000111011001
000000001101110000000001111101010000001001011110111111010001001011111111001100101111110111110010
000000011010111111111111111010100000000110001010000000010111001100000001011100001111110100010101
111111010010101100000001110000101111110111101011000000101000001100000010001001011111110110000101
111111100110111111111111001101111111110111011111000000100110110100000011011001001111111111000001
111111101000001000000010001001000000001001011010000000001111001111111100111000001111111111100101
111111111010011011111110011110010000000000011100111111111100111000000001010010011111111111001010
000000000011010111111111010001000000000111100101111111100100100011111100111110101111111110010000
000000100100010011111101001011001111111101010000000000010010001011111111001011101111110101110111
000000100101101000000001111100010000000101101110111111011000111011111110111000000000000001010001
000000000011010011111111001011111111111111111000111111100000000100000001001110101111111001101011
000000101001100011111111000100101111110110001111111111011111010111111101111011011111111010101110
111111110110101011111110011000111111111101000000111111110010001100000000001011011111111101010001
111111011100011000000010100111011111111011010001111111010100001011111111011110001111110110110010
111111111010001111111111110000110000000111000111000000011111000100000001010011001111111010001111
111111011011101000000010001000000000000000100101111111111110111000000010100010011111110110010111
111111011011111000000000101101111111111000111110000000101011000100000000001110100000001001111111
111111111100101000000001000011110000000011111000000000000110111011111110101011001111111110001100
000000100011000011111110011101000000000100000101000000100010101111111111100001000000001000111010
111111110000111100000001111000110000000101100110000000011100111100000001010110111111111110110010
111111101100101011111111111110011111111100101010000000100001100111111111001000110000000110000000
111111111001110111111111001011110000000000000111000000011001101100000010000000010000001100101101
111111100010000000000000101000011111111011101001111111011100101111111111100011011111110101110000
000000011100010111111110101001111111111010010000000000001100111111111101111000001111111001001111
000000001000110111111101111001100000000000101101111111111010011011111111011001011111110111011100
111111111101110000000001100011011111111100000111000000000001001111111100111100110000001000000011
111111110111010100000000010001110000000001110101000000010000110100000000111111110000000001111101
111111011000010000000000000001110000000010110100111111111111111100000001110110111111111101010001
000000000000010000000001011011001111111101011000000000001001000000000000010011011111111111000111
000000000110011111111111111110000000000110000010000000010001101011111110100110100000001001000001
111111111010000111111111100110111111111101101110000000010011100100000000010010011111110111110111
111111001110100000000000011100000000001100111110000000000001111100000001100001111111111001100100
000000010001111000000000010111001111111010110111000000101011100011111110000011011111111000000100
000000101011101100000001100010110000000111101001000000110000010011111011110111110000000111011001
111111110111110011111110010110101111111111001110111111101001101000000000111010001111111010001100
000000001100001111111101111000001111111101010100111111110110110111111110100100001111110110111100
000000001101000011111110010001100000000000110111111111110010001011111110101100101111111100011100
111111111010011000000001011010110000000011110000000000000100111011111111011001111111111001010111
000000000001100111111110111100110000000011000011000000010100100000000001000001001111110110110101
111111100101001000000001101000010000000011001000000000001101001100000010000100001111110100101001
111111101001001000000001101000001111111001110010000000010001101000000001010111100000000100001111
111111100111111000000001001011100000000100111101000000001011111011111101110000101111111001111010
000000000101001000000000000001000000000111010010000000011110010000000000101100110000001000111111
111111111100010100000001011100010000001001110110111111111100111100000000100110100000000111101011
111111011011000000000001111000011111111100001110000000011011111100000000010100100000000011110001
000000001011100000000000001000000000000010011110111111110000110111111111100100100000000110011000
111111010001111100000011100101101111111000010110111111010001001111111100101010111111111100110011
000000101000011011111111100001000000000000010110000000011011000111111101111011011111111101100000
111111111011110011111110000000000000001000100000111111110101100011111111100001001111110110101001
000000010100110011111111110110011111111001111110111111101011010011111110101100000000000011011011
000000000110000011111110000001001111111100100110111111010010101111111111001011101111111001000111
111111111111011111111110100101010000000011010101000000001110001111111110110111011111111010010001
000000100011110111111110001101001111111111001100111111100000100111111101111100011111110100010000
111111111100011011111110111010110000000110100000000000001110111011111111001010010000000111111010
000000000001110011111111110111011111111011010011111111100110001011111111110101101111111000100111
000000000111110100000000100011010000000010111011000000000101001011111110010010011111111000111011
111111111001100011111101010111110000000100011111111111101111100011111111010111001111111000000110
000000001100010000000000111001001111111111011000111111110100110011111110000010101111111110000110
000000001101101000000000111010100000000011110010000000011000001011111111100110000000000011011101
111111100000011000000001011000110000000111001001000000100010011000000001100110001111111001010010
000000000001110111111111001000111111111011011001000000010101100011111110100110011111111110010111
000000000010101000000000001101010000000100000001000000011010101100000000001101010000001000010010
111111011111001011111111101100001111111011011111111111011010110011111110011101111111111101001111
000000011100111111111111010100001111111100111011000000000011001011111101110111111111111110011001
000000001001010111111101010110101111111111011111111111110011010111111111110101101111110100101000
000000000011111000000000110000000000000010111110111111111010111111111101100000110000000011110110
111111111110011011111111010100110000000111101101000000011111111100000001001101011111111010001011
111111011001001000000001111100110000000001111110000000000000001100000010011100011111110101101111
111111100110011100000000100100101111110111111110000000100011111100000000101111100000000111000010
111111111010111100000001000101010000000111000110111111111111111011111110000010111111111010011111
111111101100110100000001010100101111110111100100111111011001010111111101110001101111110111101101
000000000101111011111111010110010000000101010011111111111010111111111110000111111111111100001010
000000010111010111111101100100100000000111110110111111101000110011111110000111011111110110011110
000000011100100000000000010001110000000001010100111111110000111011111101100001100000000011010100
000000000001011111111110001000110000000000010110000000101000000000000010001000110000000111001010
111111111110110111111110110010010000000111101101111111001111100111111101111000000000000110111100
000000001110101011111110101000011111111101111111000000010110010111111111011000101111111100111011
000000010000000000000010101101001111111111111111111111010001010000000000011111000000000011011110
111111110110111011111101011010110000001001100000111111101001011000000010010010111111111001111011
000000101000111011111110011010111111110111000101111111100000001011111101110110110000000001001110
000000001000100011111101110001001111111011001111111111110111101100000000011111010000000001110000
111111011010100100000001111010110000000011001001111111011100101100000000111111011111110111001010
111111011101110000000001110001111111111100111101111111100010011111111110000001111111111010111111
000000000000011100000000000011011111111111100101111111111111010011111101110011101111111011110100
000000000010000111111101111111000000000110111100000000001111001111111111011111011111111001111100
000000010011111000000001100111011111111011011010111111011111101111111110000100100000000101101110
000000010100000111111101111010110000000011101001000000001110000100000010011001011111111100101001
111111101101110100000000101100101111111111010110111111110001111011111111110110001111111000010110
111111110011101000000000100101011111110100100010000000100000011011111111111111010000000010101001
111111110001000000000001111100110000001000110001111111110010010111111101100100111111111101010001
111111101111111011111110110000100000000010001001111111001011011100000000000000011111110100011000
000000100110001011111111010110011111111000001011111111101100111111111110000011111111111001100000
000000001000001011111101001111110000000000001110000000001001100011111111100100111111111000000010
111111101110100100000010110010001111111110011001111111100001000111111110010110011111111100110010
000000010011110011111111100010000000000111111111000000001111000111111111011110110000000110111011
111111101011110000000001000010110000000111101011000000100000101100000001001101101111111111001110
111111110101000100000001101110001111110111100100000000001111010011111111010011110000000010100100
111111111100110111111110010000000000000000100000000000010010000000000001011100110000001010010100
111111111111011000000010110011111111111010010100111111001000011111111110000110101111111010100111
000000011010111100000000001111001111111101011111000000101110001011111110100010101111111111010101
000000011110100111111101110101000000000001010110111111011010011011111111011001111111111000111000
000000000111110111111101101110001111111101001100000000011000000000000000010000100000001011110001
111111001011101000000001100111001111111010010000111111010111110111111101010000101111110111100111
000000010011010000000000000001100000000011101001000000100101011111111110100100111111111000101000
111111111011010011111101011001000000000111101001111111110001111111111111000010001111110111100101
000000011001100000000000010101001111111000010111111111101000010111111110001000010000001001001000
111111100101111100000010011110111111111110111011111111110010010111111110001011100000000000000110
000000000111001000000000011110110000000001011110000000100110000111111111000100101111111001000111
111111111100111111111101111010010000000010011000000000010111001011111111100011111111110011011000
000000011011111111111111000100101111111011000011111111101110110011111111010111110000001100001010
111111100000001000000001010101101111111110001010111111000010001111111111000110111111111011001101
000000101100111111111111101110011111111110011011111111111000101111111101101001011111111000110101
111111111110010011111101011011001111111110000001000000000101101011111111101110101111111000011001
000000010001101000000010110010001111111010010010111111001100000011111110001001000000000000111100
111111111101101111111110110101111111111001001110111111100010010111111111100100101111110100011000
111111100100001111111111010111100000000110101001111111110110010111111111001100101111111000011011
000000110011001111111101011111111111111011000101111111111001000011111110010100011111110001011110
000000011001000100000000000111110000000101010101000000011110100111111101000001010000000110001001
000000000001101111111111011011011111111110000001111111010111111100000000010000101111111010111000
000000011000011011111110010011001111111101110100111111110001110011111101011111011111111100111001
000000011001010011111100100011101111111111011100111111101010011111111111110000001111110111011111
111111111110101100000001111001101111111101000010111111101101000011111111001101010000000011100100
000000000001111100000000111010001111111101011011111111010111001011111111101110101111110100000000
000000101001000011111110000011001111111001001100000000010110101111111110011111011111110110110001
000000000001110111111100111100001111111100101011111111101010110011111111111010111111110110101111
111111011110111011111111011111011111111110011011111111101101110011111110001101110000000100001011
000000011110111111111110111010110000000110101001000000011001101011111111000100000000001000000110
111111100101100100000001101010100000001000101110000000011011011100000001011010001111111010000111
000000001110111000000000101110011111111000001111000000001110110011111110111111010000000101101101
000000000000000111111111001011111111111111111111000000001110100100000001010110010000001010001110
111111101101011000000000000111010000000110111100000000000000111011111110011001110000001010010010
111111101110110000000001110101100000001010100111000001000101001111111111000100011111111100001011
111111101011101011111111110100001111111111000000000000110010000011111101110001101111111010110000
000000011011101111111111100111011111111101100010111111110111100111111111110001000000001101011100
000000000001000111111110101010000000000111010110000000000110101000000001110011000000000110000111
111111100110000000000001011010010000000100001010000000001111101100000010110111111111111101000011
111111011110001000000001111101001111111000011000000000101000101100000000101001000000000110110011
000000001101000011111111010111110000000110101100000000010010101111111110111111000000000100111111
000000000110001011111110010101100000000010011011000000011001111000000001000110011111111010011110
111111011101010100000001000011110000000000110111000000010110000000000010001111101111110101100001
111111100110000100000001111110111111111100111111000000011100110100000000110100100000001000000111
111111101001101100000000100011000000000100101100000000000110110011111111011111011111111101100011
000000010100101011111101011010110000000101100001111111100000100000000001110101001111111010010011
000000011100000011111110010000001111111000000001111111010011001111111101011101011111111101101010
000000000110100111111111010010111111111011110111111111100001001100000001100000011111111110011001
111111011010100000000010001000011111111110111000111111011011111111111111011001001111110111011100
111111111011100111111110001000110000000011011000000000011110101000000000101011011111110101110000
111111110010001100000000110110100000000100001011000000010111101000000001010011111111110100101110
111111110110011100000001010011001111111101011110000000011111110000000000111110000000000111101000
111111011111000000000000101111010000000110011000000000010111101011111111111111100000000000001110
000000000110010111111111001000110000000110010000000000101000100100000010010010011111111010010100
111111011010110000000010001011010000000000010101111111110110110000000011001011101111111000010000
111111011100100100000001011001001111111111111101000000100000001100000000111000110000000011100110
111111111101000100000001011011110000001011010000000000001100100111111101001000111111111100100000
111111111100011011111111001101110000000010100011111111011101000011111111110110111111111010100001
000000100011101011111110111011011111110111101011000000010100111011111101111100001111111000100110
000000001010111011111101010010100000000000000001111111101010100011111111101110100000000001100011
111111011110110100000001000010111111111101111111000000001001101100000000001101001111111010111011
111111110011010011111110110001000000000100111111000000001101111100000010100000101111111011100111
111111100010110000000001100101010000000001011001111111100000110100000000000111001111111001111000
111111101001010000000000110101101111111101100010000000100011110100000000110111110000001000010010
111111011100111100000001101111100000000101011101111111100111101111111110110010011111110110000100
000000001001100011111110100110110000000100010111000000011011100100000000000101110000000011001111
111111011001101100000000111010110000000111111101000000100011001100000010000100111111111010111011
111111111000001000000001010011101111110110001100000000101001001011111101111111010000001010000000
111111110111011111111110100111100000000001010001000000001111010111111111110000000000001010000000
000000100000000111111110110000010000000100111000000000011100100111111110110010000000001000101001
111111100001111100000001011010000000001000110100000000100101000000000000111001001111111100100001
000000001100010100000000001101001111110111011001000000011010110111111101011101110000000100000000
111111101010101111111110100110110000000100000110000000010010010000000010010101000000001000010010
111111010100001100000001010100011111111111111000111111101111110111111110101110101111111011010111
111111111011111000000001010010100000000101011000000000000011001111111111100111011111111010101000
000000000011111111111101110110010000000001010011000000010101101111111111110010101111111100100100
000000011110010100000000101011001111111011110011111111100111110111111101010110010000000011000100
000000101000010011111101110001100000000111110100000000011001111100000000000101000000001010001001
111111011110010000000010000001110000001010101100000000110000101100000001000011111111111011101000
000000000001101000000001001100101111110110110010000000011110000011111101100001100000000111100011
111111110100001011111110010011010000000001100100000000011011100100000011001110010000001100100111
000000000100101111111110111111110000001000001000000000001110110011111111100011001111111110011111
000000010010100000000000111101110000000010110101000000011110110000000001010100111111111111101001
111111011000010000000000110110101111111000010101000000001111011111111110011000111111111110000000
111111101110110011111111000011011111111101000111000000011100001000000000111000101111111111100001
000000100001111011111110110100110000000010010000000000011000101011111111010001100000000101000100
111111101110110100000001111010000000001011011000000000010110111000000001000000111111111100010011
111111111110110000000000110001001111111000001011000000010100011011111110000011100000000111010000
111111110010110011111111001000100000000001111111000000010011100100000010011101000000000111010010
000000001110010011111110010000000000000110101100000000101000000100000000111010000000000000110111
111111100000001000000001000100100000000110010011000000011011010000000001111001001111111011000011
111111110110100000000000110011111111110111001000000000101000011111111110111101100000001000111011
000000000001100111111110110110000000000001100111000000010011100100000000110000010000001010011110
111111011101110111111111110000101111111101010110111111001001000000000000000000101111111000111000
000000010011001011111110110111111111111011110011111111101011101011111100110000001111111001011110
000000010011000011111101010000100000000011010000000000000001111000000000010010111111111001000000
000000010011000100000001110011001111111100000101111111011000110111111101001101010000000000100001
111111111000111111111111011011101111111101111101111111110000111111111110100110011111111011110111
111111100001101100000000011001110000000101000100000000000101000100000001000001101111111010010111
000000000100111011111111011011101111111100100111000000011110000011111111000101111111111000010111
000000000010000111111111010011010000000001100010000000001111011111111110101101010000000111100011
111111111010010111111110000000000000000101111110000000011101110000000010010000010000000100000011
111111011101000100000000110101000000000001000000111111011101100100000000101001001111111110110011
111111110000011100000001001110011111110011110001000000011101100100000001000001010000001000110010
111111101010111000000000010100000000000100101001111111100000100000000000010000001111111101010111
111111111001000011111110111000010000000101100101000000000010000000000001101101001111110011110111
000000000010111000000000011011011111111101001000111111111010000100000001010110111111110110101100
111111010001111000000000000000001111111011101001000000010011110100000000100011000000000100001000
111111101001011100000010011011010000000100010101000000001000010111111110111010111111110111100111
000000010010000011111111101010010000000000010011000000000010011111111110101100111111111101100010
111111110010100100000001010110010000000001001011000000100000101100000000100100101111110111100111
000000001100110011111110000101001111110110100111000000000011101111111110101110010000000010000011
111111100011010111111111110010011111111100000111000000100010011000000001100101100000000111101111
111111100101111000000000111011101111110110101110111111111000101000000000000010010000000000011001
000000001101000011111101111001011111111101001000111111100011111011111110001111010000000010010001
000000011100001111111110010100010000000001101010111111101100000011111111101000111111110111011101
000000001100111000000001000100011111111010011001111111111001010111111111001011010000000011101101
000000010111011111111110101010110000000000100010000000001111110100000001100000010000000110110011
111111111010010100000000010010100000000000110001111111100001101111111111001000111111111111001110
111111110111010100000000010100011111111011110011000000011010111100000000000010010000000000111111
000000001000010100000000001010110000000000111010111111101100100111111110110010010000000100001001
000000100101110111111101010011000000000001001110000000001111001111111111110001001111111011110000
111111100010111100000000100101000000000011000001000000100111010000000010001110111111110011100011
000000000001100000000000000101101111111000111100000000100111100011111111001110000000000001101111
111111101100101011111111100011110000000001101000000000101100110000000001101001110000001010101000
111111100011100000000001011100111111111100001110111111010100010011111101101101011111111001110100
000000110001000111111111110101110000000000110001111111110111001111111110000011001111111101111111
000000000001001011111101011111010000001000001111111111010000100011111111101000101111110111110111
111111101000101100000001100000101111111101111000111111101111110111111110100000111111111110011110
111111101001011000000000001010000000000000111011111111100110010011111111111000101111111101101100
111111100101010111111111011101000000000011001000111111110100010111111110100011111111111001010011
111111100111001111111101110101011111111111111110000000100111101111111111101111001111110110111001
000000100011010000000001110100101111111011010011111111011110011111111100110011000000000100001101
111111111101000011111111000001010000000101101000111111100001110000000001110001010000000010101100
000000101011100111111101111011001111111110011100111111010100000011111110011010000000000010111110
000000000010010011111110110111000000000011011101111111111000010000000000100000011111111001110100
111111110110100100000010011011101111111010100111111111010101111111111111110000111111111010110101
000000100101100011111111000000110000001010111110000000100110000011111111110001100000001001100010
111111101010100100000010101001000000001100000100000000101011011100000001010011101111111101001010
111111111110010000000001100001101111111001101001000000010001111011111101101011100000001001010100
000000000010100111111110000010110000000000111010000000010100001000000001110011100000001010111001
111111010001001011111111111110100000000111100110111111101110001011111111101110111111110110111010
000000001100100000000001101101001111111110000000000000001011011011111101010100101111111001000110
111111111101100011111101010100011111111000111000000000011000011111111111001111101111111111000100
111111011110100000000000111011101111111100100101111111110001000000000000110001100000000101010000
000000011000100111111101010111110000001000111001000000001100110000000000100010100000000010011110
111111101100100000000001010001010000001001100011000000010110100100000000001111101111111000000100
000000001111001011111110010011111111111100100000000000100011110011111101110010000000000110111000
111111100010010011111111111011011111111111000111111111111111010000000010010111000000000010000001
111111011010111100000000111001001111111000001111111111111110110111111111001010001111111110010000
111111100011110011111111100000100000001011001110111111111111011111111101001111001111111110111010
000000011011111111111110010011010000000011011010000000010100110111111111101001111111110101011010
000000110001100000000000010110111111111011001100111111110011001011111110010100100000000100101001
000000110010001011111110001000100000000000101001111111011100101111111111010000011111110110000111
111111101011101100000001000001100000000001010100000000101010111000000000111111001111110100111110
111111110010111111111111101011101111110101101111000000011000010011111110010111001111111110010111
111111001111001000000001000100101111111100110101000000101010001111111111111110000000000100111001
000000010010000011111110100000000000000101110101000000011100010100000010001001111111111011111011
111111101101011000000010000111001111111100010000111111101010001111111111110001111111111010000010
111111101100100000000000100010111111111101111111000000011101000111111111100001100000000011100000
111111110101001100000001011001110000000100001100111111110101100111111110010110001111111100101101
000000010010010111111101101010100000000000111110111111100000100000000001101010011111111100011110
000000010110110011111110010111011111111011001010111111001011011011111100101111111111111101100000
000000100011000011111101000000011111111110011001111111101111011011111111010100011111111110001101
111111100110110100000010010010001111111010101001111111010110010000000000011101101111111010000001
111111110101110100000000000000001111111110101110111111101100001100000000010100101111110111100010
000000000001101111111111100110011111111100111011000000100011110100000000001111011111111001101000
111111110111101011111111001000111111111110010001000000010001011111111111111111101111111110111110
111111101111011100000001111100100000000010010101111111111000010011111110001101010000000001101110
000000001100000111111111101000110000000000111011000000010101000111111110011111001111111001010001
111111010101110100000000001000010000001001101101000000101010011100000001011101101111110110110111
000000001110011111111110111101001111110111110101000000011010000011111101110101101111111110001001
111111011001101011111110100000010000000000110101000000111010001000000000101100100000001100011110
000000010000111011111110011100000000000100111100000000001001110111111111000011011111111100110010
111111100110100000000001101110000000001000101011000000011111111000000001101100011111110111000111
000000000011101111111110101011011111111101000001000000100011001011111110010100010000000011001010
111111101000000011111110111100110000000000110101000000100000110100000000101000010000000100101011
111111111010011000000000011111101111111101100010111111101101111011111111110110011111111001111101
000000000111110011111111100101101111111101111111111111110100011111111101111111111111111011101010
111111111100010011111101111111101111111111011001111111111010100111111111101000101111110111001100
000000001100111000000001010100101111111101100111111111110001101111111101111100010000000000010110
000000000110101011111110110010110000001001010000000000100111000000000001100011000000000011010000
111111111100000100000001000001110000000000001001111111111100100000000001001111000000000011010010
111111010001101100000011000000111111111010011001000000011011000000000010000110000000000111001000
111111100111101011111110110110100000000001110000000000000110000100000000011000110000000001011010
000000010001100011111101001100010000000111000001111111010101100100000010010010101111111000010001
000000101101001011111110100010101111110111100001111111101011001111111101111111011111111001000001
000000000001101011111111100010111111111010100001111111100101001100000000110111111111111001101000
111111001000100000000001110010100000000001110101111111011110111111111111111110111111110101111110
111111100000111011111111111010101111111011001101111111011001101111111110101111011111111001110100
000000000011001000000000011001101111111111111000000000000110000111111101000001101111111010011001
111111111001111011111101010111010000000001100110111111111011010011111111001001101111110101011110
000000011101100100000010111111101111111011101111111111101100101111111101000100111111111111101011
000000010000010011111110110111010000000011000011111111101011000100000001000101101111110111100100
000000100000001011111110110000111111110111011000111111101000111011111110010100101111111001110000
111111111100111011111111001001001111111010011000111111110100010000000001000000111111111100010111
111111011101111000000010010010011111111111111001111111100101111011111111000011111111111100111001
111111110001001111111111100010011111111110111111111111011100000011111111111100001111110111011111
000000011010101111111111110001101111111100010101000000000111010011111110001011111111110100011000
000000001000010111111101111000101111111101110011000000010001111111111111110100111111111111010000
111111100011110100000001100100011111111011110000111111110000111011111110100110010000000011011011
111111101010011000000001000101011111111000010111111111010001111011111101011100111111111010010000
000000001101010011111110011001111111111100111100000000011100010111111110100110101111111100100100
000000010111011111111101110000010000000110001111111111001110110111111111001111001111110101111110
000000000000011111111110110110010000000000011100000000010100011111111110101001010000000101110110
111111101110111100000001110100011111111100001101111111011111011111111110011101101111111000101100
000000001001011011111110111101111111111101100010111111111111001011111111010000001111111110001101
000000000111110111111101011011010000000010111001111111110100010111111111100000001111111010111100
000000000111000100000000111111001111111000001010111111111111010111111110011100100000000110010010
111111101011001111111110111111010000000110100100111111110111100100000000011111011111110100111110
111111111011000100000001000001001111111101001100111111010001100011111111100100111111110101110011
000000010001100111111101111000011111110111110100000000011000100111111111110110111111111111000111
111111100111001100000010100001100000000111101111000000000001110011111101100101111111111011000110
000000010110100011111110010010110000000110110000000000100011011111111111111111001111111100001001
111111100001010000000010000001110000000100011011000000010010100100000001111001101111111010100000
111111100000001100000010001000001111110111101001000000011111101011111111111111100000000110100110
111111110000010011111111101001100000000100100010000000010010010111111110110111110000000101100001
000000000000000111111111001001000000000110010100000000011001000000000001010101110000000101000001
111111110100000000000001000010110000000000001011000000000001000100000001100110100000000100100110
111111100100101000000001101000001111111001110111000000010001000100000001001101000000000110000101
000000001010001100000000111100000000000010110011111111111011001111111111100111110000000010011111
111111101011100000000000000001000000000001111100111111101010111011111111010110001111111011101111
000000101010001011111111000110101111111111010011000000000010101011111101101011101111111010001000
111111111100101011111110000110111111111110110001000000000111010011111111011011011111111100110000
111111111001101000000001101100011111111101110111111111101000011111111110110110010000000000000010
000000000001010000000000010110011111110110101101111111101110101111111111111101111111111000101101
111111101011101100000001010110010000000101000111000000010001100111111101111001101111111011110001
000000100111101111111101100101000000000100100110111111011101000011111101101110011111110101111110
000000010110111111111110110011000000000011111001000000010011100011111110100110010000000110110111
111111111001001000000000100001011111111010010010000000001000011011111110101001011111111110011010
111111101011000111111111101110010000001000111100000000010000101011111110011110100000000000000100
000000100000000111111110001001101111111111110001000000001101010011111111000010001111110101100101
000000011100000100000001011000100000000100000000000000001110000011111111010011100000000111101100
000000000001101011111110001011110000000110110100111111101101001000000001000010111111111101110001
000000101000100111111111011110111111111001100010111111101111000011111110100001011111111011111010
000000000011101011111111010101101111111011100010111111111011001100000000111000111111111101000011
111111100100001000000001010111001111111000011111111111101111011011111110101011101111111110110011
000000001001001111111111001100110000000010011001000000001010101111111110000110111111111011010111
111111101100000000000001111100010000000011110011000000100000111100000001111100011111110101010110
000000010001001100000000110001011111110111101010000000011111100111111110010000010000000001111111
111111011110011100000000000000000000000011101001000000100011000100000000100011000000000110101011
000000011001111011111111101001100000000000111000000000101001010011111110111101100000000010010111
111111100101010100000010001100100000000111010110000000100001010000000010100000001111111000000011
000000001011000100000000010101101111111010001110000000010101111011111101010001000000000100011000
111111111001111011111110100001111111111111101001000000100010110000000000100111000000001001010111
111111110001000100000000111110000000000000010110111111110100010111111101111011001111110111011110
111111011111000000000001010111100000000001011111000000100100100000000001110000001111110101101110
111111110110010111111111000100011111111100001011000000100111001111111101101100011111111101111000
000000001101000111111111110110101111111110110011000000000111010111111111101100110000001011110101
111111110101110011111110010010001111111110000101111111011010110000000000111011101111111111101010
000000010011101111111111101101011111111111111110111111011001000111111101011011001111111101100101
000000000000010011111101111101110000000010010111000000001111101100000000010100101111111011100100
000000001000001000000001111100111111111000001011111111010111110111111101011111101111111101000000
000000000101001111111111001110110000000101000000000000000101010000000001011101100000000000110001
111111110001001000000001001100101111111001111101111111101101101011111110101000101111111011110100
111111010000101100000001100010111111111111010011000000010110110111111111111111110000000110100110
000000000010001000000010011111110000000100011101111111010110011011111101111101101111111011000100
000000000101111111111101110110110000001101010000000000010101111000000010101111110000001000100101
111111100010101100000010101010110000000111110001000000000001011111111111010111100000000000111101
111111110110100000000001001010111111110110101110000000011010011111111111110110110000000001010101
111111111000110111111111010110011111111111111100111111100010000011111111111100100000000110100110
000000100111110011111110111111110000000110010111000000010011111011111111100100110000000111001100
111111011111000100000010011001100000001010101110000000101100111000000010110011110000000011011100
111111110101110000000001100110101111111011111001000000100010001111111110101011110000000011011111
000000010001000011111110101100000000000010100011000000010101000100000001110100110000000111100010
111111110100110111111110111000100000000111000111111111111101010100000010101111111111111001101001
000000100101001100000000110001111111111000010011111111101001111111111110011111011111111010110100
111111111110001111111110101011011111111110001101000000000111011000000001010111010000000101100001
111111000011011000000001011010110000000010111000111111110110100000000000111110011111111100001001
111111111100011111111111100110111111111101111000111111110011100111111110110100011111110110000110
111111011110000000000000110110100000000000101101000000011010100100000000010100101111111010101111
111111110011111000000000001101001111111101010101000000010101101111111110111011111111111110000000
000000010101101100000000110001110000001001101001000000010001110011111101111110100000000101111111
111111010010101000000000000101001111111111011011111111101110001011111111000111001111110111010100
000000100010001111111111101111001111111001000100000000000010101011111111011100001111111000000100
111111110100101011111101101011111111111111101000000000000111100011111111110101111111111001001111
111111110111011000000001011111011111111111100101111111101001110011111101110101111111111011010110
000000100100100111111110101110011111111110100011000000000000001000000000001000101111111100100110
111111101011100100000000011110010000000111110111000000011001010000000001000011101111111000001011
000000000101011000000000100010101111111100101010000000010010010011111110100110110000000001100001
000000001000101011111111010001000000000100111011000000010100110100000000000010010000000110100011
000000001110111111111110100000010000000000111100111111101001101000000001110000011111111010010100
000000011010101111111101101101111111111010011001111111100010001011111110000100011111110111001010
111111111001101111111110110100011111111011110100111111111010000100000000011100111111111011000111
111111101001011100000010010101101111111101001001111111011011110111111111000111011111111101100001
111111110011111100000000101110001111111100111011111111100110100111111110101000101111110110110100
000000010001100111111110000011011111111101010110111111111001100111111110011110100000000000001010
000000000010111011111110101110001111111110111011111111110100010011111110100110111111110110010101
000000001011011100000001001000011111111101110010000000001110000111111110111001010000000011111101
000000011000011011111111010100101111111101110001000000010001000111111111100001001111111111001110
111111011110000100000000111111100000001000010101000000010100010000000001010001001111111101100100
000000010101001100000000000101111111111011100001000000010101010111111101101011101111111110010000
000000001111001111111111100100000000000010011111000000100100010000000000010100000000001011001010
111111010001101100000000001010011111111101100111111111001101011000000000001011001111111000010110
000000010001111111111111001010001111110111010010111111110101011111111110100111011111110110011011
000000000110100011111100111010001111111011101001111111111111010000000000100001101111111010000101
111111101010000000000001110101011111111110100010111111111101011111111101110111101111111111101100
111111001101000000000000001111010000000100001001111111100100101100000000010001001111110111110111
000000110001010000000000001010001111111010011001111111101011011111111101100000101111111001011111
111111111110000011111101101100110000000010111101000000000000111111111111010110011111111100111001
111111110000001000000001101110110000000010101111111111011000101011111111000010001111111101100001
111111111010010100000010001011001111111110111101111111111101110011111110001101001111110111010111
111111011001100100000001011001110000001001011000000000110010100100000010000001011111110101001010
111111101101001111111110011101110000000100010010000000010101101011111111110010010000000011100110
111111101110100000000001000000110000000010001110000000010011111011111110010110110000000101001101
000000010110011011111110111100010000000110111001000000010101111111111111110000010000000000000001
111111011111011100000000001111110000001010110011000000100000110100000001001000111111110111000001
000000010101111011111111010011011111111000110010000000001010110111111101100000110000000001100110
111111111010011011111111011101000000000000001101000000010010100000000010001000000000001011101000
111111101000000011111111110110111111111001000100111111011001100100000000001100001111111001110001
000000001000111111111101111001110000000001001111000000000110110111111101010110011111111111000011
000000100010000111111101110100010000000100000111111111100101000111111111011011001111110011101011
111111111110111000000000011100100000000010110101111111110111000111111101101101000000000100101101
111111100101111000000001100110100000000000101000111111011111110011111111111101001111111100010101
000000011111011111111111111011100000000001010011111111110110001111111101010001001111111011011100
111111110111110011111101011111010000000011100001000000001001001100000000011010001111111001011100
000000001010011000000001101010001111111110010011111111011101111011111101000000110000000011000010
000000011111110111111101110001100000000110000001000000100001100100000001001011010000001000000011
111111101111100000000010001011110000001000001101111111110111100111111111100011111111111101101111
111111111100101000000000001011001111111001100101000000010110100111111111100111010000000111100000
111111100000100000000000000000100000000001010111111111110011100100000010010101100000000111000110
000000000101001111111111000100010000000001111000000000100000011000000000100110000000000110001011
111111011001001000000001010001010000001001010110000000011001110100000000110111011111111110000001
111111110101001000000001001011011111111000110011000000011100100011111111000000101111111011111101
000000001110111011111111101010100000000011111000000000001001111011111111100101010000001011101110
111111111010000011111111110010110000000101101100111111011101001000000000011010010000000011100001
111111111100110011111111111110101111111110010010000000000110010111111110111110000000000000010101
111111110111111011111101100011011111111010110000000000011110111111111111011110011111111100110011
000000001110101000000001000100001111111100101111111111101000001011111110001101010000000001111000
111111011001111100000000100001110000000001000011111111011110011111111111100110100000000000110000
000000100111111111111110011011111111111111000011111111101110000011111101001110100000000001100100
000000001110011111111101011010010000000101100001111111101100001111111111101110101111111000011001
111111111110000000000001010110101111111100110100111111100101000100000000010100001111111110101010
000000011111110111111111000010110000000100010011000000100000000011111110100010111111111111101100
111111101000100000000010000110010000000100110000000000101100111000000001100011101111111010101010
111111111000011000000000000111001111111011011000000000011011110011111101111100100000000110001010
111111111010010011111111110110111111111111010100000000010011100100000000100111010000001000110010
111111111111110000000000011110000000000100000101000000001101100000000000001010111111111010101111
111111100011100100000001001011100000000010100110000000010100011000000001101001001111110111010100
111111101111100011111111100101101111111101001000000000010001110100000000000100011111111110110110
000000000011110100000001001110000000000110010000000000001110010111111101111001100000001001001110
111111011110111100000001000010101111111000110001111111011000011111111110100011000000000000001010
000000000010011011111111101011100000000001110100000000001011000011111110001000001111111100100101
000000010000011111111101011000010000000011000010111111111011101000000000000100101111110111010001
000000010110011100000000000011101111111100101001111111101100100111111101111101110000000011010110
111111111100011111111110001110110000001000110010000000010110101000000010000011110000000100111101
111111101110010100000001001011000000000100011111111111110010110100000000000001101111111010100011
000000011000011011111111001011111111111011110001000000100011000111111110111010110000000101001111
111111111111011000000000001011110000000001010001111111101000111000000000010000000000000000100100
000000011001110011111111001110010000000100010111000000001011001100000000000001101111111010011101
111111011001001100000010001010110000000110001111000000010011100100000010001011101111110010000010
111111111110111011111111111111101111111101101011000000011001000011111111010011010000000001110000
111111111000000000000000010111010000000111111110000000100001011011111110110101110000000011110101
111111011001001100000001011001011111111100111110111111010101110111111110110001101111111010010000
000000100001101111111111001111001111111100001110000000001110001011111110001011001111110111111010
111111111010010111111101110100100000000001110010111111111111110111111110110011011111110111110010
000000000111001000000001111001101111110110011101111111100101100011111101100011110000000011110000
000000011001010111111110001000100000000111011011000000011000110111111111010000001111111101010011
111111101011111000000001010000010000000101000010000000100010101000000001101101001111110010100100
000000010111101011111110111111011111111010110000000000010110010111111101111100110000000011110111
111111100001011011111111101110000000000001001011000000011111101100000010100011000000000110110110
111111100000101000000000111011011111111110110001111111110001111111111111001110101111111001100100
111111110110100000000001100101000000000001000101000000100011011011111111001011111111111010111110
111111111110000011111110101101101111111101010000000000011101010011111111100010111111110111011101
000000100001101100000001011001111111111011110100111111111101010011111110011011010000000110111001
111111011111010011111110100001111111111001001111111111101000010011111111110101000000000000110010
000000001100100011111111011011001111111111111100111111111001011111111101010110011111111111110010
000000010010110111111110101011111111111101000001000000101010111111111110110011011111111000000010
000000101010000000000001110010011111111000101100111111101111101111111101011011100000000001111011
111111111001000000000001001101001111111001110111111111011110010111111111101111011111111101001111
000000000001110111111111100101000000000011011011111111111011001111111101011010001111111110110010
000000011011100111111101010001010000000101101011000000001100010011111101010101001111110010001010
000000100001010000000000110110100000000000101101111111110100101111111111000110000000001010011100
111111110101110100000000100010001111111111111010111111011100000111111111101110011111111001011110
000000010111100111111110101010101111111100111100111111101100111011111110000011101111111000101110
000000000000000111111110000000110000000100110101000000000011110000000000010100111111111001100100
000000000010100100000001101110001111111000111110111111101000011011111101110001110000000001100011
111111101111000111111111100001011111111110011101111111100001001011111111101001011111111100000110
000000001000111011111111001010011111111011101100111111110010000111111110011111111111111000111001
000000001001000111111101111100010000000011010001000000010010010000000000101010101111110111100001
111111110101001000000001101110011111111101101000111111100100011111111110000010110000000000110011
111111100110010111111111000111101111111111110000111111101010000100000000011100110000000010100101
000000010011111111111101010100111111111110111110111111100101001011111101011000110000000000101101
000000001100010111111110110010000000000001001011000000000010001000000000011001011111111010110101
000000001000000011111111111000000000000001100000111111101110110011111111001110001111111101101000
111111101000100100000000011111110000000001011001000000001011101100000000010110000000000010000010
111111100111001100000000010010000000000101111101000000000000101011111111110000000000000000101001
111111100111011000000000110111101111111111111100000000010011110111111111010110011111111100010101
000000010010001011111111011011000000000110110100000000000010010111111101101100110000000000010110
111111110111100011111110110100101111111001111010111111111111101000000000000100001111111011010101
111111011110010111111111000010110000000111011011111111110001001011111111110011011111111101010001
000000010000100011111101111011110000000010011010000000000010110011111110100100011111111010000000
000000011101010000000001000011100000000110110111000000001111110011111101110010000000000011001100
111111111101011011111111011011000000001000111100000000010011001100000010010110000000000001111001
111111110100011100000001011101111111111110110100111111100100111100000000110011100000000001010000
111111110010000100000001111101101111111100001110000000100010000000000001011101100000000111110101
111111111011011100000000110100110000000110001001111111110000011011111110011001111111111101111010
111111110100100100000000110000010000000010010101000000011101001011111111101110100000000110011010
111111101110011000000001010101110000000101100000000000010111111100000001001000110000000000001010
111111111111100100000000000010011111111110001101000000011000110111111111001100100000000100001010
000000000011001011111110111000010000000100110111000000010100000111111110110111010000000110101110
000000011101111111111111001001000000000111010010000000011100001100000000110101010000000100100110
111111110110101100000001001010010000000111001100000000011101101000000001000001001111111101111011
111111111100001000000000010110011111111001110100000000011000111111111110010011110000000100010010
111111111001010011111111111011100000000000100110000000001101001000000010110100010000001011000001
111111101111110000000000000110111111111110010001111111010010000111111111101000011111111001010111
000000001110111011111111110110101111111111001100111111100101110111111101101110011111111001011011
000000001010000011111110001110110000000000111110000000011010001000000000010110111111111010110011
111111111001110000000001110111101111111011100011111111100011101111111100111111110000000000001111
111111111011000111111111101100010000000111011100000000011001001100000010010111010000000001101101
111111101100011000000001001110011111111101011000111111101000110000000000110101110000000000000011
111111101100100100000000111011001111111010000101000000010000010100000000001111100000000110101001
000000000110011100000001010100010000000011000101111111100110000111111110100100100000000001110111
111111101010111111111111110111001111111000000101111111100111110011111110001100111111111001111100
111111111110111011111111010100010000000000100011000000000111101011111110101111100000000010011100
000000010111010111111110100101110000000010100101111111100100101111111111100011111111110010110111
000000001101010111111111011011000000000000010001000000001111110011111110111110010000001100000001
111111101000101000000000101100000000000000010001111111011110000011111110000110001111111011010110
000000010111111111111110000100111111111100110100111111111111111011111110100000111111111001111011
111111110111000111111101010101000000000101100110111111101011011111111111011010011111111001010000
111111111001010100000001011111011111111000111011111111011100011000000000011000111111111011010111
000000000101001111111101110011010000001010100100000000001001001100000010000011011111111100011001
111111110001001100000000101011101111111010101011111111111001011100000001101110110000000010101000
111111100001100100000010100000101111111001111101000000011001000100000010010000100000000011111001
111111110101000000000000111111000000000101100100111111101010111011111101010001001111111111100001
111111111110101011111111001010100000000001011011111111100100100100000000001011011111111011110111
000000011011100011111111001110101111111001000011000000000000101011111110111011011111111101001010
000000000101001011111110000101100000000001001000111111111011000011111111011110111111111110000111
111111101101000000000001011110011111111110100100111111100100001111111111101011111111111110001101
111111011001101000000000111101101111111000101100111111101011101011111110110000111111111111000000
111111111010001011111110111000010000001000111101000000000000110111111101100001100000000000000010
000000001110100111111101101011010000000100011101111111111010010011111111001110001111111000001101
000000010111011100000001001111011111111101010100111111100110010111111110111000110000000110010110
111111101111100000000001111011001111110111011100111111101111000111111110100110111111111110011100
111111110001111100000000101010000000000101111000000000001001011011111110111111010000000000010001
000000011000111011111110001010000000001011111110000000001100110011111110111010111111110111100010
000000100100011100000000010000111111111001111000111111111011110111111110101001010000000101011001
000000001100001000000000101011010000000100111001000000000111110011111110101100001111111011110010
111111010111100100000001010000000000000110110101000000100101011000000010000011101111110111001001
111111100100001100000010110001111111111111010100000000010100101111111111101000100000000101001110
000000011000011000000000010100000000000100111101000000011010101111111111001000110000000001101011
000000010011010111111111011001111111111111101011111111011100111100000001100101110000000010001111
000000010011000111111110001101001111111010010010111111101100100011111101110111011111111110001110
000000000000000011111111000011011111111110111010111111111011101100000001101100001111111101110101
111111110110000000000001011001111111111100100010111111011110110011111111100010011111111000110011
