111001101100110111000010000101100101111000100101101000001000010101001011111001111000000000000111111000010010
000000000000000000000000000000000000000001100110101111000110100010001110111101001010110000000100111010111010
111011011010000001111000100010001010000110011101011100111111010000000011000110110111000110000011010111000010
000000000000000000000000000000000000111101010011011000111111110000010111000101101000110100001000010011011110
000110100000011001000000000001111001000001101111100111111000111100110010000110100100111100000001010111111101
000000000000000000000000000000000000000101001110011001000111101000010101000101011001001101000011101010111111
111100110000100100111111011110101000000001011001010010000001000011010001000111001101001000111011000001001111
000000000000000000000000000000000000000111010011010100111001100010000010111111010000010010000011010110011100
000010010100001111000100101110000101111101111110000110111001000101101010111101110010010110111110101001100011
000000000000000000000000000000000000000010010000001000001000000100010010000111110101001011111011101010100001
000011000111010001000110101000001110000010000011010110000111110010101110111110001110111011111101100110001111
000000000000000000000000000000000000111001011111010101000111000101100111111110000010111100000100100111000000
000010001011010100000110100111101001000011000000001110000110110000101110111110011001011000000001011100010010
000000000000000000000000000000000000000101110001100111111001000111011110111101011100001011000111110011010000
111110110100001010111011010100100111000111011000010011111100110010000011110111101010111100000101000010110101
000000000000000000000000000000000000000001010100100000000011100101010001000101110011101010000101010011011100
000111101011001010111010100010110111111101101101011111111100010110010100111001010111010001110111101111011110
000000000000000000000000000000000000111101001101100001001000001010100100111001101110110000111010111110111110
111100110111100111000010010010001101111111110011110101000001110101010000000010111101010001111011110000000000
000000000000000000000000000000000000000111010100101010000100100110000101000000000111110011111000010100000100
000010110111110001000010011100101001111010100011101110111010110101010101111111110001111001000000101100000010
000000000000000000000000000000000000000010110101010010000111100110101100110111110110000010111010001011001100
111111101101011110111000110011110100000000100111111011111101011001100100000010100001110100111111110100100000
000000000000000000000000000000000000000011010001101001110111101111110110111000001000001000111110101000010101
