000000110110000101000010101010011110111110001111100000000110100001000001111111010111100101000000100001001111
111111000110000101111111001000101010000000010110010110000110010100000001000101111010110110111001101010111110
000100101100011101111111110111011010000011000011000110000101010101111110000001100000010101111111111000110111
111110011001011011000001001000100110000010001010000011111111110001111011111011000001110100111001100100110011
000001110000111000000101100100010100000100110111000000111001111011001001111011010010010110111001111000111000
000110011110010000000011011010011101111011001011011101111100000110111101111100110101100010111101110010110101
111110000101010111111101001100011111111010100001111010111010010011100011000011010001010011111111010010000101
111110000101110000111010110100110100000011101100100001111001110000110001000101111110001010000010110110000010
000000111000001010000001111100010000000010100011001011111100100111111011000101010010000101111110001000110111
000000011011111111000001110011000000000010110110000010000001100010010100000100101001110110111101110000000010
111100010010000101111010011001101010111100010101111111000101001110010110000000011000111100000100010010111000
000110100100100110111001011010111000000001100101101101000000111111110010000000110011010101111100010101001100
111001110000010111000101000010011001111101101010111001000010111010001010111010110001101010111101100101110000
111100101110111011000101000111100110000010001110010110000101001011010100000100111111010100000011101100111001
111011110010011100000100000000000101000011000111010011111010110010101010000010011101001011000011101111010100
111011000000010110000001001001000001111001100001101001000011100001111100111101101100000100000001001111110010
111100000000111111000011010110100111000001101001100011111111000011001110000100011000000110111011010100011000
111101101100001100000110010111100100000101010000100001111100110111000100111110001000010101111010110001111000
000011010001110100000000110110011011111101010101100110000001110011001101111101100100010010000110000001101111
000110011100101001000011111001010101111010001111101010111111011001110001000101010110100101000011000001100111
000010100100011101000101110110111111000001010110100001111100100010100111111110110110011011111010001111000100
111110101001011100111001100101110101000000010011100010000010101000001100111110111110110101111110101010011000
000010111010110100111111010010100100111101101010011110000101110100100011000000110000110011111111110010111010
111100011111010111111010010001000111000001100100011101000011111110010110000101111110000010111110010010010111
000001011001101001000100011100010110111100101011010101000110100110101100111100010010000101111101101100000111
000010110110010001000101001000001101111011000001100100111010101101100100111111110110001011000000101101111111
111010110111011001111001110110010001000010100111011011111110000000101100111110111000110001111110010100101101
111010100001001100111110011000110011000001000111100001000100101111100011111010111100001001111110111110011100
111011111110101111000001010011011011000110000000100001111001100000001111111101110101111101000001011111101010
111101011011101101000100001011111101111110101101010111000000011110100000111001110111001001000000101111110111
000000111011010111111111111110110001000101101110100000111101111000110010111010101110000111000100100110101100
000100001000100101000001100011010011000010100011111011111010010111111101000011010110001000111010110100000000
000110000001101011000010111110101010000010101001001101000011010000100000000011101110111100111100010101000110
000011011111001000000110000111011100111110011010000100000001111010011011111111000011100011111001110110010110
111101001000101000000000101111010001000000100100000110000001110111001100000000101010010100000000100010101111
000100111000000011111001010111100111111010001011000011000100001001011010111111011110001010111010100001111000
000010110010011100000000101110111000111001100011010101111011000011011001111011001110100000000000010001010111
111110110001001000000011110101010011000100000011010100000001100100000011111111011010010011000001010000101001
111100111101100010111001101111100100000011110011010110000110011101110111000100100010111111000000011111011000
111010111100101101000110000000011100111100000101010101000001001000010011000101111101000000111100101101110010
000000000000000000000000000000000000000000000000000000000000000000000000000000000000000000000000000000000000
000000000000000000000000000000000000000000000000000000000000000000000000000000000000000000000000000000000000
000000000000000000000000000000000000000000000000000000000000000000000000000000000000000000000000000000000000
000000000000000000000000000000000000000000000000000000000000000000000000000000000000000000000000000000000000
000000000000000000000000000000000000000000000000000000000000000000000000000000000000000000000000000000000000
000000000000000000000000000000000000000000000000000000000000000000000000000000000000000000000000000000000000
000000000000000000000000000000000000000000000000000000000000000000000000000000000000000000000000000000000000
000000000000000000000000000000000000000000000000000000000000000000000000000000000000000000000000000000000000
000000000000000000000000000000000000000000000000000000000000000000000000000000000000000000000000000000000000
000000000000000000000000000000000000000000000000000000000000000000000000000000000000000000000000000000000000
000000000000000000000000000000000000000000000000000000000000000000000000000000000000000000000000000000000000
000000000000000000000000000000000000000000000000000000000000000000000000000000000000000000000000000000000000
000000000000000000000000000000000000000000000000000000000000000000000000000000000000000000000000000000000000
000000000000000000000000000000000000000000000000000000000000000000000000000000000000000000000000000000000000
000000000000000000000000000000000000000000000000000000000000000000000000000000000000000000000000000000000000
000000000000000000000000000000000000000000000000000000000000000000000000000000000000000000000000000000000000
000000000000000000000000000000000000000000000000000000000000000000000000000000000000000000000000000000000000
000000000000000000000000000000000000000000000000000000000000000000000000000000000000000000000000000000000000
000000000000000000000000000000000000000000000000000000000000000000000000000000000000000000000000000000000000
000000000000000000000000000000000000000000000000000000000000000000000000000000000000000000000000000000000000
000000000000000000000000000000000000000000000000000000000000000000000000000000000000000000000000000000000000
000000000000000000000000000000000000000000000000000000000000000000000000000000000000000000000000000000000000
000000000000000000000000000000000000000000000000000000000000000000000000000000000000000000000000000000000000
000000000000000000000000000000000000000000000000000000000000000000000000000000000000000000000000000000000000
000000000000000000000000000000000000000000000000000000000000000000000000000000000000000000000000000000000000
000000000000000000000000000000000000000000000000000000000000000000000000000000000000000000000000000000000000
000000000000000000000000000000000000000000000000000000000000000000000000000000000000000000000000000000000000
000000000000000000000000000000000000000000000000000000000000000000000000000000000000000000000000000000000000
000000000000000000000000000000000000000000000000000000000000000000000000000000000000000000000000000000000000
000000000000000000000000000000000000000000000000000000000000000000000000000000000000000000000000000000000000
000000000000000000000000000000000000000000000000000000000000000000000000000000000000000000000000000000000000
000000000000000000000000000000000000000000000000000000000000000000000000000000000000000000000000000000000000
000000000000000000000000000000000000000000000000000000000000000000000000000000000000000000000000000000000000
000000000000000000000000000000000000000000000000000000000000000000000000000000000000000000000000000000000000
000000000000000000000000000000000000000000000000000000000000000000000000000000000000000000000000000000000000
000000000000000000000000000000000000000000000000000000000000000000000000000000000000000000000000000000000000
000000000000000000000000000000000000000000000000000000000000000000000000000000000000000000000000000000000000
000000000000000000000000000000000000000000000000000000000000000000000000000000000000000000000000000000000000
000000000000000000000000000000000000000000000000000000000000000000000000000000000000000000000000000000000000
000000000000000000000000000000000000000000000000000000000000000000000000000000000000000000000000000000000000
000000000000000000000000000000000000000000000000000000000000000000000000000000000000000000000000000000000000
000000000000000000000000000000000000000000000000000000000000000000000000000000000000000000000000000000000000
000000000000000000000000000000000000000000000000000000000000000000000000000000000000000000000000000000000000
000000000000000000000000000000000000000000000000000000000000000000000000000000000000000000000000000000000000
000000000000000000000000000000000000000000000000000000000000000000000000000000000000000000000000000000000000
000000000000000000000000000000000000000000000000000000000000000000000000000000000000000000000000000000000000
000000000000000000000000000000000000000000000000000000000000000000000000000000000000000000000000000000000000
000000000000000000000000000000000000000000000000000000000000000000000000000000000000000000000000000000000000
000000000000000000000000000000000000000000000000000000000000000000000000000000000000000000000000000000000000
000000000000000000000000000000000000000000000000000000000000000000000000000000000000000000000000000000000000
000000000000000000000000000000000000000000000000000000000000000000000000000000000000000000000000000000000000
000000000000000000000000000000000000000000000000000000000000000000000000000000000000000000000000000000000000
000000000000000000000000000000000000000000000000000000000000000000000000000000000000000000000000000000000000
000000000000000000000000000000000000000000000000000000000000000000000000000000000000000000000000000000000000
000000000000000000000000000000000000000000000000000000000000000000000000000000000000000000000000000000000000
000000000000000000000000000000000000000000000000000000000000000000000000000000000000000000000000000000000000
