111011110010100110111100000111011000111110010101011001111011000100011101111100000011010111111111101000100100
000000000000000000000000000000000000111011000001010010000101101001010011000000000010001110000001101100111011
000000000000000000000000000000000000000000000000000000000000000000000000000000000000000000000000000000000000
000000000000000000000000000000000000000000000000000000000000000000000000000000000000000000000000000000000000
111011001011000111111101011011110010111101110000000000111100111001110001000101110010000001000000001011010110
000000000000000000000000000000000000000101010010110000000100110010000110000101000001001010000110000000111011
000000000000000000000000000000000000000000000000000000000000000000000000000000000000000000000000000000000000
000000000000000000000000000000000000000000000000000000000000000000000000000000000000000000000000000000000000
000101010101010111000101011000000100000110000101110000000001010001010011111001111101100011000100111111110110
000000000000000000000000000000000000111100000101010001111111001011101010000001111011011100111010011001111111
000000000000000000000000000000000000000000000000000000000000000000000000000000000000000000000000000000000000
000000000000000000000000000000000000000000000000000000000000000000000000000000000000000000000000000000000000
111011011011101011111111011111010001111100101110011000111011011011000101000001110110001010111110110011010100
000000000000000000000000000000000000000101010000111100000110101011010110111010110000001001000010110011100101
000000000000000000000000000000000000000000000000000000000000000000000000000000000000000000000000000000000000
000000000000000000000000000000000000000000000000000000000000000000000000000000000000000000000000000000000000
000010100000001011111100001101100001000011110100000000111111100101110001111110001010111111000010010110110110
000000000000000000000000000000000000111011101100110000111011010100111011000011011001111010000011000000111101
000000000000000000000000000000000000000000000000000000000000000000000000000000000000000000000000000000000000
000000000000000000000000000000000000000000000000000000000000000000000000000000000000000000000000000000000000
111001101000001110111011010101001000111110001101110011000100100101101110000110001111100110000110001100000111
000000000000000000000000000000000000111110100101001101000010001100001010000010100101000011000001101000101110
000000000000000000000000000000000000000000000000000000000000000000000000000000000000000000000000000000000000
000000000000000000000000000000000000000000000000000000000000000000000000000000000000000000000000000000000000
000100010010010101000011111111001110111001111101011010111010111101100101000010101010110010000011001101001101
000000000000000000000000000000000000111011101101011011111101111010011100111011111101001111000011001010000000
000000000000000000000000000000000000000000000000000000000000000000000000000000000000000000000000000000000000
000000000000000000000000000000000000000000000000000000000000000000000000000000000000000000000000000000000000
000100101001110100000011010000011111000001010111001001000011111010000101000010111010010010000011111101101101
000000000000000000000000000000000000000001110011001011111001011100110001111011101110110010111100001101000000
000000000000000000000000000000000000000000000000000000000000000000000000000000000000000000000000000000000000
000000000000000000000000000000000000000000000000000000000000000000000000000000000000000000000000000000000000
000010011011010011111011000011110111111010100011111101111100010110110001111010100101111001000100110100110001
000000000000000000000000000000000000000000011001001111111100111100000110000001100110110000111111110110110111
000000000000000000000000000000000000000000000000000000000000000000000000000000000000000000000000000000000000
000000000000000000000000000000000000000000000000000000000000000000000000000000000000000000000000000000000000
111110001010010111111111001010111111111111011011101010000000100011000000000011001000011100000010001010111011
000000000000000000000000000000000000000000100001111001000110011111110101000001000011001110111011111110111100
000000000000000000000000000000000000000000000000000000000000000000000000000000000000000000000000000000000000
000000000000000000000000000000000000000000000000000000000000000000000000000000000000000000000000000000000000
000001100000110110000110010010101100000001110001000110000011101100111110000010010101111110111111111101111100
000000000000000000000000000000000000111101000100110000000010100100111000000101111001100100111110101100110000
000000000000000000000000000000000000000000000000000000000000000000000000000000000000000000000000000000000000
000000000000000000000000000000000000000000000000000000000000000000000000000000000000000000000000000000000000
111101101101100110111100010100011110000101111111000111111010110111100110111110000000001101000110000101000110
000000000000000000000000000000000000000100111111110001111101001101110101111010110111011101000110001100000110
000000000000000000000000000000000000000000000000000000000000000000000000000000000000000000000000000000000000
000000000000000000000000000000000000000000000000000000000000000000000000000000000000000000000000000000000000
000010010001110101111110000000100101111001100000011011000100101011101010111100000101000010111101100101101000
000000000000000000000000000000000000000100000101100000111110101100110011000001010100011010111011100011001110
000000000000000000000000000000000000000000000000000000000000000000000000000000000000000000000000000000000000
000000000000000000000000000000000000000000000000000000000000000000000000000000000000000000000000000000000000
111011111000111001111011001011111100000110010001101111000011100110010110000101011010101110111101000001111010
000000000000000000000000000000000000000010101000101111000100000000100011000110011001101111111111110101111011
000000000000000000000000000000000000000000000000000000000000000000000000000000000000000000000000000000000000
000000000000000000000000000000000000000000000000000000000000000000000000000000000000000000000000000000000000
111001100011101000000001101111111111111110111001101110000011110100100110000101100010000010000000100000001001
000000000000000000000000000000000000000001011000000100111111011001001100111111100011100010000001110100010111
000000000000000000000000000000000000000000000000000000000000000000000000000000000000000000000000000000000000
000000000000000000000000000000000000000000000000000000000000000000000000000000000000000000000000000000000000
000101010111001111000011101001001000000101000100000000111011001010101011111010000010011101000000011011010101
000000000000000000000000000000000000111101011010110100000100101011011111111010001111000101111010110000011001
000000000000000000000000000000000000000000000000000000000000000000000000000000000000000000000000000000000000
000000000000000000000000000000000000000000000000000000000000000000000000000000000000000000000000000000000000
000001010111000100111011110110000011111010101110100001111111001101100100000011100011111100111011101001011001
000000000000000000000000000000000000111011111000110110000000001101001111000100101111100110111001011101100110
000000000000000000000000000000000000000000000000000000000000000000000000000000000000000000000000000000000000
000000000000000000000000000000000000000000000000000000000000000000000000000000000000000000000000000000000000
000001111110101001111011100101110100000000111001010010111001111001111111111101100011100111000000101000000000
000000000000000000000000000000000000000001100010101110111110011100100111111001011000000101111110100111110000
000000000000000000000000000000000000000000000000000000000000000000000000000000000000000000000000000000000000
000000000000000000000000000000000000000000000000000000000000000000000000000000000000000000000000000000000000
000100011111110111000100000001011100000001111100111011111001011110101011000101111000101110111110010011110010
000000000000000000000000000000000000000001110000010110000100110010000111111011111110100011111101110111010110
000000000000000000000000000000000000000000000000000000000000000000000000000000000000000000000000000000000000
000000000000000000000000000000000000000000000000000000000000000000000000000000000000000000000000000000000000
111100100001110100000010100000001010111001110110101001111010100011110110000001111000000011000011000010000001
000000000000000000000000000000000000000010101001111010000000110000001011111100101111010001111101010010100101
000000000000000000000000000000000000000000000000000000000000000000000000000000000000000000000000000000000000
000000000000000000000000000000000000000000000000000000000000000000000000000000000000000000000000000000000000
000011000010111110111010001011000101000000101001011110000101100111110011000010110111101001111110100001111100
000000000000000000000000000000000000111111010011010000000101100111100111000001001001011011000100101000011000
000000000000000000000000000000000000000000000000000000000000000000000000000000000000000000000000000000000000
000000000000000000000000000000000000000000000000000000000000000000000000000000000000000000000000000000000000
111001110100010100111010111011111100111011001111101010111101110001010000111110111010001110000010110011110111
000000000000000000000000000000000000000000100001010101111100111001001001111101110001110001000011000001011010
000000000000000000000000000000000000000000000000000000000000000000000000000000000000000000000000000000000000
000000000000000000000000000000000000000000000000000000000000000000000000000000000000000000000000000000000000
111101111110010110111111110001001000111001110110111110000000111000110101111110100111111001111110000001110101
000000000000000000000000000000000000000101011110001110000110010000100111000101011011111100111110000010010001
000000000000000000000000000000000000000000000000000000000000000000000000000000000000000000000000000000000000
000000000000000000000000000000000000000000000000000000000000000000000000000000000000000000000000000000000000
000000001011010101000001000000101011111001100011001001111010100100001000111111000001111100000011110101010001
000000000000000000000000000000000000111100010010110000111010101000100101111010001011010010000110011000001010
000000000000000000000000000000000000000000000000000000000000000000000000000000000000000000000000000000000000
000000000000000000000000000000000000000000000000000000000000000000000000000000000000000000000000000000000000
