000011111100011001111100101111110100111111000001011101000000111111010111000110101011111000000101011100011111
000100011111100110111000001100000010111101010101011010000111100000100000111100111000001101111000101000110001
111010011001000010000010011010111001000001011000101010000100011001000101110111101101010100000010010010001110
000100110000100011000001101101100000000111010101110010000010010101011011000011110001100011111101101000110010
111011000101011000111111000100101001111101101011010101000010111110011111111000101001111000000000111011001101
000000000101010001000111010001100011000001110011111100000100100111111101111011110110110110111011011010111101
111100000101100011111101101010010101000001001111100101111001011101110101000101011100101111111011010110111010
000010011010001101111101100110110001000011110110110111111000001000011000111010100100110000000011101001001100
000011110010101010000001011100010100111011100011110111111000010010011011000000101110110101111001001000100010
000101001110111011111010010110111011111100100110001101000001111000100000111010001100000100000011001101001100
111100011110010001000111010011100101111000100010100001111100000011100110000100010110110001000101110100000110
000001000001000011110111110001000111111000101000111000111110010010111110111000101111101000111011010101011010
000000000001000100111101111111111001111101110100111100111111101111101100111100100110001001111001101111000010
111001101001100001000011001000000100000010100000001011000111101000101101111100110001001111000011110010000111
111111101000110010000101111010110010111000110000000111111001000001001011000010111101110001000001001100100010
111011010101110100000001110001111100000101011110110001111011111001000000000100010100000100000001000011011001
000010100101001001111111100100011001000110110010000010000010011011100001000011111100101010000110111000010001
000110001110000001000111101000000100000110111101100000111110100010100011000110011010000110000111100010010110
111100111001001001000001100111110111000011110000101110000111011000110110111010111010110011000011110101111100
111011010010111000000011100101011001111110111000000101111111011000110101111001010100010010111111110111101111
000000000000000000000000000000000000000000000000000000000000000000000000000000000000000000000000000000000000
000000000000000000000000000000000000000000000000000000000000000000000000000000000000000000000000000000000000
000000000000000000000000000000000000000000000000000000000000000000000000000000000000000000000000000000000000
000000000000000000000000000000000000000000000000000000000000000000000000000000000000000000000000000000000000
