000010000100000101111101101011110100000101010011000100000001001001111011111100010010000100000011110010100100
111101010110010101111011100001111110000101110000101100111100111001100010000001010010100000000101100110100100
000101110101101111000110010011001011111010101000001011111011000001001100000101110101010110111011000110100110
000100101000001110000000100011010000000101111111101101111100111100000110000011011010001100111011000011100011
000110100110011111000110100000010110000010010010011111000101101100000110000001001110110101000000100001011001
111010001100110000000011101011101011000100011010000111111011100011000101111101000100111000000101101110101011
111111110000101001000100101010011000111101101110111011111100001110111001000100011011011110111001010100101001
111001111111001000111100001001110001000100110111001001000011011000100100111110111000100101000000000001001011
000010101110101011000101000001000000111101000110101001000000010000001100000110011001110010000100111110110100
000101110011100110000100110100011101111010001011111000111010110011000011000010011010011011000110100001100010
111101110111010010000101000110111001000011111011101001000000010000110100000001011010001000111101001010111001
111011011000001010000000101100111111000000000110111110111111010101011101000001010001000001000011001101010101
000110000100001010111100011111001010000001111001111100111101011111011110000110001110110110111011100111101101
111001010100001101000010011001110100000110011010100000111011110000101110000010101011010110111111010100111011
000011110010011111000011000101101001111100101100101101111100010000100100111111101011101010000001001011010110
111110011001101111000100101010010011000010100011110110111010101011111010000101001100001011000101001110010010
111110011011100100000101111010010100111100011101111001000110011101101010111101100111011101111011101010011001
111011111100111110111101011010010101000010100111011110000001011111101010000011110101011110000100000001101001
111110101101000001111100000111000000111110001011000000111111100011111001111101101100001000111110111111010000
000011101010110000000000100010011000111011001101011111111101000000110000111100110011101010111001100101111001
111011111111010010111110100000000101111011000010000001111010100011111010111100111100000000000001100111100111
000011010101010111000101001101011001111111111010110001111111111010011101111011010001001100111110011101100111
111101001110000001111101011010001111000101110110001110111010000100000110111110011001111011111001111010000100
000100110100000000111101101101010101111011100010100100111101011111111111000001101110100101000101011001001100
111001011000110101000001101110001111111110010111101010111101110011110000000000011010101001111111101101000111
111111010010100001111100100111101101111001010010111101000000101001011100111100100110010001000110000110100100
111101101111111100111100111001111000000101001011111110000011100110100100111010011010111000111110100100001011
000011101101111001111010000000000011000101001111111101000011101101100101000101100010101010111100000010011110
000010100100111000000010110001110110000100010000011011000000010001110010111001101000001100000101001110011101
111010000111010001000110101001011111111111011011101010000001110011010100111001010010101100000101000011111000
111101100010101100000100010000011100000000010001011100111100110000100110111111011011000001000010010000010111
000110100101010110000101111100001110111011000101100100111111001110000110000001010011100011111110111100011111
111100101010101001000110001000111101000011000011101011111011001101110010000101111111100011000000001011011100
000100011101100011111111110101101011111111011011100001000011011111110000000110001110001110111110001010001001
000101100111000000111110001111101101000001110010110000000010000100000101000101111100101001111010010001101010
111100101000011000111110010111111000111111101100010000000010100000000111111100101100000111111111100001111001
111101101001001100111100111011111111111001110100100000111010101011110101111100111110100111111011001111111000
111101011010010010000001010011000111000110000111011000000101010011011001111010101111000011000101110000010111
000110000011010010111010001010011000000011101101000100111101000101011111000011011100111010000001010111111010
000001101001011100111111100110000001000010000111011010111001101000010010111111111101101100111010010000011010
000000000000000000000000000000000000000000000000000000000000000000000000000000000000000000000000000000000000
000000000000000000000000000000000000000000000000000000000000000000000000000000000000000000000000000000000000
000000000000000000000000000000000000000000000000000000000000000000000000000000000000000000000000000000000000
000000000000000000000000000000000000000000000000000000000000000000000000000000000000000000000000000000000000
000000000000000000000000000000000000000000000000000000000000000000000000000000000000000000000000000000000000
000000000000000000000000000000000000000000000000000000000000000000000000000000000000000000000000000000000000
000000000000000000000000000000000000000000000000000000000000000000000000000000000000000000000000000000000000
000000000000000000000000000000000000000000000000000000000000000000000000000000000000000000000000000000000000
000000000000000000000000000000000000000000000000000000000000000000000000000000000000000000000000000000000000
000000000000000000000000000000000000000000000000000000000000000000000000000000000000000000000000000000000000
000000000000000000000000000000000000000000000000000000000000000000000000000000000000000000000000000000000000
000000000000000000000000000000000000000000000000000000000000000000000000000000000000000000000000000000000000
000000000000000000000000000000000000000000000000000000000000000000000000000000000000000000000000000000000000
000000000000000000000000000000000000000000000000000000000000000000000000000000000000000000000000000000000000
000000000000000000000000000000000000000000000000000000000000000000000000000000000000000000000000000000000000
000000000000000000000000000000000000000000000000000000000000000000000000000000000000000000000000000000000000
000000000000000000000000000000000000000000000000000000000000000000000000000000000000000000000000000000000000
000000000000000000000000000000000000000000000000000000000000000000000000000000000000000000000000000000000000
000000000000000000000000000000000000000000000000000000000000000000000000000000000000000000000000000000000000
000000000000000000000000000000000000000000000000000000000000000000000000000000000000000000000000000000000000
000000000000000000000000000000000000000000000000000000000000000000000000000000000000000000000000000000000000
000000000000000000000000000000000000000000000000000000000000000000000000000000000000000000000000000000000000
000000000000000000000000000000000000000000000000000000000000000000000000000000000000000000000000000000000000
000000000000000000000000000000000000000000000000000000000000000000000000000000000000000000000000000000000000
000000000000000000000000000000000000000000000000000000000000000000000000000000000000000000000000000000000000
000000000000000000000000000000000000000000000000000000000000000000000000000000000000000000000000000000000000
000000000000000000000000000000000000000000000000000000000000000000000000000000000000000000000000000000000000
000000000000000000000000000000000000000000000000000000000000000000000000000000000000000000000000000000000000
000000000000000000000000000000000000000000000000000000000000000000000000000000000000000000000000000000000000
000000000000000000000000000000000000000000000000000000000000000000000000000000000000000000000000000000000000
000000000000000000000000000000000000000000000000000000000000000000000000000000000000000000000000000000000000
000000000000000000000000000000000000000000000000000000000000000000000000000000000000000000000000000000000000
000000000000000000000000000000000000000000000000000000000000000000000000000000000000000000000000000000000000
000000000000000000000000000000000000000000000000000000000000000000000000000000000000000000000000000000000000
000000000000000000000000000000000000000000000000000000000000000000000000000000000000000000000000000000000000
000000000000000000000000000000000000000000000000000000000000000000000000000000000000000000000000000000000000
000000000000000000000000000000000000000000000000000000000000000000000000000000000000000000000000000000000000
000000000000000000000000000000000000000000000000000000000000000000000000000000000000000000000000000000000000
000000000000000000000000000000000000000000000000000000000000000000000000000000000000000000000000000000000000
000000000000000000000000000000000000000000000000000000000000000000000000000000000000000000000000000000000000
000000000000000000000000000000000000000000000000000000000000000000000000000000000000000000000000000000000000
000000000000000000000000000000000000000000000000000000000000000000000000000000000000000000000000000000000000
000000000000000000000000000000000000000000000000000000000000000000000000000000000000000000000000000000000000
000000000000000000000000000000000000000000000000000000000000000000000000000000000000000000000000000000000000
000000000000000000000000000000000000000000000000000000000000000000000000000000000000000000000000000000000000
000000000000000000000000000000000000000000000000000000000000000000000000000000000000000000000000000000000000
000000000000000000000000000000000000000000000000000000000000000000000000000000000000000000000000000000000000
000000000000000000000000000000000000000000000000000000000000000000000000000000000000000000000000000000000000
000000000000000000000000000000000000000000000000000000000000000000000000000000000000000000000000000000000000
000000000000000000000000000000000000000000000000000000000000000000000000000000000000000000000000000000000000
000000000000000000000000000000000000000000000000000000000000000000000000000000000000000000000000000000000000
000000000000000000000000000000000000000000000000000000000000000000000000000000000000000000000000000000000000
000000000000000000000000000000000000000000000000000000000000000000000000000000000000000000000000000000000000
000000000000000000000000000000000000000000000000000000000000000000000000000000000000000000000000000000000000
000000000000000000000000000000000000000000000000000000000000000000000000000000000000000000000000000000000000
000000000000000000000000000000000000000000000000000000000000000000000000000000000000000000000000000000000000
