000011100001010101111010111100010110000011111001100011000001001110010001111110110100110111000100001101000011
000000000000000000000000000000000000111110001011100101000010000001111110000011101000111100111001110011001100
000000000000000000000000000000000000000000000000000000000000000000000000000000000000000000000000000000000000
000000000000000000000000000000000000000000000000000000000000000000000000000000000000000000000000000000000000
000100110111010010000010111010001100000101001101011000111001011000010101000011001110101001000011001000001010
000000000000000000000000000000000000111101111010011100111011101010001010000101001111001111111010000110010010
000000000000000000000000000000000000000000000000000000000000000000000000000000000000000000000000000000000000
000000000000000000000000000000000000000000000000000000000000000000000000000000000000000000000000000000000000
000010101101100000111010100011110001111110110100110011111101110101100100000110100000000111111011011011110001
000000000000000000000000000000000000111001111111010000111010001010100011111101101101001100111101111000010000
000000000000000000000000000000000000000000000000000000000000000000000000000000000000000000000000000000000000
000000000000000000000000000000000000000000000000000000000000000000000000000000000000000000000000000000000000
000001100011101000111101111010000110111101011000110100000001000000101111000010111101010001111011110011010001
000000000000000000000000000000000000000110001100011100000010101111010101000100100010110000000001101000101111
000000000000000000000000000000000000000000000000000000000000000000000000000000000000000000000000000000000000
000000000000000000000000000000000000000000000000000000000000000000000000000000000000000000000000000000000000
000001110101100000111010110111001100111001010011101110000110000101001011111100001011010111111011110010011100
000000000000000000000000000000000000111010110101101100000011011101011001111110111011011110000100110000111100
000000000000000000000000000000000000000000000000000000000000000000000000000000000000000000000000000000000000
000000000000000000000000000000000000000000000000000000000000000000000000000000000000000000000000000000000000
111101101010101001111111010011100011111111110001001011111011011011001010111001100101011001000001110101110001
000000000000000000000000000000000000000010010010111100000110101010100110000101101011110101000011000101011101
000000000000000000000000000000000000000000000000000000000000000000000000000000000000000000000000000000000000
000000000000000000000000000000000000000000000000000000000000000000000000000000000000000000000000000000000000
000101110110011011111100110011000100111010000100110011111010001001001010111100001011100010000001010100011110
000000000000000000000000000000000000000010010110100100000000010010001010000101111110101111111010001000101001
000000000000000000000000000000000000000000000000000000000000000000000000000000000000000000000000000000000000
000000000000000000000000000000000000000000000000000000000000000000000000000000000000000000000000000000000000
000011100011010110111101000010001110111001110110111110111100111100000110000100100111000001000100100001110100
000000000000000000000000000000000000111010001010100010111101001100100001000101101110000111000100101001010111
000000000000000000000000000000000000000000000000000000000000000000000000000000000000000000000000000000000000
000000000000000000000000000000000000000000000000000000000000000000000000000000000000000000000000000000000000
111110001000000011000000100010101110000000000010010000111101100110010111111101000111010000111111000000101100
000000000000000000000000000000000000111100011111111011000100000010111000000001001101101010111011001010010001
000000000000000000000000000000000000000000000000000000000000000000000000000000000000000000000000000000000000
000000000000000000000000000000000000000000000000000000000000000000000000000000000000000000000000000000000000
000110101000110111111110111010010011111110001100011010111110100001010110000110001111010000111011100100110100
000000000000000000000000000000000000111101110000100000111010010111010100000011011101001010111100010101100011
000000000000000000000000000000000000000000000000000000000000000000000000000000000000000000000000000000000000
000000000000000000000000000000000000000000000000000000000000000000000000000000000000000000000000000000000000
111101100101110111000010101111010000111110010001001100111111111011101011111010110101101001000010000100001110
000000000000000000000000000000000000111110001111011001111110000101110110000101000000111000111100100000110001
000000000000000000000000000000000000000000000000000000000000000000000000000000000000000000000000000000000000
000000000000000000000000000000000000000000000000000000000000000000000000000000000000000000000000000000000000
000110011101011111000101011100110001111011001011010111111001100101111011111100100111010100111010101100100011
000000000000000000000000000000000000000100110110110110000010010011110000111101101010110111111110110000010100
000000000000000000000000000000000000000000000000000000000000000000000000000000000000000000000000000000000000
000000000000000000000000000000000000000000000000000000000000000000000000000000000000000000000000000000000000
000001110111001001000110000001001110000100100111010101000011001010100000111111111110010101000001101111110011
000000000000000000000000000000000000000100000001110001111011110101011001111011100001010011000001010100010111
000000000000000000000000000000000000000000000000000000000000000000000000000000000000000000000000000000000000
000000000000000000000000000000000000000000000000000000000000000000000000000000000000000000000000000000000000
111011001100001101111011011101110011111001110111100111000010101111110110111111000110001011000101100011111101
000000000000000000000000000000000000111010011011111100000110001111101010000110010110000001000110001000010001
000000000000000000000000000000000000000000000000000000000000000000000000000000000000000000000000000000000000
000000000000000000000000000000000000000000000000000000000000000000000000000000000000000000000000000000000000
000110011110011001000011001001111101000100011001011000000100011110110111000100000111011101111110010110100110
000000000000000000000000000000000000000010001001110010000110011101001100111001111110010000000100010101111001
000000000000000000000000000000000000000000000000000000000000000000000000000000000000000000000000000000000000
000000000000000000000000000000000000000000000000000000000000000000000000000000000000000000000000000000000000
111110001110010101000000100010100010111110000011111100000000011100111011000000001110010100000010111100010000
000000000000000000000000000000000000000001010010110000000001100101101000000100010001100010000001110101100110
000000000000000000000000000000000000000000000000000000000000000000000000000000000000000000000000000000000000
000000000000000000000000000000000000000000000000000000000000000000000000000000000000000000000000000000000000
000000111110011011000000000111100011000110101100110101000011110000111011000101000011100110000010110100100001
000000000000000000000000000000000000000001010101001110111001011000110101000000001111101001000101000011100101
000000000000000000000000000000000000000000000000000000000000000000000000000000000000000000000000000000000000
000000000000000000000000000000000000000000000000000000000000000000000000000000000000000000000000000000000000
000110000001111111000001011010100010000001011101001010111110001111101000000100011001101011000100000110110001
000000000000000000000000000000000000111110101111111001111010110000100101111100000001111101111010000110010100
000000000000000000000000000000000000000000000000000000000000000000000000000000000000000000000000000000000000
000000000000000000000000000000000000000000000000000000000000000000000000000000000000000000000000000000000000
000010011010010000111110011100111111111011000010100000000011001000111111000100111110011010111100110101000000
000000000000000000000000000000000000000101101110110000000100011000111110000110011011001001000100011111111111
000000000000000000000000000000000000000000000000000000000000000000000000000000000000000000000000000000000000
000000000000000000000000000000000000000000000000000000000000000000000000000000000000000000000000000000000000
111110010101110011000011000010001101000011000000001010000100110001110011111101010101101010000011101011001100
000000000000000000000000000000000000000011001011000011111111001101100000000010101010011110111001100111001001
000000000000000000000000000000000000000000000000000000000000000000000000000000000000000000000000000000000000
000000000000000000000000000000000000000000000000000000000000000000000000000000000000000000000000000000000000
000101110111001000111001010110010111111101001100101001111011000101010110000001100111100010111111111000100100
000000000000000000000000000000000000000010111001100010111100011011011110111101001110110101111011101100101110
000000000000000000000000000000000000000000000000000000000000000000000000000000000000000000000000000000000000
000000000000000000000000000000000000000000000000000000000000000000000000000000000000000000000000000000000000
111101110010111000111100101100110111111100111011110100111001100011101111111010101100010111111111101101100010
000000000000000000000000000000000000000110001110010001000011000100000101111110101101110101111111011101100110
000000000000000000000000000000000000000000000000000000000000000000000000000000000000000000000000000000000000
000000000000000000000000000000000000000000000000000000000000000000000000000000000000000000000000000000000000
111010000100110101000010100101011011000101101011111111000100101010110000111011000000111111111010110011000011
000000000000000000000000000000000000000001111001000100000100100010011010000100100111100001111001010110100000
000000000000000000000000000000000000000000000000000000000000000000000000000000000000000000000000000000000000
000000000000000000000000000000000000000000000000000000000000000000000000000000000000000000000000000000000000
111011101111001010111110010100100110000010101001110001000100001001100111000101110110010001111110101011000010
000000000000000000000000000000000000111101001000111000000110011111101100111010010000111100111111001000010001
000000000000000000000000000000000000000000000000000000000000000000000000000000000000000000000000000000000000
000000000000000000000000000000000000000000000000000000000000000000000000000000000000000000000000000000000000
