111111000001111110000011001101011011000011101010111000000001110101100111000101000110011110000010011111010100
000000000000000000000000000000000000000001001011011011111011000000000101111000101011111010111001001000010011
000010001011010110000011110100100011000011000011101100000000011101101010000101010111010010000101010010011110
000000000000000000000000000000000000000000011110111000111011011011110010000110111110000001110111111111010001
000011000001111111111010010100001100000101101001100010000100000011100011000100000111110001000111110110010110
000000000000000000000000000000000000000000101101101110000001010011101000111011011101010101000011010000001001
111111011000101001111001000101101011111000111111000010111010011110001110111010001011101001000000010110110011
000000000000000000000000000000000000111011110101010111000110001110100000000000101101011001111001101111101101
111100011000011010111011101001101011000011100011011101111011011001001111111100000100011001111111010010111000
000000000000000000000000000000000000111000010110100100000000001100010110000001100100010100000111100010000010
000010011111101010111100001000101011111000010100011001111001100100100011111100010110101011000111100001001110
000000000000000000000000000000000000000000100111110000111110110110111101000110100010011001000001110100110010
000110001101011011111001010111010010000110100101011011000011010110110100111011000000101111111011111101011001
000000000000000000000000000000000000000011111010111110111001011001110011000111010110001100001000000001111111
000001111101000000000000110100110111111100100101101110000100010110000001000100010001110100111000110010110011
000000000000000000000000000000000000111000111100101111000011111000011001111110010111101110111000010001010000
000000101001100010000011011110111001111011000100110111111001001011011111111000101011111110111111101010101101
000000000000000000000000000000000000111010010110100110000101101110100100000111111011000001111010110101001001
111110101100010110000011111011000010111100101011000001000100010111101001111011111010111111111011001001011110
000000000000000000000000000000000000111000111100000001110111101101001100000010010100011110111110110111011101
111001001101100000111111100100011000111101111010001101111001111101010100000011111101101111111111010000110101
000000000000000000000000000000000000000001001101100100111100100010001110000000101101111110111111001010110001
000011011010111100000111100100101000111110001101000110000100000010010000111101100111111111111100001000000010
000000000000000000000000000000000000000100011000011010000010011011011010111000100010101001111111100011111011
