000100111000100111000101111011001000111100001100110101000101001101001110000110010101010110111111111011101110
000000000000000000000000000000000000000011010010000011000101111010101111000011001110111100000101001000101001
000000000000000000000000000000000000000000000000000000000000000000000000000000000000000000000000000000000000
000000000000000000000000000000000000000000000000000000000000000000000000000000000000000000000000000000000000
111011111011111001000100000000111000111100011111111111000011001101011110111101000101101101000100100001010000
000000000000000000000000000000000000000101001011000000111011001011010000000011111010101101000001111101101010
000000000000000000000000000000000000000000000000000000000000000000000000000000000000000000000000000000000000
000000000000000000000000000000000000000000000000000000000000000000000000000000000000000000000000000000000000
000000011100100110111110010100100100000000100001101110000001100011000111000000100000011011000010110001000100
000000000000000000000000000000000000111110011100011001111111100000001001111101100111111111000000011111111101
000000000000000000000000000000000000000000000000000000000000000000000000000000000000000000000000000000000000
000000000000000000000000000000000000000000000000000000000000000000000000000000000000000000000000000000000000
000010110101011010111101011001001110000101011110101011000001100100100111111110000101000011111010000110011000
000000000000000000000000000000000000000011011111100110111101100111010010111011111101000111000110011001011001
000000000000000000000000000000000000000000000000000000000000000000000000000000000000000000000000000000000000
000000000000000000000000000000000000000000000000000000000000000000000000000000000000000000000000000000000000
000011111001110001000101111100101110000010111010001110111110001110010001000100001000011000111101101001000010
000000000000000000000000000000000000000101111110001001000100010110001100000100111010010100000110000011010111
000000000000000000000000000000000000000000000000000000000000000000000000000000000000000000000000000000000000
000000000000000000000000000000000000000000000000000000000000000000000000000000000000000000000000000000000000
000000010001000111111010110000011111111101011000011101111111010010001000111110011111101100111101100010110000
000000000000000000000000000000000000000010011101000100000110100110000000111001011011101110000110100101101100
000000000000000000000000000000000000000000000000000000000000000000000000000000000000000000000000000000000000
000000000000000000000000000000000000000000000000000000000000000000000000000000000000000000000000000000000000
111100100011010010000001011011011011111010001100001110000000000010000101000110000111001100111101100110000100
000000000000000000000000000000000000000001101110100101000101101011011011111101110101001010111110001011110100
000000000000000000000000000000000000000000000000000000000000000000000000000000000000000000000000000000000000
000000000000000000000000000000000000000000000000000000000000000000000000000000000000000000000000000000000000
111100000011001101000100011110111111111110100000001010000100101010000110111110111001100000111100011111100110
000000000000000000000000000000000000111111001000110111000001011010111111111011000100101100000100111100010010
000000000000000000000000000000000000000000000000000000000000000000000000000000000000000000000000000000000000
000000000000000000000000000000000000000000000000000000000000000000000000000000000000000000000000000000000000
000010111100011001111011000010110001000101010011110000000000100110000111000011011101010110111110001000001000
000000000000000000000000000000000000111100110000011011111100010100011011000011100001100110111010011100111011
000000000000000000000000000000000000000000000000000000000000000000000000000000000000000000000000000000000000
000000000000000000000000000000000000000000000000000000000000000000000000000000000000000000000000000000000000
000010101110101000000010011111100010000011101011001001000011011110000010000000000010001000000010101011100110
000000000000000000000000000000000000000100101010010000111101110101100111000110010011001010000011110111011100
000000000000000000000000000000000000000000000000000000000000000000000000000000000000000000000000000000000000
000000000000000000000000000000000000000000000000000000000000000000000000000000000000000000000000000000000000
111100001000011011000000001110100000000000110111100010000010101000101110000001010101100011111111100001111001
000000000000000000000000000000000000111011001111100110000001101011001010111110100110000010000101000011100111
000000000000000000000000000000000000000000000000000000000000000000000000000000000000000000000000000000000000
000000000000000000000000000000000000000000000000000000000000000000000000000000000000000000000000000000000000
000010001100011101000000111101101000000110010100001011000100101101110010111100111101001111111011101010110001
000000000000000000000000000000000000111100101100000011000011011011101010111001101111001010111010001111100010
000000000000000000000000000000000000000000000000000000000000000000000000000000000000000000000000000000000000
000000000000000000000000000000000000000000000000000000000000000000000000000000000000000000000000000000000000
111001011111011110000001011101100001000110000001011101000000100011010100000011011110101010000000100110011110
000000000000000000000000000000000000111111101111110101000001011011110110111100100010010001000000100100010101
000000000000000000000000000000000000000000000000000000000000000000000000000000000000000000000000000000000000
000000000000000000000000000000000000000000000000000000000000000000000000000000000000000000000000000000000000
000010111001001010000101101100001111000000000111000100000110010010000111111001110101011110000011001101011000
000000000000000000000000000000000000111011010010000100000101110001111100000100000111010010111101111110100100
000000000000000000000000000000000000000000000000000000000000000000000000000000000000000000000000000000000000
000000000000000000000000000000000000000000000000000000000000000000000000000000000000000000000000000000000000
111101101010010011111010011100111111000101011011010001000110001010001100000101001111110011000011010100111011
000000000000000000000000000000000000000011001110101001111101000011110110111001010110011111111101101110110011
000000000000000000000000000000000000000000000000000000000000000000000000000000000000000000000000000000000000
000000000000000000000000000000000000000000000000000000000000000000000000000000000000000000000000000000000000
111100011111100001000100010001101101000101011100011110000010111011001110000101010001010011000101011000110001
000000000000000000000000000000000000000010001101101001000101101111011000111101010010111010111101100101100001
000000000000000000000000000000000000000000000000000000000000000000000000000000000000000000000000000000000000
000000000000000000000000000000000000000000000000000000000000000000000000000000000000000000000000000000000000
111100101111101100111101001100011001111110010100000100111100111010000000000000001010001110111011111101100101
000000000000000000000000000000000000000000101100101101000100000010010001000001000001110011111101001010100000
000000000000000000000000000000000000000000000000000000000000000000000000000000000000000000000000000000000000
000000000000000000000000000000000000000000000000000000000000000000000000000000000000000000000000000000000000
111010110011110100111001011001100111111011101100011111000010000010101001000001010000100010000101100111011010
000000000000000000000000000000000000000010111000110000111100000100010111000000110000011100111111001101001101
000000000000000000000000000000000000000000000000000000000000000000000000000000000000000000000000000000000000
000000000000000000000000000000000000000000000000000000000000000000000000000000000000000000000000000000000000
000000100001010110111110101010110100111100010101000011111011010001010111111101100001100111000101011010110111
000000000000000000000000000000000000000100011011111000111100100101111101111111110010001100000001001011111111
000000000000000000000000000000000000000000000000000000000000000000000000000000000000000000000000000000000000
000000000000000000000000000000000000000000000000000000000000000000000000000000000000000000000000000000000000
111010000101110110111110011100011101111110101001100000111110110111101001111101010111110010000110101011111110
000000000000000000000000000000000000000101000111110110000010111001111011000101100000011111000011010000100111
000000000000000000000000000000000000000000000000000000000000000000000000000000000000000000000000000000000000
000000000000000000000000000000000000000000000000000000000000000000000000000000000000000000000000000000000000
000000110100000000111011010000111001111110000000110001000010111000111011111010001100111010000000011001011101
000000000000000000000000000000000000111001111000010101111001110010101100000011111010010001111010110000110111
000000000000000000000000000000000000000000000000000000000000000000000000000000000000000000000000000000000000
000000000000000000000000000000000000000000000000000000000000000000000000000000000000000000000000000000000000
111100000100110011111101101100010001000000101101010100111111101110000000111001100110001101111001110111111110
000000000000000000000000000000000000000100000100001101111101111110010111111001100100101100000101100101011010
000000000000000000000000000000000000000000000000000000000000000000000000000000000000000000000000000000000000
000000000000000000000000000000000000000000000000000000000000000000000000000000000000000000000000000000000000
111011111011011010111101001011101100111110110010110011111011010100110011111110000101110001111011101011011110
000000000000000000000000000000000000000011011100011000000001010001010000000000010001100001111110011011111111
000000000000000000000000000000000000000000000000000000000000000000000000000000000000000000000000000000000000
000000000000000000000000000000000000000000000000000000000000000000000000000000000000000000000000000000000000
111010010011110001000011110101100000111001111001010111000000100101001101111010001011100000000101111001011110
000000000000000000000000000000000000111010110110110000111110101001101101111011110100110010000010110011011101
000000000000000000000000000000000000000000000000000000000000000000000000000000000000000000000000000000000000
000000000000000000000000000000000000000000000000000000000000000000000000000000000000000000000000000000000000
