111110110010010010000001000000011101000100000001101100111101000100101101111101010010101011000000000100000000
000000000000000000000000000000000000111101111011011100111110100110111000000100000110000011111111111010011111
000000000000000000000000000000000000000000000000000000000000000000000000000000000000000000000000000000000000
000000000000000000000000000000000000000000000000000000000000000000000000000000000000000000000000000000000000
111010011011111111111111101001011001111010111100111010000011101101000011111011101100011100000001011001100000
000000000000000000000000000000000000111010100011110100111100001111101110111001010001110110111111101100111000
000000000000000000000000000000000000000000000000000000000000000000000000000000000000000000000000000000000000
000000000000000000000000000000000000000000000000000000000000000000000000000000000000000000000000000000000000
111111010001101101000110011011001001111110111011111111000001011110010110000001001110100111000101010100011101
000000000000000000000000000000000000000110100011110010000100100001010010000001100011100110000001101101011100
000000000000000000000000000000000000000000000000000000000000000000000000000000000000000000000000000000000000
000000000000000000000000000000000000000000000000000000000000000000000000000000000000000000000000000000000000
111100011011010010000010010001110010111100100011101011000011010110110001000010100011101100111010100011100000
000000000000000000000000000000000000000011111000111100111011010000001100111011111010000100000010000001110011
000000000000000000000000000000000000000000000000000000000000000000000000000000000000000000000000000000000000
000000000000000000000000000000000000000000000000000000000000000000000000000000000000000000000000000000000000
000001000110100000111001110000100000000001011110101110111110001101110101111011000010111010000001010100100111
000000000000000000000000000000000000000010010011100111000011111111110100111100111000101000111110111010001001
000000000000000000000000000000000000000000000000000000000000000000000000000000000000000000000000000000000000
000000000000000000000000000000000000000000000000000000000000000000000000000000000000000000000000000000000000
000010110010000010111011011110111101000110010100000011111010010101000011111100110011010111111110000011110010
000000000000000000000000000000000000000011010010010111111100011001100101111010011110101011000010011011000000
000000000000000000000000000000000000000000000000000000000000000000000000000000000000000000000000000000000000
000000000000000000000000000000000000000000000000000000000000000000000000000000000000000000000000000000000000
000100100101001111000010110000100000000011111111110010111001100111010010111100011000000001111100111111111100
000000000000000000000000000000000000000011110110001101000110011000111011000001000100000011111001011001111110
000000000000000000000000000000000000000000000000000000000000000000000000000000000000000000000000000000000000
000000000000000000000000000000000000000000000000000000000000000000000000000000000000000000000000000000000000
111001101001011001000010001100100000000101101000011110000011010001110111000000110100010011111010001101001011
000000000000000000000000000000000000000110001111101110000010100111001101111001011111010011111110000110100001
000000000000000000000000000000000000000000000000000000000000000000000000000000000000000000000000000000000000
000000000000000000000000000000000000000000000000000000000000000000000000000000000000000000000000000000000000
000000110001101011000010001001100000111100101101110100000010110000100010111001011000000111000100001010001101
000000000000000000000000000000000000000110010101011111000000111001010000111001100011011010111110101100010001
000000000000000000000000000000000000000000000000000000000000000000000000000000000000000000000000000000000000
000000000000000000000000000000000000000000000000000000000000000000000000000000000000000000000000000000000000
000101101111101100000110101010011010000001010100111111000001001100010010000101011111010111000100010010101010
000000000000000000000000000000000000111101011001101001000100011011111010111010110111100000000000000010001010
000000000000000000000000000000000000000000000000000000000000000000000000000000000000000000000000000000000000
000000000000000000000000000000000000000000000000000000000000000000000000000000000000000000000000000000000000
111111011111110100111100000100110001111101100000011011111110100001001000000110100001011100000001001011100010
000000000000000000000000000000000000111100100111101010000011111100111011000000111010011011111110110111001110
000000000000000000000000000000000000000000000000000000000000000000000000000000000000000000000000000000000000
000000000000000000000000000000000000000000000000000000000000000000000000000000000000000000000000000000000000
111011111101011000000110010100000101000101100010010100000100010101101100000000101011010100000000100001011100
000000000000000000000000000000000000111110010001001111000110101001011100111100100101100010111100111001000111
000000000000000000000000000000000000000000000000000000000000000000000000000000000000000000000000000000000000
000000000000000000000000000000000000000000000000000000000000000000000000000000000000000000000000000000000000
111110101110000110111101011011011110000000111111100010000010001110111101111010111000011100000001010010000011
000000000000000000000000000000000000000001010010101000111100001111100111111100111011000100000100110101111011
000000000000000000000000000000000000000000000000000000000000000000000000000000000000000000000000000000000000
000000000000000000000000000000000000000000000000000000000000000000000000000000000000000000000000000000000000
111010110010101111111110010001101010111001100011011101111010001000101111000101000001111010000001010010111010
000000000000000000000000000000000000111100001011000101111011000100010111000001010001010001111011010101101001
000000000000000000000000000000000000000000000000000000000000000000000000000000000000000000000000000000000000
000000000000000000000000000000000000000000000000000000000000000000000000000000000000000000000000000000000000
000000000000010100111010010001010010111111010110111110000010011100101010111010100110101110111110000010010110
000000000000000000000000000000000000000010110011000000111011001001000111000010101101011000000100001110100010
000000000000000000000000000000000000000000000000000000000000000000000000000000000000000000000000000000000000
000000000000000000000000000000000000000000000000000000000000000000000000000000000000000000000000000000000000
000101110001110101111100011101010001000001110111010110000101001010010100000011010111001101000110010000111101
000000000000000000000000000000000000111111000101001101111001011111110110111011100010011011000110100011110001
000000000000000000000000000000000000000000000000000000000000000000000000000000000000000000000000000000000000
000000000000000000000000000000000000000000000000000000000000000000000000000000000000000000000000000000000000
111001100101100111000010010110010000111011010000011111000110000110111111000001001101101000000000100011110011
000000000000000000000000000000000000111110100010111111111100100010100111000011011101011011111010110010000101
000000000000000000000000000000000000000000000000000000000000000000000000000000000000000000000000000000000000
000000000000000000000000000000000000000000000000000000000000000000000000000000000000000000000000000000000000
000011111100000000111110100100000010000101010000011101000011011000110111111110011010011010111101111100011111
000000000000000000000000000000000000000001010011111110111010011011100101111110001100001011000010010001000111
000000000000000000000000000000000000000000000000000000000000000000000000000000000000000000000000000000000000
000000000000000000000000000000000000000000000000000000000000000000000000000000000000000000000000000000000000
111011010000000111000100000111100101000101001011111111111101100000000110111101110110011110000011100001000011
000000000000000000000000000000000000000001111101010100000101010100010011000101101000001110000000100000101000
000000000000000000000000000000000000000000000000000000000000000000000000000000000000000000000000000000000000
000000000000000000000000000000000000000000000000000000000000000000000000000000000000000000000000000000000000
111110110011110011000001110111010110000101001100010001111110111000001011000110010001101000111011010010001111
000000000000000000000000000000000000000101000000111010000001010110000110000010000010101110000110011101100000
000000000000000000000000000000000000000000000000000000000000000000000000000000000000000000000000000000000000
000000000000000000000000000000000000000000000000000000000000000000000000000000000000000000000000000000000000
000110100011010100111001100011000001111111011110101001111011100001001100000001011111000000000110001000010101
000000000000000000000000000000000000000100000001011000000110000100101001111011001011000001111101010111111111
000000000000000000000000000000000000000000000000000000000000000000000000000000000000000000000000000000000000
000000000000000000000000000000000000000000000000000000000000000000000000000000000000000000000000000000000000
111010100111100100111011000010111000000101111111110110111001110011100110000100100100010100111010111001001010
000000000000000000000000000000000000000100010000011111111100100000011110111111011000000000111110110001001010
000000000000000000000000000000000000000000000000000000000000000000000000000000000000000000000000000000000000
000000000000000000000000000000000000000000000000000000000000000000000000000000000000000000000000000000000000
111001110000000101111010011101111010000000010001100011111110000100001000111101011111001100000101100111011111
000000000000000000000000000000000000111100011000011011111101111000000001111110101110110101000110001001000110
000000000000000000000000000000000000000000000000000000000000000000000000000000000000000000000000000000000000
000000000000000000000000000000000000000000000000000000000000000000000000000000000000000000000000000000000000
111010100100100011000011101000101101000000101110110111111101010101111100000010101101000011000001011011111011
000000000000000000000000000000000000111111001010011000000011001010001110000010101110110011000010011101010001
000000000000000000000000000000000000000000000000000000000000000000000000000000000000000000000000000000000000
000000000000000000000000000000000000000000000000000000000000000000000000000000000000000000000000000000000000
