000011101110001011000110111100000010000001011111101010000011010101101100111000111111111101000001001001000001
000001111010100011111010110101010111000011100001001111111101101011011111111010100011010110000111100011111111
111010101010101110000101011110011101000000101111010001000001011000000110000101010000110001111111111001110010
000001111001000110111011101101011110000010111001001100111010011101000010000110110010011110111000001100110000
000101100010001010000011000101111010111010000001100001111000010010110110111100000001011001111111110111010011
000010101111110100000111000100110010000001001000010000000010111111010001111011111111101011111100111101111110
000110000000010101111001011101001100111111101100001111111001101111011001000000110010010100000100011010100110
000100110011111000111100100010000101000011100001110111000110011110110101111010100000010000000010111000111001
111000000111001101111010000010110111000010001110111001000011111110001111111000001010011110000010111000111010
111010001111100111111000110110111011000011001101110100111110001011110100111100101010111110110111101100111100
000111111110000011111101011111111000111110001111110100000111001101101101000101000011111111111100001001000001
000011000101101011111001000100011011111100011001111001111110010000001100111001000110101010111001101101100010
000110011101100100111011111110000001000001000110110010000101111000001010111110000111001101111100110110011100
111001011010111110111101010101000010000011010100100111111010010001011100111011110110111000111110000001010010
000011001011100100111100101111111100000000011010000110000000010101110101111111100100011011000001111111111010
111100111110010010111110110010111000111010011000110111111010001110101110111101001010001111110111101100110011
000011001100110011000110100010001110111010011110010110111111011011010001111110001101110110000011101100001011
001000001101011100000111000010011111001000000111001001111101011011101111000101001101000001111011101010110110
111001101001111010000110100011000110111011100111001001111000110011110100111011101110110111110111111111010010
111110000001110000000010000101000001000000010111001000111011010011111011000000100010011110000100000011000101
000000000000000000000000000000000000000000000000000000000000000000000000000000000000000000000000000000000000
000000000000000000000000000000000000000000000000000000000000000000000000000000000000000000000000000000000000
000000000000000000000000000000000000000000000000000000000000000000000000000000000000000000000000000000000000
000000000000000000000000000000000000000000000000000000000000000000000000000000000000000000000000000000000000
