111101100001000100000101000111011011000101001100001011111011000000110011000010100011001111111110100010100101
111101010110110111111001100100111110000010100110110111000000100111011110000110000111000001000100010011100100
111101011001101010111001110100011111000011111101110001111011001100110010111101001101001010111111011000100100
111101101001111111000101011011100000000100001001100000111100010100000101000011100010011010000100011011111100
111101011111010100000010010011110001111101101010000011000110000010101100111111001000111000000100101100011111
111010001101111110000110010111111111111010110100100100111010011110011010000110000110001101111010011001110011
000101011010110101000100101001101000111010100010111101000010100110110010000010010001100011000001111100000111
000001100110011001000000010100010011000101001010111001000100011011110111000011000000110111000101100101100110
000000011110000111111101100000110100111110100011001001111101010010101010111011100011011101111111000001101011
000001101001110110111110000101011110111111111010010111111001011110101100111111110011111100111100000011011001
000010001111100010000001101010101011111010001000100011111111001010010010000011101001111010000001001010110101
000110101100111110000101101000110111000010001001000011111100001110011000111010000011001110111100101110101010
111111001000111110111010001001101110000101111100001000000011100110110011000110001101101100111011111000000100
111010111000110101111011001111100100000000010001111100000100110000100001111011011100110000000110001010011110
111110010100001110111010111100010100000001111011100011111011100100100000000100110000111101111110001000011110
000101110010011110000100000000111110111101100000011001111011101001001110000001101010100011111110110101100101
000100011111111101111110100010110011111011000010111001000101110001100101111010110011111111000100110100101110
111001010110111000000000100010111001000001000101101010000110100000011001000100100101001011000010100111111000
111111011100000011111100111110110000000110101010011000111111000101100001000100100011111011000101011011000111
000100101111000100111011010011110001000001001000100001111111010111000010000100001010000011000011000101111110
111101001100101110000110100010010110111111010110110100111111110110011000000010101011111010111100110001111110
000110000110101010111010100111000011111110110110111010111110001110011110000110100010111001111100000100100001
000001000010101011000100000111111101000011000111000111111111000000110100111100110101010001111111001100100111
000110010001011101111111111101101001000001000101011011000110011111001101000010000011000010000101101001111001
000101110100100100000000110111011000111001110110100101111100110011111011000001111001010000000011110100010001
111011101010010101111010101111001101000101011011000110000101101111110001111110101000111011000000011001110010
000101001100001111111001100100110011111010010010010010000010101001111011000101101111101000000000010100101101
111010111001011011000010001100101010111111100000000111111111010100000001000001101011101000000100100100110010
000110100011101011111001011011011000111111001000011101111100001111111101111110010110010101111111110100000011
111111110100011011111110100001110000000110100100111111111110001011111001000001010011100100111011000100000010
000001110011000011111100001111100111111011100101000001111010010010110001111010100100011101000100011011001100
111010001010101111000000111001111100000000011111010010111111101000111110000010011010000111000100011111001101
111110001100010100000101100100010010111100110110000111000101010001100101000000111011000001000110011010101011
000000111101001111111111100111011001111010010001010010000011101110101000111111001001000110111010101100001100
000001011100111000000110100100011011000101000100101111000011011011101000111100001111110001000000000011011100
111101011010001000000100011100010110000011001101110001000001001110100011000101001111101110111100111000101100
000001001101000110111010101000111011111111111001011101111010001110011111000100001111010100111110000011001010
111100101101110101000010000110110010111111011100100011111110001110110000000101000000000101000001101110101100
000001101100010000000001011100110011111100001111010001000001001101101111000110001001111101111011100000010011
000011001001011100000110011010101001111001011000010101000010101111110011000001000010011011000101111010000101
000000000000000000000000000000000000000000000000000000000000000000000000000000000000000000000000000000000000
000000000000000000000000000000000000000000000000000000000000000000000000000000000000000000000000000000000000
000000000000000000000000000000000000000000000000000000000000000000000000000000000000000000000000000000000000
000000000000000000000000000000000000000000000000000000000000000000000000000000000000000000000000000000000000
000000000000000000000000000000000000000000000000000000000000000000000000000000000000000000000000000000000000
000000000000000000000000000000000000000000000000000000000000000000000000000000000000000000000000000000000000
000000000000000000000000000000000000000000000000000000000000000000000000000000000000000000000000000000000000
000000000000000000000000000000000000000000000000000000000000000000000000000000000000000000000000000000000000
000000000000000000000000000000000000000000000000000000000000000000000000000000000000000000000000000000000000
000000000000000000000000000000000000000000000000000000000000000000000000000000000000000000000000000000000000
000000000000000000000000000000000000000000000000000000000000000000000000000000000000000000000000000000000000
000000000000000000000000000000000000000000000000000000000000000000000000000000000000000000000000000000000000
000000000000000000000000000000000000000000000000000000000000000000000000000000000000000000000000000000000000
000000000000000000000000000000000000000000000000000000000000000000000000000000000000000000000000000000000000
000000000000000000000000000000000000000000000000000000000000000000000000000000000000000000000000000000000000
000000000000000000000000000000000000000000000000000000000000000000000000000000000000000000000000000000000000
000000000000000000000000000000000000000000000000000000000000000000000000000000000000000000000000000000000000
000000000000000000000000000000000000000000000000000000000000000000000000000000000000000000000000000000000000
000000000000000000000000000000000000000000000000000000000000000000000000000000000000000000000000000000000000
000000000000000000000000000000000000000000000000000000000000000000000000000000000000000000000000000000000000
000000000000000000000000000000000000000000000000000000000000000000000000000000000000000000000000000000000000
000000000000000000000000000000000000000000000000000000000000000000000000000000000000000000000000000000000000
000000000000000000000000000000000000000000000000000000000000000000000000000000000000000000000000000000000000
000000000000000000000000000000000000000000000000000000000000000000000000000000000000000000000000000000000000
000000000000000000000000000000000000000000000000000000000000000000000000000000000000000000000000000000000000
000000000000000000000000000000000000000000000000000000000000000000000000000000000000000000000000000000000000
000000000000000000000000000000000000000000000000000000000000000000000000000000000000000000000000000000000000
000000000000000000000000000000000000000000000000000000000000000000000000000000000000000000000000000000000000
000000000000000000000000000000000000000000000000000000000000000000000000000000000000000000000000000000000000
000000000000000000000000000000000000000000000000000000000000000000000000000000000000000000000000000000000000
000000000000000000000000000000000000000000000000000000000000000000000000000000000000000000000000000000000000
000000000000000000000000000000000000000000000000000000000000000000000000000000000000000000000000000000000000
000000000000000000000000000000000000000000000000000000000000000000000000000000000000000000000000000000000000
000000000000000000000000000000000000000000000000000000000000000000000000000000000000000000000000000000000000
000000000000000000000000000000000000000000000000000000000000000000000000000000000000000000000000000000000000
000000000000000000000000000000000000000000000000000000000000000000000000000000000000000000000000000000000000
000000000000000000000000000000000000000000000000000000000000000000000000000000000000000000000000000000000000
000000000000000000000000000000000000000000000000000000000000000000000000000000000000000000000000000000000000
000000000000000000000000000000000000000000000000000000000000000000000000000000000000000000000000000000000000
000000000000000000000000000000000000000000000000000000000000000000000000000000000000000000000000000000000000
000000000000000000000000000000000000000000000000000000000000000000000000000000000000000000000000000000000000
000000000000000000000000000000000000000000000000000000000000000000000000000000000000000000000000000000000000
000000000000000000000000000000000000000000000000000000000000000000000000000000000000000000000000000000000000
000000000000000000000000000000000000000000000000000000000000000000000000000000000000000000000000000000000000
000000000000000000000000000000000000000000000000000000000000000000000000000000000000000000000000000000000000
000000000000000000000000000000000000000000000000000000000000000000000000000000000000000000000000000000000000
000000000000000000000000000000000000000000000000000000000000000000000000000000000000000000000000000000000000
000000000000000000000000000000000000000000000000000000000000000000000000000000000000000000000000000000000000
000000000000000000000000000000000000000000000000000000000000000000000000000000000000000000000000000000000000
000000000000000000000000000000000000000000000000000000000000000000000000000000000000000000000000000000000000
000000000000000000000000000000000000000000000000000000000000000000000000000000000000000000000000000000000000
000000000000000000000000000000000000000000000000000000000000000000000000000000000000000000000000000000000000
000000000000000000000000000000000000000000000000000000000000000000000000000000000000000000000000000000000000
000000000000000000000000000000000000000000000000000000000000000000000000000000000000000000000000000000000000
000000000000000000000000000000000000000000000000000000000000000000000000000000000000000000000000000000000000
000000000000000000000000000000000000000000000000000000000000000000000000000000000000000000000000000000000000
