000101100011000010000010100111101100111010000101110011000100111110001111111110110000010110111100110111111010
000000000000000000000000000000000000111101101000001100000010100001001100000110010111101100111011000111110010
000000000000000000000000000000000000000000000000000000000000000000000000000000000000000000000000000000000000
000000000000000000000000000000000000000000000000000000000000000000000000000000000000000000000000000000000000
000100011000111001111001111101111011111010010101000010111101111110001000111111011101111101111011100000110101
000000000000000000000000000000000000111101111110001101111111001010101010000100110001101010000010110100101111
000000000000000000000000000000000000000000000000000000000000000000000000000000000000000000000000000000000000
000000000000000000000000000000000000000000000000000000000000000000000000000000000000000000000000000000000000
000100000001011010111101100010101101000010100101110011111100010000101100000000100101101101000001001100110010
000000000000000000000000000000000000111001111110101000000011111101100101000100010000011011111110001100100100
000000000000000000000000000000000000000000000000000000000000000000000000000000000000000000000000000000000000
000000000000000000000000000000000000000000000000000000000000000000000000000000000000000000000000000000000000
111100110111011011111101111111111101000101010000110100111001111000010100000000011110001110111111011011110011
000000000000000000000000000000000000000001100111110101000100010110101011111010011111101000111010101111011000
000000000000000000000000000000000000000000000000000000000000000000000000000000000000000000000000000000000000
000000000000000000000000000000000000000000000000000000000000000000000000000000000000000000000000000000000000
111010101111000001111101001110011110111110101000111101000110001111001101111100110000111000000011000100001101
000000000000000000000000000000000000111111100000111110000011101110011001000110001100110111000100110100011010
000000000000000000000000000000000000000000000000000000000000000000000000000000000000000000000000000000000000
000000000000000000000000000000000000000000000000000000000000000000000000000000000000000000000000000000000000
111100111101010101111110011000010000000001010111111101111011110000010000000101111001111001000001101110101111
000000000000000000000000000000000000000000101111011110000010110110000000000010101001011010000101010110100001
000000000000000000000000000000000000000000000000000000000000000000000000000000000000000000000000000000000000
000000000000000000000000000000000000000000000000000000000000000000000000000000000000000000000000000000000000
000000100110111111000010111011011101000101100000101100111011010000011101111111111111001010000011001010101110
000000000000000000000000000000000000000000001011000110111110110000101010111110011010111000000100011101111101
000000000000000000000000000000000000000000000000000000000000000000000000000000000000000000000000000000000000
000000000000000000000000000000000000000000000000000000000000000000000000000000000000000000000000000000000000
111110110011001111111010001111000000000101111011100011000100010100010101111010011100011011000010011100010101
000000000000000000000000000000000000111100001011001101000110010001011001000011001001011010111100001011100101
000000000000000000000000000000000000000000000000000000000000000000000000000000000000000000000000000000000000
000000000000000000000000000000000000000000000000000000000000000000000000000000000000000000000000000000000000
000100100000101001111011011011000000111111111111100010111011100000000110111111010000100110000001110111100010
000000000000000000000000000000000000111111010000011001111101111000011110000101101100100011111100010110011000
000000000000000000000000000000000000000000000000000000000000000000000000000000000000000000000000000000000000
000000000000000000000000000000000000000000000000000000000000000000000000000000000000000000000000000000000000
000010010110011111000011011000001011000101100010101111000000001000110011111010111010001001000000111011001000
000000000000000000000000000000000000111011100000000111000011101101101111111110100000011101000101010110110000
000000000000000000000000000000000000000000000000000000000000000000000000000000000000000000000000000000000000
000000000000000000000000000000000000000000000000000000000000000000000000000000000000000000000000000000000000
000101101110011101000000001100001010000010001010101000000000111101010101111010011111100001111100010101111101
000000000000000000000000000000000000000101111010010101111001011110011000000100001010111101111011110100101101
000000000000000000000000000000000000000000000000000000000000000000000000000000000000000000000000000000000000
000000000000000000000000000000000000000000000000000000000000000000000000000000000000000000000000000000000000
111010010101010100111010011010100011111101001010101010111010011111010000000001010101011000111011000100110100
000000000000000000000000000000000000111010110011011001000100000100000001111110100011001000000100110001100101
000000000000000000000000000000000000000000000000000000000000000000000000000000000000000000000000000000000000
000000000000000000000000000000000000000000000000000000000000000000000000000000000000000000000000000000000000
000100000000001001000001100000001100111010110011000000000101001001010011000110000000011000000011100101110100
000000000000000000000000000000000000000001011111010111000101110111100101000110001000111100000001011010000111
000000000000000000000000000000000000000000000000000000000000000000000000000000000000000000000000000000000000
000000000000000000000000000000000000000000000000000000000000000000000000000000000000000000000000000000000000
000110001110110101000101101110010100000011000011100010000110101101111010000010000001101010111110100111110000
000000000000000000000000000000000000000110000111111110111100000001110111000011000010111000111001111001000111
000000000000000000000000000000000000000000000000000000000000000000000000000000000000000000000000000000000000
000000000000000000000000000000000000000000000000000000000000000000000000000000000000000000000000000000000000
111111011111100110000110010111101101000010100011111101111110011000001101000100101001100100111011001111010100
000000000000000000000000000000000000111100110010010011111101101101010010000000111111101110000011011101101001
000000000000000000000000000000000000000000000000000000000000000000000000000000000000000000000000000000000000
000000000000000000000000000000000000000000000000000000000000000000000000000000000000000000000000000000000000
111011110100001010111001111101011100000101001011111010111101011111000011000100101111100000111011101100011001
000000000000000000000000000000000000000001001100011101111010111111010011000101010001010101111010110010000100
000000000000000000000000000000000000000000000000000000000000000000000000000000000000000000000000000000000000
000000000000000000000000000000000000000000000000000000000000000000000000000000000000000000000000000000000000
111010000110111010111011001011100011000101111011001110111001100000010101000010110101010100111110001101011111
000000000000000000000000000000000000000000101000011000111010010010101011111010101110010111111001010010110000
000000000000000000000000000000000000000000000000000000000000000000000000000000000000000000000000000000000000
000000000000000000000000000000000000000000000000000000000000000000000000000000000000000000000000000000000000
111011000010101010111001011101010010000100101111000000000100110011111110111101001101100101000001001101010011
000000000000000000000000000000000000000010101100110110000010110100100000000011101111101000111011110011111100
000000000000000000000000000000000000000000000000000000000000000000000000000000000000000000000000000000000000
000000000000000000000000000000000000000000000000000000000000000000000000000000000000000000000000000000000000
111100111100110000000011000010000100111010111000010010111100110100000110000100011101111001111010100011101111
000000000000000000000000000000000000111001100001100010111101101110001001111101011100111101111001010111001101
000000000000000000000000000000000000000000000000000000000000000000000000000000000000000000000000000000000000
000000000000000000000000000000000000000000000000000000000000000000000000000000000000000000000000000000000000
111111000111101100111010110111100111111111110011000011000000011010010110000101100001010011111100100001000001
000000000000000000000000000000000000111011100001110000111100001011011010111001100010101101111010000101101100
000000000000000000000000000000000000000000000000000000000000000000000000000000000000000000000000000000000000
000000000000000000000000000000000000000000000000000000000000000000000000000000000000000000000000000000000000
111110100101100010111100000001011100000000010011011101000101001011110000111101100000101111111101101001110100
000000000000000000000000000000000000000100110101100111000100000110001000000000100101101010111011111000000010
000000000000000000000000000000000000000000000000000000000000000000000000000000000000000000000000000000000000
000000000000000000000000000000000000000000000000000000000000000000000000000000000000000000000000000000000000
000001001110011100000101101011001010111111110100100010000000110001101100111011100010011001111001110101110101
000000000000000000000000000000000000000101111111110100111100001101011110111111110010010010000010011100010010
000000000000000000000000000000000000000000000000000000000000000000000000000000000000000000000000000000000000
000000000000000000000000000000000000000000000000000000000000000000000000000000000000000000000000000000000000
111011101110001100000001111011011010000110101000011111111010011110110101000100111111011100111110001011111101
000000000000000000000000000000000000000101001010110100000011010011111001111010111000010111111110110011000011
000000000000000000000000000000000000000000000000000000000000000000000000000000000000000000000000000000000000
000000000000000000000000000000000000000000000000000000000000000000000000000000000000000000000000000000000000
111100100000001010111010110101000101111111110110101011111111101010111000111110011101100110000100101111010111
000000000000000000000000000000000000000100001011001001111111100111011011000010111011000010000001011001010111
000000000000000000000000000000000000000000000000000000000000000000000000000000000000000000000000000000000000
000000000000000000000000000000000000000000000000000000000000000000000000000000000000000000000000000000000000
