000010001011101010111010010110001111111111101000101010000010001111100000111101010111001111111011000011101100
000000000000000000000000000000000000000110000100101001111010111010010111111100011111111000111011001001110110
111010011110100110000111001111100010000110000010111111000001110010111110000100110011001011000100010110100111
000000000000000000000000000000000000110111101110010001111100110111111011111011111110101101111011000000111110
111100011101011100111111100111110010111111001000100110000101011010101101000101011010001011000000001011001110
000000000000000000000000000000000000000011010101001111111011111100100100000100000110010100111101101111011101
000001100101100011111110001001001011111101001110010011111100001111101111000001101010001000111001000100101000
000000000000000000000000000000000000111011010101010011000101100011111100000011110010111000000111000000000110
000100110101000100111010110111001011111100100100010111111100110000110000000001000001111010111001010001101110
000000000000000000000000000000000000111011111001001111111000110110001011111100111011101000000111000010000001
111101101100010100111011101100100101111110001011100000111100001000111010111100100100010010000000001100010011
000000000000000000000000000000000000111100010011011101111000101100101100111100101001001010000011011001101111
000101001000101000111011011110000110111101001010001101111110001010001100111100001010110101111000001011001011
000000000000000000000000000000000000110111101101110010000100110000001110000110001010101000111011000001010011
111100101100100011111011111001001100111000000110000111000100101001101001111111000001110001000000100100011100
000000000000000000000000000000000000000001010100111111111101011101111100111101011010001101111100110100000011
111110010111011000111101000111000010111010011111010101111100101010100010000100110100111001111001011000011000
000000000000000000000000000000000000110111110101101111110111101101100110111100100011001110000011001100101010
000110101001000000000000101110010001111111011100110101000110001001110101000111100101100111111111110110111000
000000000000000000000000000000000000111100110011011001111111011110010010000110111101001000111000101011111101
000010111101101111111010010000110001111101010110110111000100101000100101000100011111011010000110101011010110
000000000000000000000000000000000000111101110111010111111001000001001111111011101110000000111110001010001010
000000001101000010111001110101111111000111100100011010000101000101001101111110001011011101111000111110111000
000000000000000000000000000000000000110111110101001010111000101111011000111001100011000100111010000010000010
