111101011100001111000100001001101000000010011110100001111111101111000010000010000001100110000011011001011100
000000000000000000000000000000000000111110001010010010000010011111011100000001011001010110000110100101110100
000000000000000000000000000000000000000000000000000000000000000000000000000000000000000000000000000000000000
000000000000000000000000000000000000000000000000000000000000000000000000000000000000000000000000000000000000
000100001100100010000100011101100011111011010110111000000101011111000001111011111011111100000100010100110001
000000000000000000000000000000000000111100101111011110000000011111100111111011001000111011111001011000111011
000000000000000000000000000000000000000000000000000000000000000000000000000000000000000000000000000000000000
000000000000000000000000000000000000000000000000000000000000000000000000000000000000000000000000000000000000
000010001001001110000101110010010100000110011100101100000000001110100110000000000101111110111010101010100000
000000000000000000000000000000000000000010000111011111111111101000011110111101110011111010111100001011000101
000000000000000000000000000000000000000000000000000000000000000000000000000000000000000000000000000000000000
000000000000000000000000000000000000000000000000000000000000000000000000000000000000000000000000000000000000
111110010011000011111100000110010011111111000000010100000100011110111011111001100100100011000101001010011011
000000000000000000000000000000000000111110010011010111000110100111010101111100001110110011000010001111000100
000000000000000000000000000000000000000000000000000000000000000000000000000000000000000000000000000000000000
000000000000000000000000000000000000000000000000000000000000000000000000000000000000000000000000000000000000
111010001010111011111001111001111111000110000010101000000101001101011011000101101011101011000100011011000011
000000000000000000000000000000000000000000110101101111000100000111001101111011111101100000000100110001111100
000000000000000000000000000000000000000000000000000000000000000000000000000000000000000000000000000000000000
000000000000000000000000000000000000000000000000000000000000000000000000000000000000000000000000000000000000
000101000100011010111010010110010001000110101101010100111001100110001001000010100011100010000101001111010010
000000000000000000000000000000000000000010001001110100000010001101100111000101101011001011111010101011000111
000000000000000000000000000000000000000000000000000000000000000000000000000000000000000000000000000000000000
000000000000000000000000000000000000000000000000000000000000000000000000000000000000000000000000000000000000
000001101111010011000001001000100100111110100000111101111001101110100000111100110001101011000010011111000010
000000000000000000000000000000000000000010111001110110111100110111011110000001000001110001000000111110110001
000000000000000000000000000000000000000000000000000000000000000000000000000000000000000000000000000000000000
000000000000000000000000000000000000000000000000000000000000000000000000000000000000000000000000000000000000
000000111001010010000000111011110111111100000000111001000101110011100011000011001001000011000001000110100011
000000000000000000000000000000000000111101110001111011111011000011100111000100011010000110000101101101111011
000000000000000000000000000000000000000000000000000000000000000000000000000000000000000000000000000000000000
000000000000000000000000000000000000000000000000000000000000000000000000000000000000000000000000000000000000
000011111111011100111111111001111111000110100100010001000011111001011001111100010010000100111010010100101111
000000000000000000000000000000000000111001100001011000000100101111010011000000110001000110111111100001110001
000000000000000000000000000000000000000000000000000000000000000000000000000000000000000000000000000000000000
000000000000000000000000000000000000000000000000000000000000000000000000000000000000000000000000000000000000
111001101110110111111011111011001001111101001111100101000101000111000100111111111110110011111010001011101101
000000000000000000000000000000000000111011101001001111111110010000100000111111101101000000000000001110010011
000000000000000000000000000000000000000000000000000000000000000000000000000000000000000000000000000000000000
000000000000000000000000000000000000000000000000000000000000000000000000000000000000000000000000000000000000
000101111011001110111100100101000101000100111110100001111011010101001011000100111011111110111100010111010110
000000000000000000000000000000000000111100110000010000111110111000010010000011110011100111000101011111100000
000000000000000000000000000000000000000000000000000000000000000000000000000000000000000000000000000000000000
000000000000000000000000000000000000000000000000000000000000000000000000000000000000000000000000000000000000
000011011110001011000011101101010000000110100000101111111111011110101101111011100010100011111111010001110001
000000000000000000000000000000000000111111101010101010000000001101011100111101101100001000000010011111000101
000000000000000000000000000000000000000000000000000000000000000000000000000000000000000000000000000000000000
000000000000000000000000000000000000000000000000000000000000000000000000000000000000000000000000000000000000
000001000100110110000001010111001000111010101000000010111110111000010001000101000111011011000101011000001010
000000000000000000000000000000000000111100001111110001000100110000011100111110000011101101000011011010001110
000000000000000000000000000000000000000000000000000000000000000000000000000000000000000000000000000000000000
000000000000000000000000000000000000000000000000000000000000000000000000000000000000000000000000000000000000
111010001000101000000000011111011100111010111011001110000110011100011011111110011110001111000110000001001100
000000000000000000000000000000000000000010101010111010111100110010010010000101110101001101000010100000001001
000000000000000000000000000000000000000000000000000000000000000000000000000000000000000000000000000000000000
000000000000000000000000000000000000000000000000000000000000000000000000000000000000000000000000000000000000
000000111011010101111010010001101010111011100010011010000000111010001000111111001011100011111011101100010011
000000000000000000000000000000000000000101011100100010000101011010010110111111000010110001000110100111110000
000000000000000000000000000000000000000000000000000000000000000000000000000000000000000000000000000000000000
000000000000000000000000000000000000000000000000000000000000000000000000000000000000000000000000000000000000
111011011001000001111100111100001100111101011101101100000110011010011011000010001100110111000010110000011000
000000000000000000000000000000000000111011110110101100000100110011000011111010111010100000111100000100101101
000000000000000000000000000000000000000000000000000000000000000000000000000000000000000000000000000000000000
000000000000000000000000000000000000000000000000000000000000000000000000000000000000000000000000000000000000
111111010010101101111111101000111100000100001110100110000101111001011110111001011000100100111011000000110110
000000000000000000000000000000000000111110110010100111000000011011101100111111010111011010111101001011110001
000000000000000000000000000000000000000000000000000000000000000000000000000000000000000000000000000000000000
000000000000000000000000000000000000000000000000000000000000000000000000000000000000000000000000000000000000
000010000101111111000000010010011100000010100101010100000010010101110011000011100011100000000000010101000011
000000000000000000000000000000000000000100010110010111000000010100011100111101011111010001111101000111000101
000000000000000000000000000000000000000000000000000000000000000000000000000000000000000000000000000000000000
000000000000000000000000000000000000000000000000000000000000000000000000000000000000000000000000000000000000
111110100110100010111101010011011101000011110011111011111010100110001111000001001100001101111100111011101011
000000000000000000000000000000000000111011001010000110111110101101001100000000010100011001000010011011111110
000000000000000000000000000000000000000000000000000000000000000000000000000000000000000000000000000000000000
000000000000000000000000000000000000000000000000000000000000000000000000000000000000000000000000000000000000
111100010000000101000001001010011011111110010011110111000101101110000011111001101011111101111010010110001110
000000000000000000000000000000000000000001111000010010111001101111010011111101100111000101111100111001100000
000000000000000000000000000000000000000000000000000000000000000000000000000000000000000000000000000000000000
000000000000000000000000000000000000000000000000000000000000000000000000000000000000000000000000000000000000
111001111111011111000000111111100000000010101011010101000011100111001111000101001000010100111011010100111011
000000000000000000000000000000000000111001011011011110111010000001110000000000110010101100111100001000100110
000000000000000000000000000000000000000000000000000000000000000000000000000000000000000000000000000000000000
000000000000000000000000000000000000000000000000000000000000000000000000000000000000000000000000000000000000
111111000000100011111111000100011001111111011011101111111001011100111101111101011000010010111011000101111011
000000000000000000000000000000000000111010001011111001111101100110011111111011110011011000000001111101101110
000000000000000000000000000000000000000000000000000000000000000000000000000000000000000000000000000000000000
000000000000000000000000000000000000000000000000000000000000000000000000000000000000000000000000000000000000
111110111110000110111110110111000010000100110011001101000010011010111101111010100110100100111111110100010101
000000000000000000000000000000000000111010000010000100000000111100101000111111001111100111000011111100111000
000000000000000000000000000000000000000000000000000000000000000000000000000000000000000000000000000000000000
000000000000000000000000000000000000000000000000000000000000000000000000000000000000000000000000000000000000
000000000011111000111010101111100101111111110111100101000000011101010101111011000010100100000100100111111000
000000000000000000000000000000000000000110001110101011000010000011100000000101101111010000000011001101011001
000000000000000000000000000000000000000000000000000000000000000000000000000000000000000000000000000000000000
000000000000000000000000000000000000000000000000000000000000000000000000000000000000000000000000000000000000
