000011111011100001001000010000000000111111011111011010110111110010111101111011100001001110000001100001101110
000000000000000000000000000000000000000000011111010000111010101001000100111010100010010110000000101111110000
111101001010010111111011101100000000000100010000001101111110010111100001000001111110110010000001101011111001
000000000000000000000000000000000000000100111110001111000111000101111000000011000011111010111000001001001011
000000111110110001111010000011000011000110001110000101000000011010011100111110111111111001111111100011010100
000000000000000000000000000000000000000001100000001011111111001001111101000011110100000000000010101011111011
000111001110011110111010101110110011111111111011100011000000110111110110111001101100011111000010001110111100
000000000000000000000000000000000000000010111110100101000101010110000001000001010001101110111111111000111011
111110110010100000000011010001011101000111111110101010000110000010011100000111010110000110000101010110010001
000000000000000000000000000000000000111110001001010111111000110101011000000101110111011111111011111010001001
000111010110011100111011101011111110111101110010111110000000110010100110111101001111001100111101100001110010
000000000000000000000000000000000000000010101000000101000111010101100000111001000001111010000100101110101011
000011000100011001000110101111101010111000010001111100000000011001010110111001101111111101000101001011110110
000000000000000000000000000000000000000111100101101110111111011100001000000100110101011101111101011111000100
111111100111010110111100100111000101111011110001011010000001110101001101000100001100111111000111000001011110
000000000000000000000000000000000000111100101010001101000011000101110111111101000000101101000100110001110001
001000001001111001000110010111100110111010101010010010111010101100101100000101110110000101111110111110111001
000000000000000000000000000000000000000000111100110110111011000110001110111110101001000101111101000011001100
001000000111000101000001100001101111111010100111101100111111000000100010111000001001010010000000000111000001
000000000000000000000000000000000000111011111000001001111011111111001010000011010111101101000011001010001000
110111111100101000111010100100011000111110010011111111111000011001101011111001100100010000111110001110111100
000000000000000000000000000000000000000001110100101000111000000101110001000101101111000000000010010010100100
000111000001100001111011011010101011000010100111110001000110111010100101000101110100011110000101111011011100
000000000000000000000000000000000000111100100011110110111100100000110000111100010101111110111100110101111001
