111101011100010111000001010100101000000101111101011001111111001001001100111100011011011101111110011011100100
000110101011011010000101101001110001000010101111001101000100010001100000000110000001010001000100100100101110
111111111011100001000010110110111001111011111001000101000101010000100111000001000001011000111111111001000111
000110001100001011111111010100001101000001011010011110000101000011011000000110000010110011000010001100001110
000000001101111011000101101011011011111010111110111011111101010001101101111010011110101010111011011111010010
111010001111011010000011000010101011000010111101100110111100101111000101111011100011110110000001001011101110
000000111011101111000001110100111100111010101111101001000100100001100100111011001000011001111010011101101101
000011101110001000111011100100100001000100101010110000111010001011001001111101111100100011000000010101000100
111111110000110110000000110101111110000001111110101000000011110100110111000101100100011011111111000000111001
111101110100110011000101110111101010000000010111000100000000001111111110000010001001100011000010110000011010
111100101001101111111110011101011101111111010101111001111101101000011111111100110101100111000010111101110110
000001101010011000000010010101001000000001000111110010000000100000001011111010011110100000111001111101010101
111101101110100001000001001111110000000011111000111010111110100111111011000010111001111000111001110101011010
111110101100011011000000101110011100111101101010010010111101100100001010111011101101100000111011011011100000
000000011000000011111101000011011001000011010101101011111001110100011010000000011101110010000011011000110011
111010010111001011111101110111011111000001010011110101111100000101100011111110111110110110111011000110100100
111101110111011000111101110010110100111110111010001110111011110101111011111010011111101000000110010111010000
111111100001010001000101011100101011000100000010100111000000010101010110000000010010011111111100110101010011
111111000001111000000001000100001100111101101101000111000101111110100010111011001011011110000100111011010001
000000100001100101000001110010111110000101011101111101111010101001111001000011011110010010111110011001011111
111001101000000011000100000011001000111010111010100101000011111001010001000000110100000000000001001011110110
111001101100011000000101101111011001000110100000111000111100110100101111000101110100010100111011110001010001
111110110100000001111111000010001010000101101011001010111111111010001011000101000110011110000110001010011011
000110001101110011000110000100111111111100101110000010111111101000000111000001000100101101111011000101001001
000000101000111011000010110011101111000100011111001100111010100011111111000101001111111000111001110000101110
000010111111111111111010011100000100111111001111011001111101011111101001000011101000101000111100110111010101
000010100011101000000001110110000100000101010001001011111011110010001110111011101000111010000101000111010010
000001001101000111111011111001001001000110011001111011000110011111101010000110100101101111000000101100000000
000001111101001010111101000101001010000101110010000001111101010111110001111111110010111001111100010110011001
111101100111111010111110001101100010111111001011000010111110010001101100000010000000111110111100001011100101
000000100100000101111111010100010110000110011110110011111010111011101010111010010010110111000010110111111000
000011011011000110000000111110010110000100110100001001111111100011011100000100011000010111111101100110010100
111100001001011100111110011010110011111100011101000111000110101000000010000110011101000110111111100110011011
000101011101100101111100111100001000000010110011111000000011101001011110111110011000100001000000001010010101
111110010001010011000001111100101111000101001110111000000110011010000111000100010011111001111101000011100011
000010101100010110111100001100010110000100011010011001111111011100000010000011000100101111000101110011011010
000101000110010010000101111011100101000011000011011111111111110100100101000000111101100110000001100000011001
111101000110001001111011100010011111000001011000001010111100010001010011000100111101010110000110000111111001
000010110001001100111100001010001010111010000001000100000011100001000010000101111000101101111111111001110000
111111111001101010000011011010100110000101111110011101000101001001110001111111011010010011111011101010000111
000000000000000000000000000000000000000000000000000000000000000000000000000000000000000000000000000000000000
000000000000000000000000000000000000000000000000000000000000000000000000000000000000000000000000000000000000
000000000000000000000000000000000000000000000000000000000000000000000000000000000000000000000000000000000000
000000000000000000000000000000000000000000000000000000000000000000000000000000000000000000000000000000000000
000000000000000000000000000000000000000000000000000000000000000000000000000000000000000000000000000000000000
000000000000000000000000000000000000000000000000000000000000000000000000000000000000000000000000000000000000
000000000000000000000000000000000000000000000000000000000000000000000000000000000000000000000000000000000000
000000000000000000000000000000000000000000000000000000000000000000000000000000000000000000000000000000000000
000000000000000000000000000000000000000000000000000000000000000000000000000000000000000000000000000000000000
000000000000000000000000000000000000000000000000000000000000000000000000000000000000000000000000000000000000
000000000000000000000000000000000000000000000000000000000000000000000000000000000000000000000000000000000000
000000000000000000000000000000000000000000000000000000000000000000000000000000000000000000000000000000000000
000000000000000000000000000000000000000000000000000000000000000000000000000000000000000000000000000000000000
000000000000000000000000000000000000000000000000000000000000000000000000000000000000000000000000000000000000
000000000000000000000000000000000000000000000000000000000000000000000000000000000000000000000000000000000000
000000000000000000000000000000000000000000000000000000000000000000000000000000000000000000000000000000000000
000000000000000000000000000000000000000000000000000000000000000000000000000000000000000000000000000000000000
000000000000000000000000000000000000000000000000000000000000000000000000000000000000000000000000000000000000
000000000000000000000000000000000000000000000000000000000000000000000000000000000000000000000000000000000000
000000000000000000000000000000000000000000000000000000000000000000000000000000000000000000000000000000000000
000000000000000000000000000000000000000000000000000000000000000000000000000000000000000000000000000000000000
000000000000000000000000000000000000000000000000000000000000000000000000000000000000000000000000000000000000
000000000000000000000000000000000000000000000000000000000000000000000000000000000000000000000000000000000000
000000000000000000000000000000000000000000000000000000000000000000000000000000000000000000000000000000000000
000000000000000000000000000000000000000000000000000000000000000000000000000000000000000000000000000000000000
000000000000000000000000000000000000000000000000000000000000000000000000000000000000000000000000000000000000
000000000000000000000000000000000000000000000000000000000000000000000000000000000000000000000000000000000000
000000000000000000000000000000000000000000000000000000000000000000000000000000000000000000000000000000000000
000000000000000000000000000000000000000000000000000000000000000000000000000000000000000000000000000000000000
000000000000000000000000000000000000000000000000000000000000000000000000000000000000000000000000000000000000
000000000000000000000000000000000000000000000000000000000000000000000000000000000000000000000000000000000000
000000000000000000000000000000000000000000000000000000000000000000000000000000000000000000000000000000000000
000000000000000000000000000000000000000000000000000000000000000000000000000000000000000000000000000000000000
000000000000000000000000000000000000000000000000000000000000000000000000000000000000000000000000000000000000
000000000000000000000000000000000000000000000000000000000000000000000000000000000000000000000000000000000000
000000000000000000000000000000000000000000000000000000000000000000000000000000000000000000000000000000000000
000000000000000000000000000000000000000000000000000000000000000000000000000000000000000000000000000000000000
000000000000000000000000000000000000000000000000000000000000000000000000000000000000000000000000000000000000
000000000000000000000000000000000000000000000000000000000000000000000000000000000000000000000000000000000000
000000000000000000000000000000000000000000000000000000000000000000000000000000000000000000000000000000000000
000000000000000000000000000000000000000000000000000000000000000000000000000000000000000000000000000000000000
000000000000000000000000000000000000000000000000000000000000000000000000000000000000000000000000000000000000
000000000000000000000000000000000000000000000000000000000000000000000000000000000000000000000000000000000000
000000000000000000000000000000000000000000000000000000000000000000000000000000000000000000000000000000000000
000000000000000000000000000000000000000000000000000000000000000000000000000000000000000000000000000000000000
000000000000000000000000000000000000000000000000000000000000000000000000000000000000000000000000000000000000
000000000000000000000000000000000000000000000000000000000000000000000000000000000000000000000000000000000000
000000000000000000000000000000000000000000000000000000000000000000000000000000000000000000000000000000000000
000000000000000000000000000000000000000000000000000000000000000000000000000000000000000000000000000000000000
000000000000000000000000000000000000000000000000000000000000000000000000000000000000000000000000000000000000
000000000000000000000000000000000000000000000000000000000000000000000000000000000000000000000000000000000000
000000000000000000000000000000000000000000000000000000000000000000000000000000000000000000000000000000000000
000000000000000000000000000000000000000000000000000000000000000000000000000000000000000000000000000000000000
000000000000000000000000000000000000000000000000000000000000000000000000000000000000000000000000000000000000
000000000000000000000000000000000000000000000000000000000000000000000000000000000000000000000000000000000000
000000000000000000000000000000000000000000000000000000000000000000000000000000000000000000000000000000000000
