111011111010010110111100001101101001111001101010010011111100010000101001111100011010100111000000111101100100
000000000000000000000000000000000000000110010111011000111011011100001100111111110011000001111010100110110110
000000000000000000000000000000000000000000000000000000000000000000000000000000000000000000000000000000000000
000000000000000000000000000000000000000000000000000000000000000000000000000000000000000000000000000000000000
111011100110110110111010001110110011111011101001000100000101111111101110000010011110110001000100111010000010
000000000000000000000000000000000000000001011001111000111110011010010001111011111000001110111111111011000100
000000000000000000000000000000000000000000000000000000000000000000000000000000000000000000000000000000000000
000000000000000000000000000000000000000000000000000000000000000000000000000000000000000000000000000000000000
111011100010111000111010101101111100111111000100110010000101110011111000111110000111111011111011111101011001
000000000000000000000000000000000000000100000101110011000100010011001100111101000001100000000110000110111111
000000000000000000000000000000000000000000000000000000000000000000000000000000000000000000000000000000000000
000000000000000000000000000000000000000000000000000000000000000000000000000000000000000000000000000000000000
000010000101111011000110001000111110000100111010000100000101010101100101000100010001000101000010101010111110
000000000000000000000000000000000000111011111101110000111101111110001111000010010000000011000011111011100000
000000000000000000000000000000000000000000000000000000000000000000000000000000000000000000000000000000000000
000000000000000000000000000000000000000000000000000000000000000000000000000000000000000000000000000000000000
111101101011001101000011001010011101111100000011101101111110011111100010000110010000011100000110001010010011
000000000000000000000000000000000000111100111010111100000000110100001011000110011001110100111111111111100101
000000000000000000000000000000000000000000000000000000000000000000000000000000000000000000000000000000000000
000000000000000000000000000000000000000000000000000000000000000000000000000000000000000000000000000000000000
000001110111001011111011100110011101000010001010100000000001111101000101000101000101110101111011111000100001
000000000000000000000000000000000000111101010010010100111101101000011001111010000000100011000010011000000111
000000000000000000000000000000000000000000000000000000000000000000000000000000000000000000000000000000000000
000000000000000000000000000000000000000000000000000000000000000000000000000000000000000000000000000000000000
111111010011010010111010110011001010000010101001010011111111010011001100000110101010100010000000011011000110
000000000000000000000000000000000000111110111000101000000011000001111111000001010110001011111100111000100110
000000000000000000000000000000000000000000000000000000000000000000000000000000000000000000000000000000000000
000000000000000000000000000000000000000000000000000000000000000000000000000000000000000000000000000000000000
111011110110100000000000001111000011111011000100010110000101011011110010111111100011001101111010010010111000
000000000000000000000000000000000000111110010111011010000011110010011100000000110110111011000101100010000110
000000000000000000000000000000000000000000000000000000000000000000000000000000000000000000000000000000000000
000000000000000000000000000000000000000000000000000000000000000000000000000000000000000000000000000000000000
111011011110000100000100101101001101111100101010000101111110001011111000000001010011100011000001100010010111
000000000000000000000000000000000000000011010011101111111100010000100011000011110111101100111101001001001100
000000000000000000000000000000000000000000000000000000000000000000000000000000000000000000000000000000000000
000000000000000000000000000000000000000000000000000000000000000000000000000000000000000000000000000000000000
000000010011001100111110110110000110000100010101010001111100010100101111111001011000111011111101111001110000
000000000000000000000000000000000000000110010000110001111111000000000010000011110001101000111100101000101001
000000000000000000000000000000000000000000000000000000000000000000000000000000000000000000000000000000000000
000000000000000000000000000000000000000000000000000000000000000000000000000000000000000000000000000000000000
111100111001010100111001100101111010111010111100110101111010000101101111000110011101010101000100000101110001
000000000000000000000000000000000000000000011011010000000100001101010111111001110110011111000101010111111111
000000000000000000000000000000000000000000000000000000000000000000000000000000000000000000000000000000000000
000000000000000000000000000000000000000000000000000000000000000000000000000000000000000000000000000000000000
111101110100000100111110100011101010000110010000000000000001011010101101000011000011010001111110001111011000
000000000000000000000000000000000000111101111111010111111010001011111111000000000011010011000000000001110101
000000000000000000000000000000000000000000000000000000000000000000000000000000000000000000000000000000000000
000000000000000000000000000000000000000000000000000000000000000000000000000000000000000000000000000000000000
111101100011110101111111101010101010111111010110001001111111000101011101000001111001100101000011001011011111
000000000000000000000000000000000000000001000101110010111011101101011110000101010111110010000001000101101101
000000000000000000000000000000000000000000000000000000000000000000000000000000000000000000000000000000000000
000000000000000000000000000000000000000000000000000000000000000000000000000000000000000000000000000000000000
000100101001101111111100100001000111000101010111000011000001001101011101000011000101101011111100000111100011
000000000000000000000000000000000000111101000011010010000000110001101000000100110101101010000100011100001001
000000000000000000000000000000000000000000000000000000000000000000000000000000000000000000000000000000000000
000000000000000000000000000000000000000000000000000000000000000000000000000000000000000000000000000000000000
000000010111101010111111110001100010111001111010000101000010100111010010111010001101110111000110101101100110
000000000000000000000000000000000000111100111100101011111110001101011101111110001001011101111100101000001111
000000000000000000000000000000000000000000000000000000000000000000000000000000000000000000000000000000000000
000000000000000000000000000000000000000000000000000000000000000000000000000000000000000000000000000000000000
111010000110111101000010000001001010111110100010111000111011001001110111000101011010100000000011110001100101
000000000000000000000000000000000000000101000100001110000011110011100000000010110011000110000010110110111001
000000000000000000000000000000000000000000000000000000000000000000000000000000000000000000000000000000000000
000000000000000000000000000000000000000000000000000000000000000000000000000000000000000000000000000000000000
111011101111100001111010000110110101111011111010011101111111111101110101111110000101000111000101000011000100
000000000000000000000000000000000000000010101110110000000000101100010101111011000111011110111010000001111111
000000000000000000000000000000000000000000000000000000000000000000000000000000000000000000000000000000000000
000000000000000000000000000000000000000000000000000000000000000000000000000000000000000000000000000000000000
111110011010111110000010010110011000111101110000001010111011011110111100000100001110101101000100011010100100
000000000000000000000000000000000000111011001000100011111101111001010110111100011111000000111101000000011011
000000000000000000000000000000000000000000000000000000000000000000000000000000000000000000000000000000000000
000000000000000000000000000000000000000000000000000000000000000000000000000000000000000000000000000000000000
111101100010100011000010010010010011111111000100101010000001001010011000111100000100110100111011111011011101
000000000000000000000000000000000000000010110010101101111011001011111001111001100101101101000001100011100111
000000000000000000000000000000000000000000000000000000000000000000000000000000000000000000000000000000000000
000000000000000000000000000000000000000000000000000000000000000000000000000000000000000000000000000000000000
111101101001111011000010110110110111111110011011111111111100010101001011111011001101101000000101011111010111
000000000000000000000000000000000000000000100000110100111100010011100100000000101101011111111100110100010001
000000000000000000000000000000000000000000000000000000000000000000000000000000000000000000000000000000000000
000000000000000000000000000000000000000000000000000000000000000000000000000000000000000000000000000000000000
000000101000101110111001110110101110111010001010010111111110011100011111000001111000011010000001111011110000
000000000000000000000000000000000000111111001100101101111011110111010100111110110001110011111100010000000111
000000000000000000000000000000000000000000000000000000000000000000000000000000000000000000000000000000000000
000000000000000000000000000000000000000000000000000000000000000000000000000000000000000000000000000000000000
111010111010001000111001110111110010000010010111000010000000110011101001000101010100110110111010011110010001
000000000000000000000000000000000000111001101111000110111110011011010111000100100110100100000010000001111001
000000000000000000000000000000000000000000000000000000000000000000000000000000000000000000000000000000000000
000000000000000000000000000000000000000000000000000000000000000000000000000000000000000000000000000000000000
000101101101010110000011001110000001111100011100100101111011101111010000111001011000111110111001100110001110
000000000000000000000000000000000000000110000100001101000000101111001001000001100111101000111111000110000011
000000000000000000000000000000000000000000000000000000000000000000000000000000000000000000000000000000000000
000000000000000000000000000000000000000000000000000000000000000000000000000000000000000000000000000000000000
000100101101011100000010000110101000000101011011100101000001110100000110111101001111001110111100111101010100
000000000000000000000000000000000000000100011001000100111011000010101110111110011001100101000101100010101001
000000000000000000000000000000000000000000000000000000000000000000000000000000000000000000000000000000000000
000000000000000000000000000000000000000000000000000000000000000000000000000000000000000000000000000000000000
