111001011000110101111111111100110110111101110100111011111110110110111001111001111001101100000010001111111000
000000111101010110111101001001111101000100110011101000111010001111000010000011111000011110000100111110011011
111111110110100010111001100010110010111101000101010011111110110000111010111001111001011111000000011001011110
000101011010100011000010001011100101000001101000011011111010110001000010111101001100100011000000010000010010
000011100010011010000100011100101110111100101010000111000010000010110100111001100011001011111101000001110110
000001000000000100000101111001000011000000110001000010111101011011001101111110101010100100111101111100100100
111110001110110110000000011110000111000000100101000101111100000111110011111001101010110011111100011111010010
000101000110110101111111010010000010111110100100110100111111001000111101111011011100011000111111111110111011
000011010011101001000100001011010110111110011111101100000000111001110101111011010011101010111101111010000011
000001100001000101111101000101100000000110010001001001111111000100100001111011010001000101111100101110111010
111011100110010110000101010111110001111011011111111010111101000001101110111100010010110010000101101011001110
111101110011110111111110100010101111000000001010000100000100000111110000000011111100010101000101111110011000
111010111011001101000011110101100001111111110011010111000110010001001000111100011110010000000101000001000000
000100110110110000000010101100011101000101000111111001000001101100000011000100011010001001000011011011101110
000000100011011000111001011011110100111010010011111100000000111000010100111100011011110001000000100010100010
000010000101010010000011111000001111111101111010101101000011010111110110111001101010100100111010110101111110
111110100011000111000011011101010010000100001101010101111110110101000101111010111110000000111011110100010001
000000110111110011111011110011011100111110000110010000000000110010000010000110000110111100111010101001101110
000010101000111111111110010011100110111011011111110100000101110011101100000000111011100011111001011000110111
000100011110000111000101001100001111111001011110000100111011101000010111111101001010110111000100011010101101
111011101100111110111010001111010100111010001111001010111001110100100001000001111001000111111111000111010011
111101110101101110111101101101101011000101001010100011000000010001010101000100001001011010000001100100111101
111101111101110110000011110101010010111100000101100110000001011011010111111100010010010101111011011010011100
111011101100110110000000000010101101111110001000000110000101000010110000000110011101000000111110011011100000
000011011110011110000000000110011011111001101010111100000110011100010100000010010100010001111101101001101000
000011111010010011111011001101100011000110010001101101111111101101111110111110100011100111111111111111000101
000101111110000000111111010110010101000011000111010101000010111001011100000000100111010101111100111010010011
000100010110001101000010110011001100111110101010100101111110001101010000000100001111110011000101000100111011
111100000011100010000100100101110000111010011011001110111011001000000100000000110111011011111111010011000010
111101000011110100111111101101110010000011110011010110000001000011001111000011101011111010111001100101101001
111100001000000000111011000100011101111110000010110011000001111000010101000010110100001011111111110111101111
111010000000000110111001111111000110111011001100101101111011010001011001111011011101000000111001100011010011
000010011010011111111110111000000101111011100101010011000110101001111111111100011110101101111110001000101110
111010010010001101000101110001111001111001101110010100000000011101111011000100101011111110000001100011111010
111111111001110011111111001111100010111010000010011011000001101001111111111011110111111001000010110111000001
000100110001100011000010001000001011000100001000101011000001101011110001111011110001100000111100010010010011
111111111111000101111110100101010100111010101111100000000011011101110100000110011000000110111011101001101100
111011010010001000000011110011000001111100100001011110111011001101011111111110111100110011111010110001000001
000011010010001011111101000101000101000000001000100100111100100101000011111101000010110000111011101101001111
111001011011101101111011110010111010111011000100100100000011100110011010000000010010101011000001110111100001
000000000000000000000000000000000000000000000000000000000000000000000000000000000000000000000000000000000000
000000000000000000000000000000000000000000000000000000000000000000000000000000000000000000000000000000000000
000000000000000000000000000000000000000000000000000000000000000000000000000000000000000000000000000000000000
000000000000000000000000000000000000000000000000000000000000000000000000000000000000000000000000000000000000
000000000000000000000000000000000000000000000000000000000000000000000000000000000000000000000000000000000000
000000000000000000000000000000000000000000000000000000000000000000000000000000000000000000000000000000000000
000000000000000000000000000000000000000000000000000000000000000000000000000000000000000000000000000000000000
000000000000000000000000000000000000000000000000000000000000000000000000000000000000000000000000000000000000
000000000000000000000000000000000000000000000000000000000000000000000000000000000000000000000000000000000000
000000000000000000000000000000000000000000000000000000000000000000000000000000000000000000000000000000000000
000000000000000000000000000000000000000000000000000000000000000000000000000000000000000000000000000000000000
000000000000000000000000000000000000000000000000000000000000000000000000000000000000000000000000000000000000
000000000000000000000000000000000000000000000000000000000000000000000000000000000000000000000000000000000000
000000000000000000000000000000000000000000000000000000000000000000000000000000000000000000000000000000000000
000000000000000000000000000000000000000000000000000000000000000000000000000000000000000000000000000000000000
000000000000000000000000000000000000000000000000000000000000000000000000000000000000000000000000000000000000
000000000000000000000000000000000000000000000000000000000000000000000000000000000000000000000000000000000000
000000000000000000000000000000000000000000000000000000000000000000000000000000000000000000000000000000000000
000000000000000000000000000000000000000000000000000000000000000000000000000000000000000000000000000000000000
000000000000000000000000000000000000000000000000000000000000000000000000000000000000000000000000000000000000
000000000000000000000000000000000000000000000000000000000000000000000000000000000000000000000000000000000000
000000000000000000000000000000000000000000000000000000000000000000000000000000000000000000000000000000000000
000000000000000000000000000000000000000000000000000000000000000000000000000000000000000000000000000000000000
000000000000000000000000000000000000000000000000000000000000000000000000000000000000000000000000000000000000
000000000000000000000000000000000000000000000000000000000000000000000000000000000000000000000000000000000000
000000000000000000000000000000000000000000000000000000000000000000000000000000000000000000000000000000000000
000000000000000000000000000000000000000000000000000000000000000000000000000000000000000000000000000000000000
000000000000000000000000000000000000000000000000000000000000000000000000000000000000000000000000000000000000
000000000000000000000000000000000000000000000000000000000000000000000000000000000000000000000000000000000000
000000000000000000000000000000000000000000000000000000000000000000000000000000000000000000000000000000000000
000000000000000000000000000000000000000000000000000000000000000000000000000000000000000000000000000000000000
000000000000000000000000000000000000000000000000000000000000000000000000000000000000000000000000000000000000
000000000000000000000000000000000000000000000000000000000000000000000000000000000000000000000000000000000000
000000000000000000000000000000000000000000000000000000000000000000000000000000000000000000000000000000000000
000000000000000000000000000000000000000000000000000000000000000000000000000000000000000000000000000000000000
000000000000000000000000000000000000000000000000000000000000000000000000000000000000000000000000000000000000
000000000000000000000000000000000000000000000000000000000000000000000000000000000000000000000000000000000000
000000000000000000000000000000000000000000000000000000000000000000000000000000000000000000000000000000000000
000000000000000000000000000000000000000000000000000000000000000000000000000000000000000000000000000000000000
000000000000000000000000000000000000000000000000000000000000000000000000000000000000000000000000000000000000
000000000000000000000000000000000000000000000000000000000000000000000000000000000000000000000000000000000000
000000000000000000000000000000000000000000000000000000000000000000000000000000000000000000000000000000000000
000000000000000000000000000000000000000000000000000000000000000000000000000000000000000000000000000000000000
000000000000000000000000000000000000000000000000000000000000000000000000000000000000000000000000000000000000
000000000000000000000000000000000000000000000000000000000000000000000000000000000000000000000000000000000000
000000000000000000000000000000000000000000000000000000000000000000000000000000000000000000000000000000000000
000000000000000000000000000000000000000000000000000000000000000000000000000000000000000000000000000000000000
000000000000000000000000000000000000000000000000000000000000000000000000000000000000000000000000000000000000
000000000000000000000000000000000000000000000000000000000000000000000000000000000000000000000000000000000000
000000000000000000000000000000000000000000000000000000000000000000000000000000000000000000000000000000000000
000000000000000000000000000000000000000000000000000000000000000000000000000000000000000000000000000000000000
000000000000000000000000000000000000000000000000000000000000000000000000000000000000000000000000000000000000
000000000000000000000000000000000000000000000000000000000000000000000000000000000000000000000000000000000000
000000000000000000000000000000000000000000000000000000000000000000000000000000000000000000000000000000000000
000000000000000000000000000000000000000000000000000000000000000000000000000000000000000000000000000000000000
000000000000000000000000000000000000000000000000000000000000000000000000000000000000000000000000000000000000
