111011010011101110111101000010110011111011010011100111111110101001111010000101110011110010111101100111110001
000101111011101000000001100111010110000100101101011010111011010111010110111110011000110000000101110101001001
000100100101011011111101010001110000000100011101100100111011011000001011001000010101101000111011000000011000
111100110101110111111000100100000111111100000001001100000000011100010101111010000101110111111111111111111110
111111000101000101111000100010001001000001000111001100000010101100110001111111110001100111111011101110001001
111100000011111111111110110110011010000001100101011101111100101101010001111101000111010011111111011110000001
000001000101011000111001001001101101111111110110001000111111101010110011000011011101001010000010000011010100
111000001000101111000000000100000000000111000011000010111000001010001000000101000000001111111001011000010000
001000010010100110000100010000110011000000110100100001000101001000000011111000111110111111000100100001010010
000100010100010101111011111111010101111101111110101111000101101101111001111101100010011010000011011100001110
111011001111111101000111111111011110111011100111101101111100000011100110000010110111011001111010101000100110
000011110011010011111001000110010110000011111110011111111110001010001011111001000110010110111101100100011000
000010110111101110000000010111001011000110110101100100111001110010101000000100101011111010000100100000100100
000011010110000010111010110010010101000101100000111011000001000011001101000100011000110010000001010111101111
111100001000110110000011010111001011111101101010001101111101010110111000000101111011011111000001101001101000
111000101010001011000101110011010100000011101001000000111001011000000001000001110000111111111100000010100111
111100100001010000111001010000000101000110111110110110001000001100101100000100110010101011111001100101111011
000110100110111100000101101111110010000000001111011111111011011001111001000000110101110110000000000001110100
000111000101011101000101001011010000111101001000101001111001010001101101000000011001001101110111101011011100
111010110110010010000101000111011011000110010101111010000111010000101010000010101010101010111001011111100100
000000000000000000000000000000000000000000000000000000000000000000000000000000000000000000000000000000000000
000000000000000000000000000000000000000000000000000000000000000000000000000000000000000000000000000000000000
000000000000000000000000000000000000000000000000000000000000000000000000000000000000000000000000000000000000
000000000000000000000000000000000000000000000000000000000000000000000000000000000000000000000000000000000000
