000011110000111100111100100011101010111111010110001111111011011111010100111100001110101000000110101100000110
000100110000011001111101110110101110111100100001001111111111011011001110111001011100100001000011111111010010
000011111110010011111100001110001010111011110110000001000010100001011011111010011111110000000100010110101101
000011011001101001111011100001101100111100010010001010111101101001000101000110000110001000000001010100010101
111111111000001100111011001101010010000010111101111010000001101011001110000010101110111110111111110000000011
000011011111110001000011110001101010111101110101000100111110100010101010111011000100101011000001010001000110
111101110000110110111010000111011001111010111111110001111011011000110011111001111000101000111001100111110000
111001100011101100111110100101011100000100111000010000111110011001000100111011011001010100111100100010111011
000010100011100000000110011101001001111010000010001101111111110110111011000100101111100011000110001100110000
111010011001011000000000110001101010111101011111001111000011111011010110111110000111100011111001100001111011
111110001101000000000011000101001111111001011100110011000010001111001101000001001011100100111001011101010010
111111010101111000000001001111111110111001101000011101111010001110101111111100110110110111111001010101101000
000100011101101011000100001111110110111111110010100001000011000011001011111100010110001010000011100000111011
111100001011000010000011011100000101000010001110111100111100100010000101111101100100110000000000011000101011
111111010101010011111001100000011000000001110110000011111111010001111111000101000001101010111001111011110000
111100011001111010000010110100001101000010101000011101111110010100010110111011010011011001111001101100100011
111100101010010100111100000101111001111100110010101101000100110001100100000110010000111111000001001000110011
000000001001100000000000001110100010111010101001101011111001111000101111111010110010101110111110110000000100
111100111101010100000101110001101111000100101111100110000100101010001000111100101111101001111111101110000011
000110100001100100111010110101111111111010110000011000000110101000110110000100011101101010000011110011111111
000100001000000000111110111001110101111111001000001000000001101001001101000001111100000001000010010110100010
111001011111001001111001011000101111000001101011010110111111010101101111111100000010011111000000110101011011
000001100000011000111010101100000000000011111110101001111010111000001000000110001011011110000101100001010000
111110111010101001000101011001101010000001110101111000000010011001110100000001110101100110000000110001110111
111101000111011001111001011100010110111101110010111000111101111001101110000011001001001011000000000001100000
000110001100101101111101001010011101000010101000110101111111010011100111111011010110111010000010011100001101
000100110110011011111100110100011111000000011010101101000010110010111111000001011001010110000000001010111100
111010010000100000000101111101010110000010010011100101111100101011110010000010011110101100111101010111010010
000000111101100001000011001100110010111001011111001000000000000001111010111110110100011110000001101000001110
000001111110001110111101011110100000111110001101100110111110010010010001111011101111001001000101000001100011
111010100110111110000100010011010101111100000101110100111010001010101101000011101000000101111100111001110110
000101010111111110111110100110000000000000001101111101000100010001010100111110111000101000111110111101110000
000010100101011000000101001001110011111110101100000010000011111000101101111100100100100001000001100111011101
111100100000110011000101011011111110000101101001001101111010110101101001111011010100111101000001110111110010
000100011010000010000010110010110011000101011110000010111101111011010101000100001010011000111110101011110110
000001011111101100000100001001000100000101000010001110000110011011110000000110000011101111111100111010011111
111100101010100010000000000100110101111011101001011110111011010111101011111010100101001111000110101100000010
111110010110011001000011011010111110111011001111010000111011100100011000111001101100000001111010111111111101
111110111110101001111101100011110100111110000000010111111010001001100101111001010100010001000000011001000111
111101101001101001000010100110100001000001000100011101000010011100001110000011011011011001111110100101100100
000000000000000000000000000000000000000000000000000000000000000000000000000000000000000000000000000000000000
000000000000000000000000000000000000000000000000000000000000000000000000000000000000000000000000000000000000
000000000000000000000000000000000000000000000000000000000000000000000000000000000000000000000000000000000000
000000000000000000000000000000000000000000000000000000000000000000000000000000000000000000000000000000000000
000000000000000000000000000000000000000000000000000000000000000000000000000000000000000000000000000000000000
000000000000000000000000000000000000000000000000000000000000000000000000000000000000000000000000000000000000
000000000000000000000000000000000000000000000000000000000000000000000000000000000000000000000000000000000000
000000000000000000000000000000000000000000000000000000000000000000000000000000000000000000000000000000000000
000000000000000000000000000000000000000000000000000000000000000000000000000000000000000000000000000000000000
000000000000000000000000000000000000000000000000000000000000000000000000000000000000000000000000000000000000
000000000000000000000000000000000000000000000000000000000000000000000000000000000000000000000000000000000000
000000000000000000000000000000000000000000000000000000000000000000000000000000000000000000000000000000000000
000000000000000000000000000000000000000000000000000000000000000000000000000000000000000000000000000000000000
000000000000000000000000000000000000000000000000000000000000000000000000000000000000000000000000000000000000
000000000000000000000000000000000000000000000000000000000000000000000000000000000000000000000000000000000000
000000000000000000000000000000000000000000000000000000000000000000000000000000000000000000000000000000000000
000000000000000000000000000000000000000000000000000000000000000000000000000000000000000000000000000000000000
000000000000000000000000000000000000000000000000000000000000000000000000000000000000000000000000000000000000
000000000000000000000000000000000000000000000000000000000000000000000000000000000000000000000000000000000000
000000000000000000000000000000000000000000000000000000000000000000000000000000000000000000000000000000000000
000000000000000000000000000000000000000000000000000000000000000000000000000000000000000000000000000000000000
000000000000000000000000000000000000000000000000000000000000000000000000000000000000000000000000000000000000
000000000000000000000000000000000000000000000000000000000000000000000000000000000000000000000000000000000000
000000000000000000000000000000000000000000000000000000000000000000000000000000000000000000000000000000000000
000000000000000000000000000000000000000000000000000000000000000000000000000000000000000000000000000000000000
000000000000000000000000000000000000000000000000000000000000000000000000000000000000000000000000000000000000
000000000000000000000000000000000000000000000000000000000000000000000000000000000000000000000000000000000000
000000000000000000000000000000000000000000000000000000000000000000000000000000000000000000000000000000000000
000000000000000000000000000000000000000000000000000000000000000000000000000000000000000000000000000000000000
000000000000000000000000000000000000000000000000000000000000000000000000000000000000000000000000000000000000
000000000000000000000000000000000000000000000000000000000000000000000000000000000000000000000000000000000000
000000000000000000000000000000000000000000000000000000000000000000000000000000000000000000000000000000000000
000000000000000000000000000000000000000000000000000000000000000000000000000000000000000000000000000000000000
000000000000000000000000000000000000000000000000000000000000000000000000000000000000000000000000000000000000
000000000000000000000000000000000000000000000000000000000000000000000000000000000000000000000000000000000000
000000000000000000000000000000000000000000000000000000000000000000000000000000000000000000000000000000000000
000000000000000000000000000000000000000000000000000000000000000000000000000000000000000000000000000000000000
000000000000000000000000000000000000000000000000000000000000000000000000000000000000000000000000000000000000
000000000000000000000000000000000000000000000000000000000000000000000000000000000000000000000000000000000000
000000000000000000000000000000000000000000000000000000000000000000000000000000000000000000000000000000000000
000000000000000000000000000000000000000000000000000000000000000000000000000000000000000000000000000000000000
000000000000000000000000000000000000000000000000000000000000000000000000000000000000000000000000000000000000
000000000000000000000000000000000000000000000000000000000000000000000000000000000000000000000000000000000000
000000000000000000000000000000000000000000000000000000000000000000000000000000000000000000000000000000000000
000000000000000000000000000000000000000000000000000000000000000000000000000000000000000000000000000000000000
000000000000000000000000000000000000000000000000000000000000000000000000000000000000000000000000000000000000
000000000000000000000000000000000000000000000000000000000000000000000000000000000000000000000000000000000000
000000000000000000000000000000000000000000000000000000000000000000000000000000000000000000000000000000000000
000000000000000000000000000000000000000000000000000000000000000000000000000000000000000000000000000000000000
000000000000000000000000000000000000000000000000000000000000000000000000000000000000000000000000000000000000
000000000000000000000000000000000000000000000000000000000000000000000000000000000000000000000000000000000000
000000000000000000000000000000000000000000000000000000000000000000000000000000000000000000000000000000000000
000000000000000000000000000000000000000000000000000000000000000000000000000000000000000000000000000000000000
000000000000000000000000000000000000000000000000000000000000000000000000000000000000000000000000000000000000
000000000000000000000000000000000000000000000000000000000000000000000000000000000000000000000000000000000000
000000000000000000000000000000000000000000000000000000000000000000000000000000000000000000000000000000000000
