000001001011110110000110010111010000111001110101011010111111000000111001111011011111010010111110011011100100
000000000000000000000000000000000000000001100000011001111111100110011011111100010110011001111001110000101110
000000000000000000000000000000000000000000000000000000000000000000000000000000000000000000000000000000000000
000000000000000000000000000000000000000000000000000000000000000000000000000000000000000000000000000000000000
000000110100000000111010011111101000000010111001111000000101100100011011111010011110101010111100011011011101
000000000000000000000000000000000000000000111101100110000110011101000110111111110010111001000101001111111000
000000000000000000000000000000000000000000000000000000000000000000000000000000000000000000000000000000000000
000000000000000000000000000000000000000000000000000000000000000000000000000000000000000000000000000000000000
000011111001010001111011110101111011111110100111111011000011110100110111111101010001101101111111001001001100
000000000000000000000000000000000000111111110100100101000110101000000010111101010111110001111010100011111111
000000000000000000000000000000000000000000000000000000000000000000000000000000000000000000000000000000000000
000000000000000000000000000000000000000000000000000000000000000000000000000000000000000000000000000000000000
111010111010100101111110111010001110000011111000111010000001111110101000111010111110111011000101111101011001
000000000000000000000000000000000000000011000011011111111100011101000111000101110010000001000100011111001100
000000000000000000000000000000000000000000000000000000000000000000000000000000000000000000000000000000000000
000000000000000000000000000000000000000000000000000000000000000000000000000000000000000000000000000000000000
000100000011001000111101110010110100000001001111110000000000110101111110000101101011011011000001010100101000
000000000000000000000000000000000000000101111011100101111110011010110011111101000101001010000010110011101111
000000000000000000000000000000000000000000000000000000000000000000000000000000000000000000000000000000000000
000000000000000000000000000000000000000000000000000000000000000000000000000000000000000000000000000000000000
111001101000000011111101110111011000111101101110100001111111110000110110000000001101111011111101011100010111
000000000000000000000000000000000000000101000110010010111100001001011100000001111101001010000000101000111011
000000000000000000000000000000000000000000000000000000000000000000000000000000000000000000000000000000000000
000000000000000000000000000000000000000000000000000000000000000000000000000000000000000000000000000000000000
111011110001010001111100110101010011111011011011100000000010110000011010000001001011101110000100100100101110
000000000000000000000000000000000000000110000111111001000000001010010101111100001011100101111100110111010101
000000000000000000000000000000000000000000000000000000000000000000000000000000000000000000000000000000000000
000000000000000000000000000000000000000000000000000000000000000000000000000000000000000000000000000000000000
000101110100010100000000010010011111111011101101100000000010001001100011111011100011110110000110000001010001
000000000000000000000000000000000000000100111101010110111110011000100001000010000000111110000011101000101000
000000000000000000000000000000000000000000000000000000000000000000000000000000000000000000000000000000000000
000000000000000000000000000000000000000000000000000000000000000000000000000000000000000000000000000000000000
111100110100101111000000010101010110111101100100001010000000001111111110111100101111000101000100010001100000
000000000000000000000000000000000000111100010001010011000011101001011110111110010001101100111101011111101001
000000000000000000000000000000000000000000000000000000000000000000000000000000000000000000000000000000000000
000000000000000000000000000000000000000000000000000000000000000000000000000000000000000000000000000000000000
000110100000111000000100000010100111111101101010010010000000010111000100000010111101100110000010101111001101
000000000000000000000000000000000000000001011000001010000010110011111000111111001011000010111111001111011001
000000000000000000000000000000000000000000000000000000000000000000000000000000000000000000000000000000000000
000000000000000000000000000000000000000000000000000000000000000000000000000000000000000000000000000000000000
000101101111011001000101011100101011000000101110011100000101110111101010000011000010101011000101101001110001
000000000000000000000000000000000000111011100010011111111100111100001000111110001101100010111010011100000100
000000000000000000000000000000000000000000000000000000000000000000000000000000000000000000000000000000000000
000000000000000000000000000000000000000000000000000000000000000000000000000000000000000000000000000000000000
111001101100011000111111100001010001111110101100011011111101110100110011111010001111011010000110101011011010
000000000000000000000000000000000000111101000110001001000101011101100101111101100111111010000010111111111111
000000000000000000000000000000000000000000000000000000000000000000000000000000000000000000000000000000000000
000000000000000000000000000000000000000000000000000000000000000000000000000000000000000000000000000000000000
000110001010011011000100111011010001000011011000110011000010111101110110111010011101101101111111111001000111
000000000000000000000000000000000000111111111001110000111101000011100011000010110111111000000101000111010010
000000000000000000000000000000000000000000000000000000000000000000000000000000000000000000000000000000000000
000000000000000000000000000000000000000000000000000000000000000000000000000000000000000000000000000000000000
000101000110011110111011001011011110000000011101110010111100110101100111111011001000011001000001000001011000
000000000000000000000000000000000000000101111000101101000100010011111001111010010010110111111011101000111010
000000000000000000000000000000000000000000000000000000000000000000000000000000000000000000000000000000000000
000000000000000000000000000000000000000000000000000000000000000000000000000000000000000000000000000000000000
111111111010001011000101111110100010111001110100011010111101101000011111000100100001100100000101010000100111
000000000000000000000000000000000000000011100001000010000110011010000111111010111011101010111011110010001110
000000000000000000000000000000000000000000000000000000000000000000000000000000000000000000000000000000000000
000000000000000000000000000000000000000000000000000000000000000000000000000000000000000000000000000000000000
000101101011001010111101101101000111000011010101101011111111010101111001111010101111101001111011111001000101
000000000000000000000000000000000000111010000001000100000101001110111000000110011110110011000101010001001011
000000000000000000000000000000000000000000000000000000000000000000000000000000000000000000000000000000000000
000000000000000000000000000000000000000000000000000000000000000000000000000000000000000000000000000000000000
111111000010001010000001000100001100111101000011011001111110011101011101000001110100111100000010110110111001
000000000000000000000000000000000000111100001010001010000001111100101111111111010100010110000001110110000100
000000000000000000000000000000000000000000000000000000000000000000000000000000000000000000000000000000000000
000000000000000000000000000000000000000000000000000000000000000000000000000000000000000000000000000000000000
111110110100000001111111000001111000000000011000000011111100101001101111000000111011101111111111111011100001
000000000000000000000000000000000000000010110001001100111110010001010011000000100100000101000010100011101000
000000000000000000000000000000000000000000000000000000000000000000000000000000000000000000000000000000000000
000000000000000000000000000000000000000000000000000000000000000000000000000000000000000000000000000000000000
111011000101001001111110011001011111111011000110100100111001111101010101000000010101000100000010001100001110
000000000000000000000000000000000000111011101010000111000101110011011010111101100110010100000000101100000000
000000000000000000000000000000000000000000000000000000000000000000000000000000000000000000000000000000000000
000000000000000000000000000000000000000000000000000000000000000000000000000000000000000000000000000000000000
000001000100101101000011011110010010111110111110110110111010011110100000111101111100100011000110000010110011
000000000000000000000000000000000000111111011010010011000011000100101111000100011000010111000110100101101111
000000000000000000000000000000000000000000000000000000000000000000000000000000000000000000000000000000000000
000000000000000000000000000000000000000000000000000000000000000000000000000000000000000000000000000000000000
111111101000000111111010101001111001111100000101100011000000100000001011111010001011001001000101000011011000
000000000000000000000000000000000000000101001001110001111111011100000010111111100011011100000110011111101010
000000000000000000000000000000000000000000000000000000000000000000000000000000000000000000000000000000000000
000000000000000000000000000000000000000000000000000000000000000000000000000000000000000000000000000000000000
111100101110000010000101011101111101000001010011110101000001000111110010000100101010110000000001011010011110
000000000000000000000000000000000000000101111110011101000100011010011001000100110100001001000110011001111011
000000000000000000000000000000000000000000000000000000000000000000000000000000000000000000000000000000000000
000000000000000000000000000000000000000000000000000000000000000000000000000000000000000000000000000000000000
000110000100111111000001110010111110111101110111011111000010010101001000111011100100100001111111010100001101
000000000000000000000000000000000000000011011010100110111100001100010110000000111110010110111011111001001001
000000000000000000000000000000000000000000000000000000000000000000000000000000000000000000000000000000000000
000000000000000000000000000000000000000000000000000000000000000000000000000000000000000000000000000000000000
000110001101110011000000100001100101111010010111001011000001101010011000000011101110001000000110001100001011
000000000000000000000000000000000000111111111001101010000010101100010110000011011011000110000001001101000111
000000000000000000000000000000000000000000000000000000000000000000000000000000000000000000000000000000000000
000000000000000000000000000000000000000000000000000000000000000000000000000000000000000000000000000000000000
