000010110001110111111010010100000000000101110000101000111111000010110000000101010000111010111101110110101100
000100001000001010000101001110100100111011000111001101111111011110110110000010010001111001000000101100110011
111001110110011100000011001110110011000110011110010100111001111110111110000110100001110110000101111110111110
111000001000110110000000011110011110111000010101001101111100110111110110000011001010100000000011100110110011
111101011001000100111010101000011110111001000111001000000100000001110010000100000101011101111111000101010110
000011101111101110111110110111110111000111000000111001001000000011011100111000001100110001000011101010001001
111000011001100001000101010110011000000100000110001000000100011010100011110111111010101010000000011100000110
111111001011110100111111111010111100000110110001110010000011000011100101000000100110111001111101110011110100
000111011110000100111011011010111100000001111000101001111101010000011101000010111000101100000110110101011110
000100001010100011000100101101101100000100101011100100000001101010011000000001001100001111111010101011001001
111101001110110110111010011000110000111001001100011010111001011110011001000001010000101110000001100111110011
111100011111000000000100011101011111111100011110000101000001000010110011000110011111010101111111000011000100
111111111111011110111000010011110011000101011001010100000111101100111111111111101010001110111101000100011110
111010111010000000111011011101101001000000101000000100000111110111101010111100001011001001000101111000101110
000001000100111100111010100000011111000111100101001001111100110111000000000000101101000010000010110111000001
000110101111011111111101010000000000111100001110110111000011111011100000000100111101111101000111010000011110
000110001110011100000101001010110101000111001000010110111110001111100010111100001100000100111011001001011110
110111110111010001111110110111100011000100111010011111000001111100101011000110110010111101000101000111001011
001000001001110000111100000000000000000001010001100010000110111110110001000111110100001010111010010011111011
111111000110000010000111001010001011111110100111010000000000101101000000111101111100010011000011011111000110
000000000000000000000000000000000000000000000000000000000000000000000000000000000000000000000000000000000000
000000000000000000000000000000000000000000000000000000000000000000000000000000000000000000000000000000000000
000000000000000000000000000000000000000000000000000000000000000000000000000000000000000000000000000000000000
000000000000000000000000000000000000000000000000000000000000000000000000000000000000000000000000000000000000
