000110001100110011111111111001101010111110101110010101000110001111100111111100101101101010111010111001100011
000001100101111111111110000011101101000010010011110001111101011011001111000001001001101101000100010001101110
000010100101011100111100110011101110111011001001100101000101000110010000111100110110101110000010100011100100
000010100001100101000110001000110111111011101011000100000001111111101110000101001110010001000011001011100011
111111001001001000111001010101101101000100001101000101000001111101010000000010010000010000000110001101010001
000011111101100101111111101101000101000001010011100011000010111111110100111101101000110000000011100000011100
000100001100110000000001111010110100111001101101111111111011001010111110000110000100000011000011010101101000
000010111100101111000110000001011001111110010111101100000101101111001100000101111011101111111011110101011101
111110011101010101111110000100000101000000000101010010111110100001011000111111001101100010000011011000111010
111010111011000000111011110000000111000110011111100010000110000110110100000000110001001000111100011001111011
000100001000101011111111001101100001000101100111010011000000001101101000111110111010000000000001001110000000
000101010001101010111001100010111111000000101110000111000100110001110001111011110111000001000001100111101111
000110011100001010000010010110110000111111011011011110111011001110111100111110100000010001111110100000110000
000100000011110100000011110101100110000011110011110010111101010010000111111100011110111001111110010010001111
000001011110101110111101100001110000111111100111100011111110111010101111000010111000001110111010001011000111
000011101101010101111011100011110010000001110110010100111010011010010100000011100000111110111110000000100100
000000010001010000000100010101110100111011011101100110111001010100011010000010000100000100111010111110011000
000010101111111111000001010011000010000000001000000001000001100111101111000001101101001110000101000000001111
000010110010011101111110011000110000111101011011010011111010111110011011111111001010011111111011010110100000
111110000111011100111110000010000010000000010100000000000010011110000000111011010000010100111111011001001001
000100100001000000000101011000100110111010111001101100111110111001000100000001101101000100111110000001010101
111011101110001011111011000110010111111010111100010001111010001001100100000011000111000100000101110111111011
000000111111100011000101010110100100000000101110101100111101011110000110111111001101100001111100001000111000
111101111101010110111011111101010111111110100011100001111101110010001001000100011000000000111111101110110100
111011100100010100000011100000111101111110011100011101111111001111000010111010000101110010111011110101000010
000001010100111110000011101001110111000000110000101101111011101111100010111101010110100000000101101111010010
111010111011000000000001001111100000000101111111111101111111110101011000111100011010110111000100110101000111
111111000111011100000100010010110010000011101010000101000000000111001011111100001001111000000011010110111011
111111100111000110111101011110111010111011011011000111000010001100001000000110011011111111111101010111100110
111011110110001111111001011100001001111010101111100010111010010010100101000011000010011011111101101000001100
111100011011110111111011111100011000111100011110011011000110101000111101111011111011100001000100000110001010
111010001010100001111001010111001000000000010110010010000001110100010000000110001110011001000010110011110010
111100010010100100111110011010001011111110100000001110111110011011011111111101010100100000111101010110011001
000101001000111000111010110000111111000110011000010110000100100100100110000100100111000101111111001011111010
111101011110100010111011101101101110111111101110100000000101111011000000000001100001011010000110011111111111
111100101011110100111010101010110011000001011100011000000010101010100000111011011001101001111110100111111011
000011010001001010000010011101000111000101101101100001000010110011001010111111110010011111000101101101100000
111111011110001000111110001101111100111101100001100110000001011111101101000010011000001111000100101110001101
000011001011011101111011110011011100111100101010011110000100000110011000111110010111101011111101111110101000
000010000010101000000100001011010110111101110011110000000000011000001110111011010111000110000110010000001010
000000000000000000000000000000000000000000000000000000000000000000000000000000000000000000000000000000000000
000000000000000000000000000000000000000000000000000000000000000000000000000000000000000000000000000000000000
000000000000000000000000000000000000000000000000000000000000000000000000000000000000000000000000000000000000
000000000000000000000000000000000000000000000000000000000000000000000000000000000000000000000000000000000000
000000000000000000000000000000000000000000000000000000000000000000000000000000000000000000000000000000000000
000000000000000000000000000000000000000000000000000000000000000000000000000000000000000000000000000000000000
000000000000000000000000000000000000000000000000000000000000000000000000000000000000000000000000000000000000
000000000000000000000000000000000000000000000000000000000000000000000000000000000000000000000000000000000000
000000000000000000000000000000000000000000000000000000000000000000000000000000000000000000000000000000000000
000000000000000000000000000000000000000000000000000000000000000000000000000000000000000000000000000000000000
000000000000000000000000000000000000000000000000000000000000000000000000000000000000000000000000000000000000
000000000000000000000000000000000000000000000000000000000000000000000000000000000000000000000000000000000000
000000000000000000000000000000000000000000000000000000000000000000000000000000000000000000000000000000000000
000000000000000000000000000000000000000000000000000000000000000000000000000000000000000000000000000000000000
000000000000000000000000000000000000000000000000000000000000000000000000000000000000000000000000000000000000
000000000000000000000000000000000000000000000000000000000000000000000000000000000000000000000000000000000000
000000000000000000000000000000000000000000000000000000000000000000000000000000000000000000000000000000000000
000000000000000000000000000000000000000000000000000000000000000000000000000000000000000000000000000000000000
000000000000000000000000000000000000000000000000000000000000000000000000000000000000000000000000000000000000
000000000000000000000000000000000000000000000000000000000000000000000000000000000000000000000000000000000000
000000000000000000000000000000000000000000000000000000000000000000000000000000000000000000000000000000000000
000000000000000000000000000000000000000000000000000000000000000000000000000000000000000000000000000000000000
000000000000000000000000000000000000000000000000000000000000000000000000000000000000000000000000000000000000
000000000000000000000000000000000000000000000000000000000000000000000000000000000000000000000000000000000000
000000000000000000000000000000000000000000000000000000000000000000000000000000000000000000000000000000000000
000000000000000000000000000000000000000000000000000000000000000000000000000000000000000000000000000000000000
000000000000000000000000000000000000000000000000000000000000000000000000000000000000000000000000000000000000
000000000000000000000000000000000000000000000000000000000000000000000000000000000000000000000000000000000000
000000000000000000000000000000000000000000000000000000000000000000000000000000000000000000000000000000000000
000000000000000000000000000000000000000000000000000000000000000000000000000000000000000000000000000000000000
000000000000000000000000000000000000000000000000000000000000000000000000000000000000000000000000000000000000
000000000000000000000000000000000000000000000000000000000000000000000000000000000000000000000000000000000000
000000000000000000000000000000000000000000000000000000000000000000000000000000000000000000000000000000000000
000000000000000000000000000000000000000000000000000000000000000000000000000000000000000000000000000000000000
000000000000000000000000000000000000000000000000000000000000000000000000000000000000000000000000000000000000
000000000000000000000000000000000000000000000000000000000000000000000000000000000000000000000000000000000000
000000000000000000000000000000000000000000000000000000000000000000000000000000000000000000000000000000000000
000000000000000000000000000000000000000000000000000000000000000000000000000000000000000000000000000000000000
000000000000000000000000000000000000000000000000000000000000000000000000000000000000000000000000000000000000
000000000000000000000000000000000000000000000000000000000000000000000000000000000000000000000000000000000000
000000000000000000000000000000000000000000000000000000000000000000000000000000000000000000000000000000000000
000000000000000000000000000000000000000000000000000000000000000000000000000000000000000000000000000000000000
000000000000000000000000000000000000000000000000000000000000000000000000000000000000000000000000000000000000
000000000000000000000000000000000000000000000000000000000000000000000000000000000000000000000000000000000000
000000000000000000000000000000000000000000000000000000000000000000000000000000000000000000000000000000000000
000000000000000000000000000000000000000000000000000000000000000000000000000000000000000000000000000000000000
000000000000000000000000000000000000000000000000000000000000000000000000000000000000000000000000000000000000
000000000000000000000000000000000000000000000000000000000000000000000000000000000000000000000000000000000000
000000000000000000000000000000000000000000000000000000000000000000000000000000000000000000000000000000000000
000000000000000000000000000000000000000000000000000000000000000000000000000000000000000000000000000000000000
000000000000000000000000000000000000000000000000000000000000000000000000000000000000000000000000000000000000
000000000000000000000000000000000000000000000000000000000000000000000000000000000000000000000000000000000000
000000000000000000000000000000000000000000000000000000000000000000000000000000000000000000000000000000000000
000000000000000000000000000000000000000000000000000000000000000000000000000000000000000000000000000000000000
000000000000000000000000000000000000000000000000000000000000000000000000000000000000000000000000000000000000
000000000000000000000000000000000000000000000000000000000000000000000000000000000000000000000000000000000000
