111111000111010011111011110100010001000101000001000000111101111010000011111101000001110110000010001111111000
000000000000000000000000000000000000111011101001101100111110001000101110111111010011000010111101101001101000
000000000000000000000000000000000000000000000000000000000000000000000000000000000000000000000000000000000000
000000000000000000000000000000000000000000000000000000000000000000000000000000000000000000000000000000000000
000001111001000111111010111110000000111100011110010000111011010011101010111001100011001011111001111001101100
000000000000000000000000000000000000000110011000000110111100011110101101000000110111011011000010010100010001
000000000000000000000000000000000000000000000000000000000000000000000000000000000000000000000000000000000000
000000000000000000000000000000000000000000000000000000000000000000000000000000000000000000000000000000000000
111001110100100001111110110101000101000110010001001000000000111001110101000010000010110100111110110110111001
000000000000000000000000000000000000000011011101110100000110101001111111111011001000000100000110011100010100
000000000000000000000000000000000000000000000000000000000000000000000000000000000000000000000000000000000000
000000000000000000000000000000000000000000000000000000000000000000000000000000000000000000000000000000000000
111010001111001010000100001101010101111111110011010111111110011111101100111100101010000111111101110100111011
000000000000000000000000000000000000111010101111100000111011100101010011111010011011001110111001101010111100
000000000000000000000000000000000000000000000000000000000000000000000000000000000000000000000000000000000000
000000000000000000000000000000000000000000000000000000000000000000000000000000000000000000000000000000000000
111010001111010100000011011101010010000011110101100001000100001011010110000100011100101110111111111100110110
000000000000000000000000000000000000111110100101010100111110111000000101000100100101110000000000000110011011
000000000000000000000000000000000000000000000000000000000000000000000000000000000000000000000000000000000000
000000000000000000000000000000000000000000000000000000000000000000000000000000000000000000000000000000000000
111011101100111110111110100011000111111010111011001101000011010011101001000011100010011010111001011000110101
000000000000000000000000000000000000111111111111000101000010011010011111111100000011100010000011011110011110
000000000000000000000000000000000000000000000000000000000000000000000000000000000000000000000000000000000000
000000000000000000000000000000000000000000000000000000000000000000000000000000000000000000000000000000000000
000001100100111101111010101001101110000011011011101110111100101110111010111101111100100100000100111110011011
000000000000000000000000000000000000111010110001000001000001100011111010111001100101101001111111111111000101
000000000000000000000000000000000000000000000000000000000000000000000000000000000000000000000000000000000000
000000000000000000000000000000000000000000000000000000000000000000000000000000000000000000000000000000000000
000100001001011010000110000110111100000100011010001001111011010001000101111110101010100100000011111000011110
000000000000000000000000000000000000111110111100110011000100101011111110000011101011111010111110100011100111
000000000000000000000000000000000000000000000000000000000000000000000000000000000000000000000000000000000000
000000000000000000000000000000000000000000000000000000000000000000000000000000000000000000000000000000000000
000000010001010101000000110010000010000001101100000011111111000100100001111101011011001101111010001111000010
000000000000000000000000000000000000111011001101011111000000011101111011000001000011001111111111101101111110
000000000000000000000000000000000000000000000000000000000000000000000000000000000000000000000000000000000000
000000000000000000000000000000000000000000000000000000000000000000000000000000000000000000000000000000000000
000101001010100011111110000110010000000101000111111001000110010001001001000000110001000010000100110011101000
000000000000000000000000000000000000111100100001011110111001101110010100000011110011010110000110010001101101
000000000000000000000000000000000000000000000000000000000000000000000000000000000000000000000000000000000000
000000000000000000000000000000000000000000000000000000000000000000000000000000000000000000000000000000000000
111101101101101011111011110011011100000010101100011101111101000101100000000101111001000011111101001001111101
000000000000000000000000000000000000000011110011000001000101110001111001111111101101110010111011001101100011
000000000000000000000000000000000000000000000000000000000000000000000000000000000000000000000000000000000000
000000000000000000000000000000000000000000000000000000000000000000000000000000000000000000000000000000000000
111101110101101110000000110111110011000100110110110000000001100001000101000001000000000100000000111101010110
000000000000000000000000000000000000111011010010001000111010010010001101111101000011110100000011111010010011
000000000000000000000000000000000000000000000000000000000000000000000000000000000000000000000000000000000000
000000000000000000000000000000000000000000000000000000000000000000000000000000000000000000000000000000000000
111011011010011100111001011000110111000000100010100010000101101011001110111100011111010010000000011001011110
000000000000000000000000000000000000111011101101001111000010110111000001111111110111101111111100111010010011
000000000000000000000000000000000000000000000000000000000000000000000000000000000000000000000000000000000000
000000000000000000000000000000000000000000000000000000000000000000000000000000000000000000000000000000000000
111100010010010101000000111011100011111100011011110001111100010010110010111001101010110011111001111001011111
000000000000000000000000000000000000111101000010110000111011110111111001000010110100001011000000100111010101
000000000000000000000000000000000000000000000000000000000000000000000000000000000000000000000000000000000000
000000000000000000000000000000000000000000000000000000000000000000000000000000000000000000000000000000000000
000001011011010111000101110011101100000000111000010100111101000001101110111100000111110011111110110000111010
000000000000000000000000000000000000111100100101000011000001101001111111000001111000010101000010111001011100
000000000000000000000000000000000000000000000000000000000000000000000000000000000000000000000000000000000000
000000000000000000000000000000000000000000000000000000000000000000000000000000000000000000000000000000000000
111100000101100110111011011111110100111010010011111100111011011111111010000000100101000101111101000101010011
000000000000000000000000000000000000000000001000100100111010000010011011111110000010110011000011000111010101
000000000000000000000000000000000000000000000000000000000000000000000000000000000000000000000000000000000000
000000000000000000000000000000000000000000000000000000000000000000000000000000000000000000000000000000000000
000011110101010010111110010011100110111001011011110100000101010111110001000000011110000111111001100010110010
000000000000000000000000000000000000111101000101000101111111001111100010111011000100011101111111010110010101
000000000000000000000000000000000000000000000000000000000000000000000000000000000000000000000000000000000000
000000000000000000000000000000000000000000000000000000000000000000000000000000000000000000000000000000000000
111101111101110110000010101000111111000000100011011000111011100110010110111110001110110110111111110110100010
000000000000000000000000000000000000000011010010001011111111111001110011111100001000000000000101111110000000
000000000000000000000000000000000000000000000000000000000000000000000000000000000000000000000000000000000000
000000000000000000000000000000000000000000000000000000000000000000000000000000000000000000000000000000000000
111110011011100000000100011010101101111010110101111110000101111110011000111111111110111011000000010000010010
000000000000000000000000000000000000000001110111100001111100010010010011111001100011010011000101000100111011
000000000000000000000000000000000000000000000000000000000000000000000000000000000000000000000000000000000000
000000000000000000000000000000000000000000000000000000000000000000000000000000000000000000000000000000000000
000110011101000000111101001010110111111001101010100100000011111100010101111011011100011000111101001100100011
000000000000000000000000000000000000000000010010101011111011110001100000111011011101000000000100001111110011
000000000000000000000000000000000000000000000000000000000000000000000000000000000000000000000000000000000000
000000000000000000000000000000000000000000000000000000000000000000000000000000000000000000000000000000000000
000101000010110000111011101000010111000011010111110110000100000111110000111111001000111101111010110001000010
000000000000000000000000000000000000000011100110011010000001101011110001111011010001011001111110001101010000
000000000000000000000000000000000000000000000000000000000000000000000000000000000000000000000000000000000000
000000000000000000000000000000000000000000000000000000000000000000000000000000000000000000000000000000000000
111110001000000110111001011110000100111101111010101101000000001010000100111110100100110100000001101000011011
000000000000000000000000000000000000111011000100100100000100001000101011111011001100101101111110101010100101
000000000000000000000000000000000000000000000000000000000000000000000000000000000000000000000000000000000000
000000000000000000000000000000000000000000000000000000000000000000000000000000000000000000000000000000000000
000000000010101101000101001100001111000011111000001111111110100010101111111111010010000010000010001011100101
000000000000000000000000000000000000111011110010111010000010001000001011111001111111000110000010110011001100
000000000000000000000000000000000000000000000000000000000000000000000000000000000000000000000000000000000000
000000000000000000000000000000000000000000000000000000000000000000000000000000000000000000000000000000000000
111011101100110110000100011110000111000010000101010010111101110011110111000101000110110101000101011010100011
000000000000000000000000000000000000111001011011101101000100110001100011111010000000000110000100010110001101
000000000000000000000000000000000000000000000000000000000000000000000000000000000000000000000000000000000000
000000000000000000000000000000000000000000000000000000000000000000000000000000000000000000000000000000000000
