000011011100011000000101010010000101000010010111010100000000000011111001000000010000111010111101111101000010
000000000000000000000000000000000000000000101001100100000001110100000111000001001100000101000101000010010100
000000000000000000000000000000000000000000000000000000000000000000000000000000000000000000000000000000000000
000000000000000000000000000000000000000000000000000000000000000000000000000000000000000000000000000000000000
111101111000100000000010001010101010111011100000110100000001010110000010000010101010001011111010100100001011
000000000000000000000000000000000000000000110101000110000000100110111100000000000100100011000101010100111110
000000000000000000000000000000000000000000000000000000000000000000000000000000000000000000000000000000000000
000000000000000000000000000000000000000000000000000000000000000000000000000000000000000000000000000000000000
111110000110011100000000100111011111000110010110111100111111110000101001000010101000110111000001010110101001
000000000000000000000000000000000000111110011101001010000000111011101000111101111110110000000001111110111110
000000000000000000000000000000000000000000000000000000000000000000000000000000000000000000000000000000000000
000000000000000000000000000000000000000000000000000000000000000000000000000000000000000000000000000000000000
111111011111001010000100001010011000000011010001011101000001010000010011000100000011011100111010001000110111
000000000000000000000000000000000000111011101100010010111011001110000100000101010110001010000100011010000001
000000000000000000000000000000000000000000000000000000000000000000000000000000000000000000000000000000000000
000000000000000000000000000000000000000000000000000000000000000000000000000000000000000000000000000000000000
000101100000000100000000010110011110111010110000001011000010111011011001000010000100110010000000010001110110
000000000000000000000000000000000000000010101110111101000001110000010111000101011000001110111110100010100001
000000000000000000000000000000000000000000000000000000000000000000000000000000000000000000000000000000000000
000000000000000000000000000000000000000000000000000000000000000000000000000000000000000000000000000000000000
111010100010110011000101100101100001000100001010110101000110101000010101000101011000011000111111111111001101
000000000000000000000000000000000000000101000000000110000001001000100111111101101000101111000001111111011010
000000000000000000000000000000000000000000000000000000000000000000000000000000000000000000000000000000000000
000000000000000000000000000000000000000000000000000000000000000000000000000000000000000000000000000000000000
000101110110011010000101100101011101000100100101010000111011010100100101000010000111100111111111100100011001
000000000000000000000000000000000000111100000100101100111110001001010001000010011011001010000100101011100001
000000000000000000000000000000000000000000000000000000000000000000000000000000000000000000000000000000000000
000000000000000000000000000000000000000000000000000000000000000000000000000000000000000000000000000000000000
000010000001100111000100100010010000000110100100010001111010111111000111000000111111000101000110101110000011
000000000000000000000000000000000000111001111111001100000001001101011111000011010100010000000000100101001010
000000000000000000000000000000000000000000000000000000000000000000000000000000000000000000000000000000000000
000000000000000000000000000000000000000000000000000000000000000000000000000000000000000000000000000000000000
000000001101010011111100000010010000111100110110001100111110010101111000000100000001100110000000111101100011
000000000000000000000000000000000000111001111001011011111111100001101101000000011111000111000001010001100100
000000000000000000000000000000000000000000000000000000000000000000000000000000000000000000000000000000000000
000000000000000000000000000000000000000000000000000000000000000000000000000000000000000000000000000000000000
000011011011011110111110011001010111000011110100000000000000000101100100000000100100111010111001101000011100
000000000000000000000000000000000000000010001001010010111010001000111011000010111001110110111111000010010111
000000000000000000000000000000000000000000000000000000000000000000000000000000000000000000000000000000000000
000000000000000000000000000000000000000000000000000000000000000000000000000000000000000000000000000000000000
000001111000100100000001010100100101111001100111110010111001100010011001111100101001101111000001110000001001
000000000000000000000000000000000000000010110100000111000010011001111010000100100100101100000010001110111110
000000000000000000000000000000000000000000000000000000000000000000000000000000000000000000000000000000000000
000000000000000000000000000000000000000000000000000000000000000000000000000000000000000000000000000000000000
000011000101001111000101100110111111111011000100100010111011001011110111111111110010011010111011100001101011
000000000000000000000000000000000000111101110011011110000100001101011011000011101011010001111110000100100111
000000000000000000000000000000000000000000000000000000000000000000000000000000000000000000000000000000000000
000000000000000000000000000000000000000000000000000000000000000000000000000000000000000000000000000000000000
111100000101010111111110101001011000000110100110011010111010100011000101000110010010110110111111111000010111
000000000000000000000000000000000000111110000100101110000010001100011101000110100000010001111101110011010000
000000000000000000000000000000000000000000000000000000000000000000000000000000000000000000000000000000000000
000000000000000000000000000000000000000000000000000000000000000000000000000000000000000000000000000000000000
000010100100000010111111011001000101111110110010010100000110001011011010111011011100110001111010010100001011
000000000000000000000000000000000000111100011110111011000110011010010001000010011001111001000001100000110101
000000000000000000000000000000000000000000000000000000000000000000000000000000000000000000000000000000000000
000000000000000000000000000000000000000000000000000000000000000000000000000000000000000000000000000000000000
111101011100010110000011001100011000000001100100000101111110101100111111000100000111010100000100100100010111
000000000000000000000000000000000000111100010110110111000110101010011011000101010100110110111100001110010010
000000000000000000000000000000000000000000000000000000000000000000000000000000000000000000000000000000000000
000000000000000000000000000000000000000000000000000000000000000000000000000000000000000000000000000000000000
111011101011010101111110100101111101000001110000100001111111011011110001000110010100010011000001000001000101
000000000000000000000000000000000000111101001110000111000101110000010100000010001011010010000011101001000101
000000000000000000000000000000000000000000000000000000000000000000000000000000000000000000000000000000000000
000000000000000000000000000000000000000000000000000000000000000000000000000000000000000000000000000000000000
000101000100000010000100010000101111000000110111111101111001010101000001111010010100110110111010001000111110
000000000000000000000000000000000000111111100000010010000101001111100110111111011011100111000110011010000001
000000000000000000000000000000000000000000000000000000000000000000000000000000000000000000000000000000000000
000000000000000000000000000000000000000000000000000000000000000000000000000000000000000000000000000000000000
000011110101110101111001101101000010111100011110111011000010000101010100000010100111010101111001010011001010
000000000000000000000000000000000000111010110010000101111100110101100000000010110000100100000100001101001000
000000000000000000000000000000000000000000000000000000000000000000000000000000000000000000000000000000000000
000000000000000000000000000000000000000000000000000000000000000000000000000000000000000000000000000000000000
000101111100110111111101110000011101111111001101000010111010011111000110000100100011000011000011010100010001
000000000000000000000000000000000000111101000110000100111001100110000001111101100010110110000100110110100111
000000000000000000000000000000000000000000000000000000000000000000000000000000000000000000000000000000000000
000000000000000000000000000000000000000000000000000000000000000000000000000000000000000000000000000000000000
111011001011110011111110110011010110000100110110111110000101000001100001000011010000000001000011100011010000
000000000000000000000000000000000000000011001101100100000000011001010010000000000110000110000011101001101111
000000000000000000000000000000000000000000000000000000000000000000000000000000000000000000000000000000000000
000000000000000000000000000000000000000000000000000000000000000000000000000000000000000000000000000000000000
000001111100111101111001100101011110000000111110000101000101110110101011000100000001111111000010101001001110
000000000000000000000000000000000000000010001110110000111101111111111111000101101000101010000001110110110001
000000000000000000000000000000000000000000000000000000000000000000000000000000000000000000000000000000000000
000000000000000000000000000000000000000000000000000000000000000000000000000000000000000000000000000000000000
111011111000000101111101011111111001111010000110010011111011001001100100000110100001011111111001100101111011
000000000000000000000000000000000000111110001100110110111111100101101111000010101100001100111110100111110100
000000000000000000000000000000000000000000000000000000000000000000000000000000000000000000000000000000000000
000000000000000000000000000000000000000000000000000000000000000000000000000000000000000000000000000000000000
000110011101001011000100101110110010000001101001101111000000101111010101000110001000010111000101000000010000
000000000000000000000000000000000000000010101001110011111011011111101101000010000100000000000110000101100111
000000000000000000000000000000000000000000000000000000000000000000000000000000000000000000000000000000000000
000000000000000000000000000000000000000000000000000000000000000000000000000000000000000000000000000000000000
000101111010100010111001011010100101111101011110000100000010010011010100000001110111101111111011001000000100
000000000000000000000000000000000000000010100100101001000110101101111110000101000011111000111100011010010110
000000000000000000000000000000000000000000000000000000000000000000000000000000000000000000000000000000000000
000000000000000000000000000000000000000000000000000000000000000000000000000000000000000000000000000000000000
