111011111000100001000110001010010011000010101010111110111011111101011001000100111010000010000000111101100100
111110001111011000000100000101110001111101111001110000000001100010010111111010010010111000000000011011000110
000100011010100100000101000011000100000011110001100101000110101101100110111100000111100011000011001011011111
111100111101010100111001100110001110111010011110010001000001111011110000000101011111010111111011111011011101
000101000101110101000110010000011100000100010001000101111110000111111011000010011110110001111100011010100111
000011000011010001000110011101010101111001011000111011000001010011100011111111100011001101000110101010100010
000100001110101101111110000101000111000101011010100000111010001101110111000011000101101011000001111001100101
111101001111001110111001011000111110000101010100110110000001111000011010111011001101101000111100000100110100
000001111101000101111110011111100010000101010101100101000101110011111000000101111111101110111100010000101001
000001011010101101111010000101101111111100010100101111111110001011111000000101011011110010111111010011001100
111011011110111100111111111101110101111011001001110111000010100111010010000001001101011101111111000101011101
000001110100000110111011101111010000000000110011101001111110011100011111111100010101001011000001001010011000
000010001010100000111100000011101101000100111010000100111111000100110010111011101001000100111001101010010011
000110010000000000111010111100110101000100010101010001111100101010000101111011000100010110000010101001010011
111101110000001010111011111010011101111110100010111000111001111010000101000101010111000011111111010110001001
000101011011100101111100011100100101000010010111000010111010001010010111111110011011111111111111000100101010
111011100110011101000011001010011101000110001000111110111010101101111100111010001110110011111100001101101001
111110100011101010111001100101111010111110110110000110000100101101001101000000001111000011111010110011001010
000010010110011000111010000110110101000010000001001010111111110001100010111100100001000111111111101010101010
000010000110101000000011001110000001111001110111110010111001110110101110000010110110110111000010010010010011
000001110111001011111101101011001101000010000101111011111011100010111000111011100110110110111011111010010110
111101110100000100111100111001010100000000010011001100111011011110000100111011110110100000111111010011010010
111110011010111110111011101111100001111010000110111101000000010111101010000100101001101111111101100011110101
000100101101011100000101101101010110111010111010001000000000101000101110111101101001111011111101100010100011
000010011000000111111111111111100101000011111011100000000110000110111111111111111011000100111010100110110110
000000000001110101000101010111111111111100101000101001111101001001001100000101100010000110111100111000100110
111101000000011011111010000001111111000010110110111001111100101000001111000100011100001001000001000101101101
000101100010101001111111000110000011000010000001111001111100010000000111111100110100010001000001100011100111
111010000000100011000110011001110100000010010000000011111101000001100000111011111000001110111111110011000001
000000000011010011111001110110011111000011110001101000000011110111101100000000110110111011000001010110001011
111100011111000000111011000111011110000010110011000110111110001001011101000100110101101010000101010111110010
111110011001100101000001100111101000000100100110100100111110110001110011000000101101011111111001100101101101
111101101000011001000000110100001011111101111110001111000100010011001100111110011010010001111011011100001100
111010001011111111000100001101010111111111000000000010111100010000100011000011110010011100000011000001111111
111101111001010110000000101100010101000011110011100000111110001101011101000000110001101000111011101101011110
111011000010101110000000101111001001111110011011010111111011110111010100111100010011100100111011001011111001
111101010010010100111100111010111100111011111101110000000100000101110011000001011001111000000110010111011000
111101111111010111000000011011010000000110010000110001000011010011101111111110010111011010111110111000101000
111011001000100011000010101110110000000101000100001110111100111100101011111101000011010010000001000101110010
000100011001000100000110000100001101111001101111000110111111001100101101000000100000110100000010110010101101
000000000000000000000000000000000000000000000000000000000000000000000000000000000000000000000000000000000000
000000000000000000000000000000000000000000000000000000000000000000000000000000000000000000000000000000000000
000000000000000000000000000000000000000000000000000000000000000000000000000000000000000000000000000000000000
000000000000000000000000000000000000000000000000000000000000000000000000000000000000000000000000000000000000
000000000000000000000000000000000000000000000000000000000000000000000000000000000000000000000000000000000000
000000000000000000000000000000000000000000000000000000000000000000000000000000000000000000000000000000000000
000000000000000000000000000000000000000000000000000000000000000000000000000000000000000000000000000000000000
000000000000000000000000000000000000000000000000000000000000000000000000000000000000000000000000000000000000
000000000000000000000000000000000000000000000000000000000000000000000000000000000000000000000000000000000000
000000000000000000000000000000000000000000000000000000000000000000000000000000000000000000000000000000000000
000000000000000000000000000000000000000000000000000000000000000000000000000000000000000000000000000000000000
000000000000000000000000000000000000000000000000000000000000000000000000000000000000000000000000000000000000
000000000000000000000000000000000000000000000000000000000000000000000000000000000000000000000000000000000000
000000000000000000000000000000000000000000000000000000000000000000000000000000000000000000000000000000000000
000000000000000000000000000000000000000000000000000000000000000000000000000000000000000000000000000000000000
000000000000000000000000000000000000000000000000000000000000000000000000000000000000000000000000000000000000
000000000000000000000000000000000000000000000000000000000000000000000000000000000000000000000000000000000000
000000000000000000000000000000000000000000000000000000000000000000000000000000000000000000000000000000000000
000000000000000000000000000000000000000000000000000000000000000000000000000000000000000000000000000000000000
000000000000000000000000000000000000000000000000000000000000000000000000000000000000000000000000000000000000
000000000000000000000000000000000000000000000000000000000000000000000000000000000000000000000000000000000000
000000000000000000000000000000000000000000000000000000000000000000000000000000000000000000000000000000000000
000000000000000000000000000000000000000000000000000000000000000000000000000000000000000000000000000000000000
000000000000000000000000000000000000000000000000000000000000000000000000000000000000000000000000000000000000
000000000000000000000000000000000000000000000000000000000000000000000000000000000000000000000000000000000000
000000000000000000000000000000000000000000000000000000000000000000000000000000000000000000000000000000000000
000000000000000000000000000000000000000000000000000000000000000000000000000000000000000000000000000000000000
000000000000000000000000000000000000000000000000000000000000000000000000000000000000000000000000000000000000
000000000000000000000000000000000000000000000000000000000000000000000000000000000000000000000000000000000000
000000000000000000000000000000000000000000000000000000000000000000000000000000000000000000000000000000000000
000000000000000000000000000000000000000000000000000000000000000000000000000000000000000000000000000000000000
000000000000000000000000000000000000000000000000000000000000000000000000000000000000000000000000000000000000
000000000000000000000000000000000000000000000000000000000000000000000000000000000000000000000000000000000000
000000000000000000000000000000000000000000000000000000000000000000000000000000000000000000000000000000000000
000000000000000000000000000000000000000000000000000000000000000000000000000000000000000000000000000000000000
000000000000000000000000000000000000000000000000000000000000000000000000000000000000000000000000000000000000
000000000000000000000000000000000000000000000000000000000000000000000000000000000000000000000000000000000000
000000000000000000000000000000000000000000000000000000000000000000000000000000000000000000000000000000000000
000000000000000000000000000000000000000000000000000000000000000000000000000000000000000000000000000000000000
000000000000000000000000000000000000000000000000000000000000000000000000000000000000000000000000000000000000
000000000000000000000000000000000000000000000000000000000000000000000000000000000000000000000000000000000000
000000000000000000000000000000000000000000000000000000000000000000000000000000000000000000000000000000000000
000000000000000000000000000000000000000000000000000000000000000000000000000000000000000000000000000000000000
000000000000000000000000000000000000000000000000000000000000000000000000000000000000000000000000000000000000
000000000000000000000000000000000000000000000000000000000000000000000000000000000000000000000000000000000000
000000000000000000000000000000000000000000000000000000000000000000000000000000000000000000000000000000000000
000000000000000000000000000000000000000000000000000000000000000000000000000000000000000000000000000000000000
000000000000000000000000000000000000000000000000000000000000000000000000000000000000000000000000000000000000
000000000000000000000000000000000000000000000000000000000000000000000000000000000000000000000000000000000000
000000000000000000000000000000000000000000000000000000000000000000000000000000000000000000000000000000000000
000000000000000000000000000000000000000000000000000000000000000000000000000000000000000000000000000000000000
000000000000000000000000000000000000000000000000000000000000000000000000000000000000000000000000000000000000
000000000000000000000000000000000000000000000000000000000000000000000000000000000000000000000000000000000000
000000000000000000000000000000000000000000000000000000000000000000000000000000000000000000000000000000000000
000000000000000000000000000000000000000000000000000000000000000000000000000000000000000000000000000000000000
000000000000000000000000000000000000000000000000000000000000000000000000000000000000000000000000000000000000
