111010101000100110000100100001010010000010000011010100111011101110001001111011000000011000111101100111110001
000000000000000000000000000000000000110111101011011100111001100101111011000001101001101000000100100000100100
000010110111011001111000111110111111000011011101001010111111110001100111001000010101101000000101110011110010
000000000000000000000000000000000000000000011001001101000100110010101011000101111011011111000100101011111010
111100000011100110000101001000000011111111101010110011000010101100110001111011011000001011111110101001111010
000000000000000000000000000000000000111001010001101101001000001100101100111101010110111000111001110010101000
111011100111101101000000110100100001111111110110001000000001000111001100000100011101100100111011010011100111
000000000000000000000000000000000000111101001000101001000110111110110110111101101010001101000110110101100100
000111111111011110000100010000110011111001001001101101111000100010001001111101010001110000111101000010110011
000000000000000000000000000000000000000101001011010000111001010000000101000011010111001011000000010111001011
111011001111111101001000010010100110000001000101011000111111000101000101000100100101011011111011010011101110
000000000000000000000000000000000000000111000101011101111100100001010000111100001000110110000010110111101110
111101100100011000000011011100001110111001011000010000111111011110000001111111111111111110000101110101001001
000000000000000000000000000000000000111001011111100100000000000001110100111100000010100111000001010111101111
111001000110010110111101100010011010000101000000001111111101000111010011111010000101110111111110011000110000
000000000000000000000000000000000000000010101010101010000000110101110110000001110000111111000100011000110010
111110001010001011000101101101111001111000001010001000111100101101010001000000011100010101111011010111010110
000000000000000000000000000000000000000111010000101010111011011001111001111001011000000001000001000011001101
000011111110011111111101111110101111000111000011000010000001100101011101111100000001001100000100101101011010
000000000000000000000000000000000000000110010101111010000000001111011111000011101001000000000101100000111011
111001000110010110111011111111010101000000000100000000111110110110011010111000100100000111000001100111010110
000000000000000000000000000000000000000101000111011011000101101111110010000101110011010100111010110010010101
000011110011010011000100010100010101111000001000101111111100000011111111111100110101110111000101111011101000
000000000000000000000000000000000000111010110110010010000110100110111100111000101010001011000011010110000010
