000011010100011100111111010000111110000101011011111101000101100110110001000011001011010110111010100001010101
000000000000000000000000000000000000000101000001001100111011000101000101111100011110100010000101100110010100
000100111110000010000001100110011100111000000100100110000100001100110001111100100010101101110111111110110101
000000000000000000000000000000000000111011001011110101001000001110011011111001010001010110111011110000100011
000111001100011101000010010110011110000010010110100000111000010100011110000100000000000011111010010101001100
000000000000000000000000000000000000000010101010010110000001000000010000000111111000000110000000011110111111
111010000010010010111100100101010100111111011101001001000011000001111001000100010001111010000010001101011000
000000000000000000000000000000000000111011000011010000111010010010011110111000101100100101111100111110110110
111010011001111001111100110110011101000100010100101000111110110010100101111011011001100000111110101101010001
000000000000000000000000000000000000000111110011111110111100001110100001111000001010101100111000100110111010
111000001110001001111010000000101101000011011110010111111011001001011001111001010101010101000110110100111000
000000000000000000000000000000000000000011000000110011111011010010101010111000010101000000000001011101101111
000101101011010101111001111000010100111100111011100000111010000100101100110111101111110001000011101011010010
000000000000000000000000000000000000111100001100001000000110111101001000000101111100011101000110111001001001
110111101011110010111101111111011101111011101110010110000001111001011110111000010010000000111111100101100100
000000000000000000000000000000000000111111000000010101111100001110001010111010011111011011111000111001001100
000110000001101011000000000111010100111011100010001011000000111000100100000111010001111110111010010010100100
000000000000000000000000000000000000000000110110001111000111110001011010111100001010001101000001010101000100
000001101011001111000011110101001111111101011110011101111010011000010101001000001101001000000011001011100010
000000000000000000000000000000000000111111111011100000111011101001101101000000010011111000000000011110100111
000111011001000111000111101110011011111100111011010101111100100101110000111110100011011111000000101010110001
000000000000000000000000000000000000000001000001010100111001101001100110000111101001110011111101001111110011
000110011101010001000101100100011101111001100000011000000100111011000000111110000100111010000101000000110011
000000000000000000000000000000000000001000010100010101111010110101011100111100010101111011111101000010100100
