111001010100111000000110001100011100000001000001000010000001111100101101000000001010000000111110001100111010
000000000000000000000000000000000000111010001100100010000101111100101100000011110011101100000111010101110001
000000101000001011111110100111111011000010101110110110000001101110000111111110000000111011000111011001100001
000000000000000000000000000000000000111001111100001100000001001110001000000010100111100010111010000101001000
111101100010010100000100010010001100000011000100100010111101011001100100111100011100011110000100001001110110
000000000000000000000000000000000000000101101010101010000110001010000100000101010100111101001000010001100000
111000110011100001000010100111101100111010011110111110111000110110000101111010101010011110111001000100111101
000000000000000000000000000000000000111101001111110101000110001011110111000100101101000100000001011001110100
000111011100011111000000010000001011000000001110011110111100011101011110111100100010110110000111010011000111
000000000000000000000000000000000000111110101010100010000011111001110110000100011100100000000101101110110001
111011110010011001111110000010011100111110100001110101000100101001110100000110011000110100111101000110110101
000000000000000000000000000000000000000010110110010000000111011100101111111011111100111101111011111100110000
111100110011110110111001100101100001111001000110111010000000100000011110111011110010010000001000000100100010
000000000000000000000000000000000000111001000110010010000011011110011110111011110110000011111000101101100010
000001100110111110111111111011010011000010100000111000111110000010110101111111001111111001111110110101000001
000000000000000000000000000000000000111000110100101100001000010011001110000100000100001100111110100000110011
111110101010111110000101001011011101000111110110011101111101010111100001000100000000011110000111000010011001
000000000000000000000000000000000000000101100001001100111110000110011000000100111100110000111101001001110111
111011100101111110000110100010011010001000010011011110111010111000100000000110000110101011111011100101110010
000000000000000000000000000000000000111001010101001111111010010010110111111001001000101001000101100000110010
111110000101001100000100111110001010001000010101011101111000100111111000111010110111011000111000110000110000
000000000000000000000000000000000000001000010001100101111100010101110111000101100100011011111001101001110010
111011010100101000000000010111011110111100101010110011111110110001100011111001011100011100111011000000011010
000000000000000000000000000000000000000111100101000000111101100001000100000101001101010101001000010011101011
