111111111111001101000000010001110110111010001000110111000001010110101001111010100100001011111101111101000010
111011100001101011000001110000001001111001101000011100000000111101100011000110101110000011111111100100011001
111001010011001010111010001000111110000001000001000101000100100100010111111010010100001011111111111000010111
111011001000000100000101000000010000111001100101111011000010101001001110000011100011010000000011010100010001
000101011000011000000010000100110010000100000011011100000010101000110111000010101010001011000000010000111010
111111110010011010111100101001101111000000100100111010000100000001100110000000111111000101000010000111100111
000010100111010101111010010100110110000110010100010011000100000111010100111011011100110001000110010010110110
000001110111101111000110001000010111000110100001011111000100000001111111000011010000000001000100100011000011
000110101000010101000010111011011001000001010000010011111111110000101001000001010110000010000000000011111001
111011001011110111111001100010011001000000000101100100111110010101111000111010111111000111111011010100100101
000010000101010100111001010101000001111111011011110001111110101100111111000110001011011010111010100011000101
000010010011010100000000101111010101111011001001100100000101110110101011000101000001100001111010011111000110
000100001010110101111010110000001011000011010001011101000110010110111100111011100000110100000010010111010100
111011000100100010111001100111110010000011110100000000111100110110001100000110100100010001000100100101010000
111100011110111011000000110111111101000001110000100001000001100100000101111110110010010100000110100110011010
111101011110000100000001101001101111111010000110010011000000111110000101000100110110111110111111001101000010
000101100101100001000000010110011110000100001010011000000000100111011111000010001010101010000101010010000101
000101100110111111000001010100100101111110011001010111111100000010010000000100100010010000000101100101011101
111001101101000010000100010000101111111110100101111101000011001100011000111111011001000101111110101001011000
111001011010100101000100101110110010111101011111111001111001100101011110111110110011010110111101110000011101
111010100010110011000101100000000100111111011111001010111110000110011100111101111000100000000011011100011000
000011000101001111000001111000100100000011011011011110000000001101010011000010000001100111000101110110011010
000011110101110101000101000100000010111011101011010101111101011100010110000010100100000010111100000101010111
000101111010100010000110011101001011111011111000000101000001111100111101111011001011110011000101111100110111
000001111111011010111110100010100001000100011010000001000001111110111110000101010100111110000101000010010100
111110000100100111000010001110111110111111000010010111000001010001100100000000100101001010000100101011100001
000100001101001000000110011010000001000011101001000101111100001110010010000001100000110101111101110011010000
111100011010010110000110000101100111111110100111110100000001110110110001000011101001101111000100110110100111
111101101000101111000101011000001110000101010110001010111101111110110000000000000100100011000001001100000101
000011101011010001000100100100101100000010111001110110000000011111000111000011010100010000000010011011001010
000010110000100100111111011011100111000010001011010010000101010100110110000010011001111001000110100000010001
000101000011111000000010000100000000000010101100001100000101101000101010000000000110000110111101100010110110
000001001000100111000001110000010111111011001110000100000000111011101000000000100110111100000001110100000111
000100001101011011000010011001111010111010001000111011111111100001101101000001001101011111111110001001010001
111100110101100000000101001111100110000101110000010100000110101010011011000110011010010001000010001100011101
000110101101111110111011011111101101111111100101101111111101111111111111000000011001010010111001100110000001
000101000000000110000010101110111101111011101100010010111110011101001010000000110101000110000000101001100100
111101110011011110000010110100000111000010001001010010111001111001011011111001111111001100111100000100101100
111010110010000101111111100000010010111101001110000111111100010110110111111100011110111011111110000100101110
000010100100101001000010101001110011111110001100110110000010001110110000000011001101100100111101000110000100
000000000000000000000000000000000000000000000000000000000000000000000000000000000000000000000000000000000000
000000000000000000000000000000000000000000000000000000000000000000000000000000000000000000000000000000000000
000000000000000000000000000000000000000000000000000000000000000000000000000000000000000000000000000000000000
000000000000000000000000000000000000000000000000000000000000000000000000000000000000000000000000000000000000
000000000000000000000000000000000000000000000000000000000000000000000000000000000000000000000000000000000000
000000000000000000000000000000000000000000000000000000000000000000000000000000000000000000000000000000000000
000000000000000000000000000000000000000000000000000000000000000000000000000000000000000000000000000000000000
000000000000000000000000000000000000000000000000000000000000000000000000000000000000000000000000000000000000
000000000000000000000000000000000000000000000000000000000000000000000000000000000000000000000000000000000000
000000000000000000000000000000000000000000000000000000000000000000000000000000000000000000000000000000000000
000000000000000000000000000000000000000000000000000000000000000000000000000000000000000000000000000000000000
000000000000000000000000000000000000000000000000000000000000000000000000000000000000000000000000000000000000
000000000000000000000000000000000000000000000000000000000000000000000000000000000000000000000000000000000000
000000000000000000000000000000000000000000000000000000000000000000000000000000000000000000000000000000000000
000000000000000000000000000000000000000000000000000000000000000000000000000000000000000000000000000000000000
000000000000000000000000000000000000000000000000000000000000000000000000000000000000000000000000000000000000
000000000000000000000000000000000000000000000000000000000000000000000000000000000000000000000000000000000000
000000000000000000000000000000000000000000000000000000000000000000000000000000000000000000000000000000000000
000000000000000000000000000000000000000000000000000000000000000000000000000000000000000000000000000000000000
000000000000000000000000000000000000000000000000000000000000000000000000000000000000000000000000000000000000
000000000000000000000000000000000000000000000000000000000000000000000000000000000000000000000000000000000000
000000000000000000000000000000000000000000000000000000000000000000000000000000000000000000000000000000000000
000000000000000000000000000000000000000000000000000000000000000000000000000000000000000000000000000000000000
000000000000000000000000000000000000000000000000000000000000000000000000000000000000000000000000000000000000
000000000000000000000000000000000000000000000000000000000000000000000000000000000000000000000000000000000000
000000000000000000000000000000000000000000000000000000000000000000000000000000000000000000000000000000000000
000000000000000000000000000000000000000000000000000000000000000000000000000000000000000000000000000000000000
000000000000000000000000000000000000000000000000000000000000000000000000000000000000000000000000000000000000
000000000000000000000000000000000000000000000000000000000000000000000000000000000000000000000000000000000000
000000000000000000000000000000000000000000000000000000000000000000000000000000000000000000000000000000000000
000000000000000000000000000000000000000000000000000000000000000000000000000000000000000000000000000000000000
000000000000000000000000000000000000000000000000000000000000000000000000000000000000000000000000000000000000
000000000000000000000000000000000000000000000000000000000000000000000000000000000000000000000000000000000000
000000000000000000000000000000000000000000000000000000000000000000000000000000000000000000000000000000000000
000000000000000000000000000000000000000000000000000000000000000000000000000000000000000000000000000000000000
000000000000000000000000000000000000000000000000000000000000000000000000000000000000000000000000000000000000
000000000000000000000000000000000000000000000000000000000000000000000000000000000000000000000000000000000000
000000000000000000000000000000000000000000000000000000000000000000000000000000000000000000000000000000000000
000000000000000000000000000000000000000000000000000000000000000000000000000000000000000000000000000000000000
000000000000000000000000000000000000000000000000000000000000000000000000000000000000000000000000000000000000
000000000000000000000000000000000000000000000000000000000000000000000000000000000000000000000000000000000000
000000000000000000000000000000000000000000000000000000000000000000000000000000000000000000000000000000000000
000000000000000000000000000000000000000000000000000000000000000000000000000000000000000000000000000000000000
000000000000000000000000000000000000000000000000000000000000000000000000000000000000000000000000000000000000
000000000000000000000000000000000000000000000000000000000000000000000000000000000000000000000000000000000000
000000000000000000000000000000000000000000000000000000000000000000000000000000000000000000000000000000000000
000000000000000000000000000000000000000000000000000000000000000000000000000000000000000000000000000000000000
000000000000000000000000000000000000000000000000000000000000000000000000000000000000000000000000000000000000
000000000000000000000000000000000000000000000000000000000000000000000000000000000000000000000000000000000000
000000000000000000000000000000000000000000000000000000000000000000000000000000000000000000000000000000000000
000000000000000000000000000000000000000000000000000000000000000000000000000000000000000000000000000000000000
000000000000000000000000000000000000000000000000000000000000000000000000000000000000000000000000000000000000
000000000000000000000000000000000000000000000000000000000000000000000000000000000000000000000000000000000000
000000000000000000000000000000000000000000000000000000000000000000000000000000000000000000000000000000000000
000000000000000000000000000000000000000000000000000000000000000000000000000000000000000000000000000000000000
000000000000000000000000000000000000000000000000000000000000000000000000000000000000000000000000000000000000
