111110000001010101111010111110011000111110100000110000000011011000111010000110001101010001111010111001100011
000000000000000000000000000000000000000101101101100000111101010110011001111101010111100110111011110101000010
000000000000000000000000000000000000000000000000000000000000000000000000000000000000000000000000000000000000
000000000000000000000000000000000000000000000000000000000000000000000000000000000000000000000000000000000000
000001101101000100000010000100000100111110100000010001111111001101100010000010010000010000111100101101101010
000000000000000000000000000000000000111111110010011111111101010100100000000110011011111111111010000101110010
000000000000000000000000000000000000000000000000000000000000000000000000000000000000000000000000000000000000
000000000000000000000000000000000000000000000000000000000000000000000000000000000000000000000000000000000000
111110111001000100111001010100011010111011001110111100111110100001011000000001111101010000000110001111100111
000000000000000000000000000000000000000010110011001010111110011011011111000010001100001000111111001111000010
000000000000000000000000000000000000000000000000000000000000000000000000000000000000000000000000000000000000
000000000000000000000000000000000000000000000000000000000000000000000000000000000000000000000000000000000000
111010111001101100111011011101100110111111011011011110000000000101010010000100001101000101111110101110010101
000000000000000000000000000000000000000101101101100001111110100000001110111011011011000111111110011100011101
000000000000000000000000000000000000000000000000000000000000000000000000000000000000000000000000000000000000
000000000000000000000000000000000000000000000000000000000000000000000000000000000000000000000000000000000000
000101011000100110000100010101110100000010010110110000111110000100000101111001010101101101111111111001101010
000000000000000000000000000000000000000010011101000111111110011010001011111101011110111010000011100000111101
000000000000000000000000000000000000000000000000000000000000000000000000000000000000000000000000000000000000
000000000000000000000000000000000000000000000000000000000000000000000000000000000000000000000000000000000000
000100100001000000000000010001010000000110011100001010111110011101010101111111001001001000000110001100110011
000000000000000000000000000000000000000011010001001010111100010010100100111111100111000110111011100100010100
000000000000000000000000000000000000000000000000000000000000000000000000000000000000000000000000000000000000
000000000000000000000000000000000000000000000000000000000000000000000000000000000000000000000000000000000000
000101110111111011000101000000001111111110010010001111111100011001111011000011100000011100000100010001101110
000000000000000000000000000000000000000100101110001101111111001011111010111101101000001100000101101111010010
000000000000000000000000000000000000000000000000000000000000000000000000000000000000000000000000000000000000
000000000000000000000000000000000000000000000000000000000000000000000000000000000000000000000000000000000000
000011000111000100000001101101001110111100011110111001000000110001001000111101101000110000000001001001101101
000000000000000000000000000000000000000010011000001111000100100111000101000011000010011011111101010110100000
000000000000000000000000000000000000000000000000000000000000000000000000000000000000000000000000000000000000
000000000000000000000000000000000000000000000000000000000000000000000000000000000000000000000000000000000000
111010001001100100000001100111101111111101010010000111000110000110110100000010111111110100111101011011001111
000000000000000000000000000000000000000001011111101101000100100100100110111010010010100101111011101111100010
000000000000000000000000000000000000000000000000000000000000000000000000000000000000000000000000000000000000
000000000000000000000000000000000000000000000000000000000000000000000000000000000000000000000000000000000000
111010111100010001000000001000000001000011110011110010000110011111100010000001010011100011000010010011110001
000000000000000000000000000000000000111101100001100110000110011000010110111010101111100010000000110000101101
000000000000000000000000000000000000000000000000000000000000000000000000000000000000000000000000000000000000
000000000000000000000000000000000000000000000000000000000000000000000000000000000000000000000000000000000000
111011000110010111000001010011000010000011110101100110111011110000000111111111101101000101111110000011101101
000000000000000000000000000000000000111110001101111100111010110000111111111001011100001001000011101001110111
000000000000000000000000000000000000000000000000000000000000000000000000000000000000000000000000000000000000
000000000000000000000000000000000000000000000000000000000000000000000000000000000000000000000000000000000000
111011101110001011000010101111111111000100000011110100111010111011000000000011111101100101000001100101111111
000000000000000000000000000000000000111111011110001000000101001000111000111011110110001111000001010100111110
000000000000000000000000000000000000000000000000000000000000000000000000000000000000000000000000000000000000
000000000000000000000000000000000000000000000000000000000000000000000000000000000000000000000000000000000000
111100001000111000111011010110100000111010001011000111000001001110000000000011010101101000000010100011100100
000000000000000000000000000000000000111101111110101000000110011111111111000100000110001010000100110101000111
000000000000000000000000000000000000000000000000000000000000000000000000000000000000000000000000000000000000
000000000000000000000000000000000000000000000000000000000000000000000000000000000000000000000000000000000000
111111001101100001111111001010011111000010111000001110111110111010000000000110000100000011111100110110101110
000000000000000000000000000000000000111110010111101011000001100001011010111011111011100001111100011010110111
000000000000000000000000000000000000000000000000000000000000000000000000000000000000000000000000000000000000
000000000000000000000000000000000000000000000000000000000000000000000000000000000000000000000000000000000000
111101011110000110111010111110011011111110111010101111000000001101101000111011001010111110000101000110010000
000000000000000000000000000000000000000100000110011000000101111011000000000110101000111101111111110101011000
000000000000000000000000000000000000000000000000000000000000000000000000000000000000000000000000000000000000
000000000000000000000000000000000000000000000000000000000000000000000000000000000000000000000000000000000000
000000101110101100111101011011010011111111100111100011000101100111010011111001101101111111111011001001100101
000000000000000000000000000000000000111100101010011110111111101110100000111100011110011011000101111111111101
000000000000000000000000000000000000000000000000000000000000000000000000000000000000000000000000000000000000
000000000000000000000000000000000000000000000000000000000000000000000000000000000000000000000000000000000000
000101010110100100111110011000110000111101100001110000111111001101100001000001111010110100111100110011101110
000000000000000000000000000000000000111011110011011100111011101101101110111011111100011000000001001111100000
000000000000000000000000000000000000000000000000000000000000000000000000000000000000000000000000000000000000
000000000000000000000000000000000000000000000000000000000000000000000000000000000000000000000000000000000000
000000111111100011000010110010011101000001011110101110000100001000101011000100001100110000000010100101011100
000000000000000000000000000000000000000011001011011101111101011110100010111100011011110111111010111011000000
000000000000000000000000000000000000000000000000000000000000000000000000000000000000000000000000000000000000
000000000000000000000000000000000000000000000000000000000000000000000000000000000000000000000000000000000000
111111101110110100111111011001001001111110000000100100000001100111101111111011110101011101000011001011100011
000000000000000000000000000000000000000110010000001010111110100111111011000010110011110010000011010110111011
000000000000000000000000000000000000000000000000000000000000000000000000000000000000000000000000000000000000
000000000000000000000000000000000000000000000000000000000000000000000000000000000000000000000000000000000000
000100011000000000111011010000010100000011100000111110111011110111000001000101111011101111000101001110010001
000000000000000000000000000000000000111011010111000110111011011001101001000110001110011001111100001001111000
000000000000000000000000000000000000000000000000000000000000000000000000000000000000000000000000000000000000
000000000000000000000000000000000000000000000000000000000000000000000000000000000000000000000000000000000000
111101110010001001000010011110000000111010011010010100000100110001110001000101101111001100000001111111101110
000000000000000000000000000000000000000000011000001110000010101010100000000001110100010000000000000111001011
000000000000000000000000000000000000000000000000000000000000000000000000000000000000000000000000000000000000
000000000000000000000000000000000000000000000000000000000000000000000000000000000000000000000000000000000000
111110100011100001000000010100000000000001110110010100000000101110000111111110010111101100111011101011000100
000000000000000000000000000000000000111101110011110000000001011100011000000000010110010010000011101010000101
000000000000000000000000000000000000000000000000000000000000000000000000000000000000000000000000000000000000
000000000000000000000000000000000000000000000000000000000000000000000000000000000000000000000000000000000000
111011111101010111111110000010000010111011100011110010111001100010111111000110000001011001000110001000110111
000000000000000000000000000000000000000100001011010110111010101010110011111001010111001000000100010010110010
000000000000000000000000000000000000000000000000000000000000000000000000000000000000000000000000000000000000
000000000000000000000000000000000000000000000000000000000000000000000000000000000000000000000000000000000000
111101111101010110111110000111011100000011101101010101000101010001101010000010111100101111000010100001100101
000000000000000000000000000000000000000010000010101000111100101011110100111010001010100001111111000111011100
000000000000000000000000000000000000000000000000000000000000000000000000000000000000000000000000000000000000
000000000000000000000000000000000000000000000000000000000000000000000000000000000000000000000000000000000000
