000010110011111110000000100000011001111101011011111100000110001001110000111110110111001010111011011001001110
000000000000000000000000000000000000000001101010110000111100101001110100000001000000000011111101111100010100
000110001110000001000110101000000110111011110101011000000011010000100010000110011110011011000111111010101000
000000000000000000000000000000000000000100111101100001000000000000101010110111101001110011000000011001001010
000001100100101101000101010011011111001000010010110000000100100100100011000011000110101011111001001011100101
000000000000000000000000000000000000111001001100101111000110001110100101000000011110000111111100100011000100
111110011101100100111011001001010100000011101010100111000100011101010011000100100010010101000001011110000010
000000000000000000000000000000000000111010100110001011111100110110000101111010011101111101111110001010111000
000010100111011000000011010011001100111011111001011101000000000101000100111111101000110111111101110110010100
000000000000000000000000000000000000111110001011000101000011100010010101111101111001101111111110111101110000
111000010110101111000010101010111011000010001011111100111010111101010101111010110100000001000111101100101100
000000000000000000000000000000000000000110011010111111111110111010100111111000110100011110000010111000100111
111111010100101011000100011000000101111101110001110101000100000000101100000101110010100011111010010111000110
000000000000000000000000000000000000000111101110101111000101101100010001000000001001010101111101101101001101
000111100110101101111101000100000101111000011110000000000001110101010111111101100001110100111011110011000001
000000000000000000000000000000000000000110010010100100000000101100011010111110101000000101000010110010001010
111001100110110011000101100111010000111110010001111000111100010011101110000001000111000011111000001010000010
000000000000000000000000000000000000111010111111001001000111000010101110111010000001100110111101100000101011
111001110100001111111011011111010000111001011000001100000110110011000111111111010101111000111011000011100111
000000000000000000000000000000000000111011100110110100000100010111100100111101001111001010111001110111110101
111101100111001110000011000011111011000010101110001111111011111000101000111011010101110001111011011100110100
000000000000000000000000000000000000000101100100001100000000010111011001000110010111000000000010100010010110
000100100101110110111001000001100000001000000010111011000111000001101110111100111000111001111100011010000110
000000000000000000000000000000000000110111111001010010000110110111001001111000011100011001111101110010001110
