000101111100111100111100110110000010111110100111101110000000001000011100000010100111100111111101100101000100
000000000000000000000000000000000000111001101100111001111101100101011011111011110000011101111111101010101000
000101010110110010111000001010000110110111110000111010111000110100101000000011110011100001111111011110110100
000000000000000000000000000000000000000001001111011000000100001011001100000111101111001110000010010111100000
111111000001101101000101001010110011111011000000101100111101101111111100000100011100101001111111111100111100
000000000000000000000000000000000000111010011010011001000100110010000011111101001001010001000001010000111010
111011100101100011111111110010100001111101001100111100111100100000101000000111010011101000111100010001100111
000000000000000000000000000000000000000010101100001111000111011110110101111011011010111111000111100101011101
000001001110111011000001111010010110111111001110010001000110101110111010000111000111101110111110100010011000
000000000000000000000000000000000000111101000010111100001000000000011001111010000010011010111100110101110110
111100111000011010001000001100000001111111101001010001111110001011110000111110011000011000111000101001100011
000000000000000000000000000000000000000111110101010111111100100101010100111111111100100101111110010101011100
111100000111101100111101001110010100111001110001001100111000111001100101111110000111100000111010100101010000
000000000000000000000000000000000000111101011100001011000111111110111011000100001110110111111110011110101101
111110100000000011111011101100111000111110010100010101111110000111110110111010111110011110111001100011000010
000000000000000000000000000000000000000100100011100111111001111011111111111100011001110101111010110000100111
111100101010010010000110110010001100111100100001100111111011000000100100111111111010011100000010111010101101
000000000000000000000000000000000000111000001110101001111101111001100000111100010111101110111111101111100010
000011111101000000000111110001011000111101111001100011111100111011011001000011100110000001000001100000000100
000000000000000000000000000000000000111000101010101010111010010101101010111010100110100001111000011101100101
000000111000011010111011111001100000000100010110111100111101101001101111111111000110001001000111010110100001
000000000000000000000000000000000000111000000110101001000101101010101010111101111101001110000100100100111000
000100110101101100000000100100010101000010110001100000111011000001011100000101010110011111111000100110101000
000000000000000000000000000000000000111101000011100111000011011011011110111100011111000101000001101010001100
