111101011101111111111001011101000001001000010010001000000011101001000001000101011000111110000100101011110101
000000000000000000000000000000000000111011000001001101111010111101100001000110001101010111000010111011000111
111110011001101101000111110110010000111010100010010111111011111100110111111010110111010011000010000010011100
000000000000000000000000000000000000111001111010111001000001000001001110001000010011001011000110111010001110
000111110101111100111010010011011011000010110100011110111010100000000110000010000010001100000010110001001011
000000000000000000000000000000000000111000011011001100000000110110110011111001011111000111111100011110000010
111111111110010000111101011011010100000011000010110010111110010011010000000101110010000001000011011100001001
000000000000000000000000000000000000111011010011101000000010100010001010000101100100100011000001111111110000
111011000101000100000101111010100111111101011110111001000001000100101101111100110100010000111011110001011101
000000000000000000000000000000000000000001000011101010111010101100100001111001000010001110110111101110110011
111100001110110100111011111000011110111011010110010010000110100100110101000000101111011010111101011100000111
000000000000000000000000000000000000111110110100110101111110110111000011000001110000011110000010110111110000
001000010001000100111010110010111011111101110000100101000110101011010101111001110000110111111000100110000111
000000000000000000000000000000000000111111111101011000111110010011111000111111000101101011110111111110111111
000000001010100010111110001000100010111101011111101110111001010010011000111011001101000100111010111011101110
000000000000000000000000000000000000000101110111001111111010011100100101111110110011010111000110011101010110
111111010011101111111100001000001100000100100010011101111010001110111110111111101110101001111110110100111011
000000000000000000000000000000000000111000000100110111000010010111101000000001001011111111000000010110001000
111100110000011111111110111101010101111101100011110101111100010100011101000100000011111100000011001000111010
000000000000000000000000000000000000000000010110101101111100001100111101111100000011101000111000010100100001
111110111001100101000001111010001101111100111101100010000010100011110010111011100011101011000101001011110100
000000000000000000000000000000000000000111110111100000111011110111101010111000100100101100000011011100000100
000001001100100011111101001001110001000110000000110100000100101001010101111010110111011000111010011011110001
000000000000000000000000000000000000111010000110100011111110000110101011000110100000100010000011011010010101
