111111100111111000111100010011110101000011101111110011111101011010001100111110100010000110000110101000000000
000001100011000001111010011111110000111101010100100000000000110000010101111110001111100111000000010001000100
000001011001011011000100100001010010000110010100000101000100100000001110000101010010111010111110011101010011
000101100010010101000101011100011010111101001110010001111100100110000111000100011011110111111011001010001000
111110101001111101000100110001010100000010111101000001111001100110111010000000011100100100111111100001110011
000110001110010000000100101111101100111100001100101001111100110011111100000110000110110110000001010110011010
111010110111110001111010000000101010111100110111010011000110001110011000000101101101000111111011010011011011
000011110010000100000100000100111010111101110111010110111101001000000101111101011010010110000011000101101110
000101000011010111000110011000100100000101110111010010000101110011011110111100110111100101000001010001011110
000101101010111011000001110001001011000001110101100011111111110101001000111110111011101001111110001001000011
000110010011001000111110000010101001111010000101001101000000101000011001111100110011011100111110100011010010
111101111010101001000010010010111111000100100111100111111100100000101011111101001110001111000010010100111000
111010100111001000000100101000001100111101111110010111000100100010000111000001110111001010000101001011100000
000001110101110011000101000110100000000101010100101110111111110001000000000000011110011001000001110111011110
000100110011010011000110001110101111000100001000000000000110101000110100111111111000000111111111001110000110
111101100010000010111100101001110010000000001001110111000000010100001110000001010100110101000011111100111011
000000101001111100000100100100010000000110011100001111000100010100110010111101101110111011111110001111111100
111011001011111100111010010001100100000001111001100011000001011111100111000010111100010100111101011110100110
000010101010100001111010111011110011111001100100011111000000100001101010000100110101010110000000000101010000
111110001000010111000010001110100100111111010001110111111101000011101111111110000101111011111011001110111100
111001011110110100111011101111111110111011010111101001000001111000111010000001001010100111111111001100000001
000010001101110101000001101010001000000000010101011110000000110101001100111001101100010001111010110101001000
111110111111010100111010110110001110111011001011111010000000111011100011000101000011001110000001111111100011
111010010001101001111010011101111001111100101000100110000101001100101100000000011101100011000110100100011001
000001001110110011000100010100010001111010111110110100111111011000110100000000110011010111111101010011100101
000100110011000001000100000001100000111011101000001110111100101000110000000001010101000110111111100101101101
000010100110011011111100100101001111000101111110001011111110010110111000000101111111010101000010110101001100
000000101101010110000000010110111100000000010001010001000000011110000100111110110001110111000110010101111010
000010000100010100111100001000111100111110110000010110000101101010110100000101001010001001111100001010110101
111101111101111001111001110100011100111001010111111000111001100110001111000011000010000010111001010100001001
000100011000111010111010110110001100111001110101101011111110000100111110111110000100111000000011110011000010
111110101010100011111110000111110000111100011010111100111101001011111100000010000111000001111101001100010100
111010101011110001111100010110000100000100111001111001000010100100000100000010100001000110000000010000001000
111010001010011100111110110010000010000100010110011001000010101111111010111100100000011101000101000011110100
000010001011100110000001100000000001000010000101111001000011100100111011000011111101101011000110001011001110
111110101110010101111110010101101101111010001001101000111011010111111100111100011010011010000001111101100011
111011010010001011000110010101101110000100111111011001111110011010101100000001000100111110111100000010111101
000101110101110000000000000010000001111011110100011101000100111011101110111001110111101011000101100100011110
000000000010111101111111110100001110000101110010000101000000011011110001111100010001001000000100011100010001
111111001000110000000110000111011010111010101101110100111010001001001000111101001010011000111100100100100011
000000000000000000000000000000000000000000000000000000000000000000000000000000000000000000000000000000000000
000000000000000000000000000000000000000000000000000000000000000000000000000000000000000000000000000000000000
000000000000000000000000000000000000000000000000000000000000000000000000000000000000000000000000000000000000
000000000000000000000000000000000000000000000000000000000000000000000000000000000000000000000000000000000000
000000000000000000000000000000000000000000000000000000000000000000000000000000000000000000000000000000000000
000000000000000000000000000000000000000000000000000000000000000000000000000000000000000000000000000000000000
000000000000000000000000000000000000000000000000000000000000000000000000000000000000000000000000000000000000
000000000000000000000000000000000000000000000000000000000000000000000000000000000000000000000000000000000000
000000000000000000000000000000000000000000000000000000000000000000000000000000000000000000000000000000000000
000000000000000000000000000000000000000000000000000000000000000000000000000000000000000000000000000000000000
000000000000000000000000000000000000000000000000000000000000000000000000000000000000000000000000000000000000
000000000000000000000000000000000000000000000000000000000000000000000000000000000000000000000000000000000000
000000000000000000000000000000000000000000000000000000000000000000000000000000000000000000000000000000000000
000000000000000000000000000000000000000000000000000000000000000000000000000000000000000000000000000000000000
000000000000000000000000000000000000000000000000000000000000000000000000000000000000000000000000000000000000
000000000000000000000000000000000000000000000000000000000000000000000000000000000000000000000000000000000000
000000000000000000000000000000000000000000000000000000000000000000000000000000000000000000000000000000000000
000000000000000000000000000000000000000000000000000000000000000000000000000000000000000000000000000000000000
000000000000000000000000000000000000000000000000000000000000000000000000000000000000000000000000000000000000
000000000000000000000000000000000000000000000000000000000000000000000000000000000000000000000000000000000000
000000000000000000000000000000000000000000000000000000000000000000000000000000000000000000000000000000000000
000000000000000000000000000000000000000000000000000000000000000000000000000000000000000000000000000000000000
000000000000000000000000000000000000000000000000000000000000000000000000000000000000000000000000000000000000
000000000000000000000000000000000000000000000000000000000000000000000000000000000000000000000000000000000000
000000000000000000000000000000000000000000000000000000000000000000000000000000000000000000000000000000000000
000000000000000000000000000000000000000000000000000000000000000000000000000000000000000000000000000000000000
000000000000000000000000000000000000000000000000000000000000000000000000000000000000000000000000000000000000
000000000000000000000000000000000000000000000000000000000000000000000000000000000000000000000000000000000000
000000000000000000000000000000000000000000000000000000000000000000000000000000000000000000000000000000000000
000000000000000000000000000000000000000000000000000000000000000000000000000000000000000000000000000000000000
000000000000000000000000000000000000000000000000000000000000000000000000000000000000000000000000000000000000
000000000000000000000000000000000000000000000000000000000000000000000000000000000000000000000000000000000000
000000000000000000000000000000000000000000000000000000000000000000000000000000000000000000000000000000000000
000000000000000000000000000000000000000000000000000000000000000000000000000000000000000000000000000000000000
000000000000000000000000000000000000000000000000000000000000000000000000000000000000000000000000000000000000
000000000000000000000000000000000000000000000000000000000000000000000000000000000000000000000000000000000000
000000000000000000000000000000000000000000000000000000000000000000000000000000000000000000000000000000000000
000000000000000000000000000000000000000000000000000000000000000000000000000000000000000000000000000000000000
000000000000000000000000000000000000000000000000000000000000000000000000000000000000000000000000000000000000
000000000000000000000000000000000000000000000000000000000000000000000000000000000000000000000000000000000000
000000000000000000000000000000000000000000000000000000000000000000000000000000000000000000000000000000000000
000000000000000000000000000000000000000000000000000000000000000000000000000000000000000000000000000000000000
000000000000000000000000000000000000000000000000000000000000000000000000000000000000000000000000000000000000
000000000000000000000000000000000000000000000000000000000000000000000000000000000000000000000000000000000000
000000000000000000000000000000000000000000000000000000000000000000000000000000000000000000000000000000000000
000000000000000000000000000000000000000000000000000000000000000000000000000000000000000000000000000000000000
000000000000000000000000000000000000000000000000000000000000000000000000000000000000000000000000000000000000
000000000000000000000000000000000000000000000000000000000000000000000000000000000000000000000000000000000000
000000000000000000000000000000000000000000000000000000000000000000000000000000000000000000000000000000000000
000000000000000000000000000000000000000000000000000000000000000000000000000000000000000000000000000000000000
000000000000000000000000000000000000000000000000000000000000000000000000000000000000000000000000000000000000
000000000000000000000000000000000000000000000000000000000000000000000000000000000000000000000000000000000000
000000000000000000000000000000000000000000000000000000000000000000000000000000000000000000000000000000000000
000000000000000000000000000000000000000000000000000000000000000000000000000000000000000000000000000000000000
000000000000000000000000000000000000000000000000000000000000000000000000000000000000000000000000000000000000
000000000000000000000000000000000000000000000000000000000000000000000000000000000000000000000000000000000000
