000010110100011110000101000110011101111011110011101100000011100010101001000000100001100111111111110001100000
000001110010111110000100010110011000000000110010111000111011100001011110111011011011101100111001110110101011
111011100001110101000101000011100111000101011100000110111010101111110110000011100011001001000100010010100011
000010101100101011000011110011111110000011011001110111000000101001010000111111111110110111000100111111101111
000010101111100100000011000000101101111110110111111110111011011111001111111101101111101101000001101011011010
111100111101000001111101010000100111111111100110100101000001100110001100000100010100001010000000001100111100
000000011000110100111110101011001001000100010010110010111010101001101111000000110111100010111100001100010001
000010011001110101000101010000100011000000001000010010111100011111110000000001110000101110111101100101011101
000011111010010101000011111100100100111010110010001100000001000100110000000101110001111111111001010111001100
000000000100010111111111000111100011000000010110000101000000010000101101000101001000110110000011001111111011
111100001010101001000110011000011010000011001000111011000011001100010101111111011001001011000110010001101100
111100010001100111111010010011010010000001010011010110111010010010111000000001010010110110111111111000101100
000101111111010100000101011111111111000100110010000101000110100110111001111101011100111101000101000101011101
000011111111011110111110100010101100000000110101110001000101111000110000000011000101001111000110010101110111
111011001000110101111011111101001110000010010011010011111111011101111100111011001110011011000001000100100110
111010100001101001000100000010011110111100011101100100111100101100110000000110100110101010111010011111011100
111010101001001001111101101100011010111001110100011000000010100111100111000100001001000011000010010000101010
111010001101001001000000000010001000111010000000110000111001111011110010111100000011100001000101111111100110
000000011010100110000011001001000101000110001101100011000100000001010110111110101100000101111011000110001111
111011000010101100111100101001001100000101111011000010111100100001110111111111010010100100111011101001111110
000010100011011111000000101011010011111001101110100001000000001110100000111100110100001010000100101011000001
111001011101110101000000011001001100111011100111100010111011010010100000000011000100111000111011100010001100
000100010110101000111110100101010100000000101001101000000011101100101100111011010000001000000110011000100110
111001110011001100000000110011010001111011000100000011111101101100111011111010111101001110000000011100001011
000100110000111100000000010011010111111101111011100100000000010000010010111010010001000011000010110011101001
000101011011101110111100001100111011000101011000001101000000000010001111111010100001010011111010111000110111
111101110001100001000100111101011100111101100011110011000110101011111010000101100111010001000010110111010010
111101100111010111111110011101100100111010100101101001111011010011000101111100101001111101111111011111011101
000101000010011001111010001111011001000110010111100011111111101011110110000101010110000100000100100111000110
000001000001011110000001110101001100000000001010010110000001110100011101111110000100001100000001001011101110
000101101011101010111010100010011011000100011001100000111111010101110110111111100000101100111100100010100001
111011101101110001111110100111111000111100001000111111000001110100000011000100000000111101111110110100011100
000010111101010110111100011110010000111001100110000010000010101001100011000000111000000010111101011110100100
000011101010010011111101010101000011111011000100100101111101100001010101111010111110101001000011101111000001
111011111100000100000001001001010101111111000100101010000000110100010111111100000011101000000000000001011111
111100000011100110000101101101100001111010011110000111000110100111000000111010101111010001111100001101111101
111100111101010011000110010100110001000001110001001010000011010000110101111101011111001110000011100100110101
111010000110000101111111110100010100000101010011011000111101111101100100000101010111110010000011110110011010
111110101011110110000010110011010101111110100110110011111010111100111000111111110101101111111101001000110101
000110001000011100111010001000001011000010111010110110000010110001101111111101010011100101111100011100010011
000000000000000000000000000000000000000000000000000000000000000000000000000000000000000000000000000000000000
000000000000000000000000000000000000000000000000000000000000000000000000000000000000000000000000000000000000
000000000000000000000000000000000000000000000000000000000000000000000000000000000000000000000000000000000000
000000000000000000000000000000000000000000000000000000000000000000000000000000000000000000000000000000000000
000000000000000000000000000000000000000000000000000000000000000000000000000000000000000000000000000000000000
000000000000000000000000000000000000000000000000000000000000000000000000000000000000000000000000000000000000
000000000000000000000000000000000000000000000000000000000000000000000000000000000000000000000000000000000000
000000000000000000000000000000000000000000000000000000000000000000000000000000000000000000000000000000000000
000000000000000000000000000000000000000000000000000000000000000000000000000000000000000000000000000000000000
000000000000000000000000000000000000000000000000000000000000000000000000000000000000000000000000000000000000
000000000000000000000000000000000000000000000000000000000000000000000000000000000000000000000000000000000000
000000000000000000000000000000000000000000000000000000000000000000000000000000000000000000000000000000000000
000000000000000000000000000000000000000000000000000000000000000000000000000000000000000000000000000000000000
000000000000000000000000000000000000000000000000000000000000000000000000000000000000000000000000000000000000
000000000000000000000000000000000000000000000000000000000000000000000000000000000000000000000000000000000000
000000000000000000000000000000000000000000000000000000000000000000000000000000000000000000000000000000000000
000000000000000000000000000000000000000000000000000000000000000000000000000000000000000000000000000000000000
000000000000000000000000000000000000000000000000000000000000000000000000000000000000000000000000000000000000
000000000000000000000000000000000000000000000000000000000000000000000000000000000000000000000000000000000000
000000000000000000000000000000000000000000000000000000000000000000000000000000000000000000000000000000000000
000000000000000000000000000000000000000000000000000000000000000000000000000000000000000000000000000000000000
000000000000000000000000000000000000000000000000000000000000000000000000000000000000000000000000000000000000
000000000000000000000000000000000000000000000000000000000000000000000000000000000000000000000000000000000000
000000000000000000000000000000000000000000000000000000000000000000000000000000000000000000000000000000000000
000000000000000000000000000000000000000000000000000000000000000000000000000000000000000000000000000000000000
000000000000000000000000000000000000000000000000000000000000000000000000000000000000000000000000000000000000
000000000000000000000000000000000000000000000000000000000000000000000000000000000000000000000000000000000000
000000000000000000000000000000000000000000000000000000000000000000000000000000000000000000000000000000000000
000000000000000000000000000000000000000000000000000000000000000000000000000000000000000000000000000000000000
000000000000000000000000000000000000000000000000000000000000000000000000000000000000000000000000000000000000
000000000000000000000000000000000000000000000000000000000000000000000000000000000000000000000000000000000000
000000000000000000000000000000000000000000000000000000000000000000000000000000000000000000000000000000000000
000000000000000000000000000000000000000000000000000000000000000000000000000000000000000000000000000000000000
000000000000000000000000000000000000000000000000000000000000000000000000000000000000000000000000000000000000
000000000000000000000000000000000000000000000000000000000000000000000000000000000000000000000000000000000000
000000000000000000000000000000000000000000000000000000000000000000000000000000000000000000000000000000000000
000000000000000000000000000000000000000000000000000000000000000000000000000000000000000000000000000000000000
000000000000000000000000000000000000000000000000000000000000000000000000000000000000000000000000000000000000
000000000000000000000000000000000000000000000000000000000000000000000000000000000000000000000000000000000000
000000000000000000000000000000000000000000000000000000000000000000000000000000000000000000000000000000000000
000000000000000000000000000000000000000000000000000000000000000000000000000000000000000000000000000000000000
000000000000000000000000000000000000000000000000000000000000000000000000000000000000000000000000000000000000
000000000000000000000000000000000000000000000000000000000000000000000000000000000000000000000000000000000000
000000000000000000000000000000000000000000000000000000000000000000000000000000000000000000000000000000000000
000000000000000000000000000000000000000000000000000000000000000000000000000000000000000000000000000000000000
000000000000000000000000000000000000000000000000000000000000000000000000000000000000000000000000000000000000
000000000000000000000000000000000000000000000000000000000000000000000000000000000000000000000000000000000000
000000000000000000000000000000000000000000000000000000000000000000000000000000000000000000000000000000000000
000000000000000000000000000000000000000000000000000000000000000000000000000000000000000000000000000000000000
000000000000000000000000000000000000000000000000000000000000000000000000000000000000000000000000000000000000
000000000000000000000000000000000000000000000000000000000000000000000000000000000000000000000000000000000000
000000000000000000000000000000000000000000000000000000000000000000000000000000000000000000000000000000000000
000000000000000000000000000000000000000000000000000000000000000000000000000000000000000000000000000000000000
000000000000000000000000000000000000000000000000000000000000000000000000000000000000000000000000000000000000
000000000000000000000000000000000000000000000000000000000000000000000000000000000000000000000000000000000000
000000000000000000000000000000000000000000000000000000000000000000000000000000000000000000000000000000000000
