111110110001111001111110111111110000111111010110001001111010010110001100000100100000100000111100101001100111
000000000000000000000000000000000000000001001100110011111100111101000110111101111100110111111111111001001011
000000000000000000000000000000000000000000000000000000000000000000000000000000000000000000000000000000000000
000000000000000000000000000000000000000000000000000000000000000000000000000000000000000000000000000000000000
111110110110001011111010100000001000000001000000001011111100101000010000111100010011111101111100001011110101
000000000000000000000000000000000000111110100010110111111111000000001011000100000100010111000101101010100010
000000000000000000000000000000000000000000000000000000000000000000000000000000000000000000000000000000000000
000000000000000000000000000000000000000000000000000000000000000000000000000000000000000000000000000000000000
111001100101001100111100110011101100000001010110011001000000111101010100111111010110000110000100101010001111
000000000000000000000000000000000000000100000110010001111111000111000000000101110001110111111010000111001100
000000000000000000000000000000000000000000000000000000000000000000000000000000000000000000000000000000000000
000000000000000000000000000000000000000000000000000000000000000000000000000000000000000000000000000000000000
000000011000111111000001011110011100000100100101000000000010111011011010111111011100101011111111100001101000
000000000000000000000000000000000000000100010100001101000101011010111100111001111110111111111101101110000111
000000000000000000000000000000000000000000000000000000000000000000000000000000000000000000000000000000000000
000000000000000000000000000000000000000000000000000000000000000000000000000000000000000000000000000000000000
000010101111100011111101111101101000111100011111101110000011010110010001000010111000110011111111111000100000
000000000000000000000000000000000000000011100101011110111001100110101110111100111001011110111001101101010101
000000000000000000000000000000000000000000000000000000000000000000000000000000000000000000000000000000000000
000000000000000000000000000000000000000000000000000000000000000000000000000000000000000000000000000000000000
000010010010111010000011011101010101111010110100001100000001010011010110111010010101101000000000100111101100
000000000000000000000000000000000000111010011000010101111010010000110110000001111110111100111111101101100110
000000000000000000000000000000000000000000000000000000000000000000000000000000000000000000000000000000000000
000000000000000000000000000000000000000000000000000000000000000000000000000000000000000000000000000000000000
000001100111111011000100001100111011111010000111111100111101110101111110111010010010100010111110011001000000
000000000000000000000000000000000000000011010000001011000001011010011000000001111110101100000110010001010111
000000000000000000000000000000000000000000000000000000000000000000000000000000000000000000000000000000000000
000000000000000000000000000000000000000000000000000000000000000000000000000000000000000000000000000000000000
000101101000000111111101100010011111111001111000100000111111011101001011111100111100101111111011010001111001
000000000000000000000000000000000000111011111101110110000000100110001011000100110101000001111101001000000110
000000000000000000000000000000000000000000000000000000000000000000000000000000000000000000000000000000000000
000000000000000000000000000000000000000000000000000000000000000000000000000000000000000000000000000000000000
111110110110101101111010001110011100111111001110011011000010101101110111000010110110111010000000100000101010
000000000000000000000000000000000000111111010111110011111101110011101111000001001011010110111111110110101001
000000000000000000000000000000000000000000000000000000000000000000000000000000000000000000000000000000000000
000000000000000000000000000000000000000000000000000000000000000000000000000000000000000000000000000000000000
111011010101010111000001001111100101000010100110011000000011111000101100111100011110001111111100001011111011
000000000000000000000000000000000000000011011001110010111010001011101011000011011001000100000011010100110010
000000000000000000000000000000000000000000000000000000000000000000000000000000000000000000000000000000000000
000000000000000000000000000000000000000000000000000000000000000000000000000000000000000000000000000000000000
000010000100110101111110110101110001000110101101010001000100001111001001111100101111010011111010000101100100
000000000000000000000000000000000000000001101111011111000010011001100010111110111000010110000010000101110111
000000000000000000000000000000000000000000000000000000000000000000000000000000000000000000000000000000000000
000000000000000000000000000000000000000000000000000000000000000000000000000000000000000000000000000000000000
000001001100101100111101010111000110000110001110101110111110100010010000000101110010110110000110101000011001
000000000000000000000000000000000000111111011110001110000000001010110011000000110101111010111001100001110100
000000000000000000000000000000000000000000000000000000000000000000000000000000000000000000000000000000000000
000000000000000000000000000000000000000000000000000000000000000000000000000000000000000000000000000000000000
000000011100010110111010101011010000111100001101111100111010001111001010000010101000100010000101010010110111
000000000000000000000000000000000000000110011111000010000100010001110000111101110110110001111110000110010101
000000000000000000000000000000000000000000000000000000000000000000000000000000000000000000000000000000000000
000000000000000000000000000000000000000000000000000000000000000000000000000000000000000000000000000000000000
000011011110110110000000110111111100111111110100001110000100101101001110000011010011000010111111010011111111
000000000000000000000000000000000000111110011001101110000001110110111101000001010000110001111111100110111011
000000000000000000000000000000000000000000000000000000000000000000000000000000000000000000000000000000000000
000000000000000000000000000000000000000000000000000000000000000000000000000000000000000000000000000000000000
111011101100000111111111010110001101000000001101000100000001010011001100111110010001110100000100110010010000
000000000000000000000000000000000000111101001001100110111100100011100100111010011111110100111100110101100001
000000000000000000000000000000000000000000000000000000000000000000000000000000000000000000000000000000000000
000000000000000000000000000000000000000000000000000000000000000000000000000000000000000000000000000000000000
000001010111100010111001110010010001000010111011000110000001000111111110111110111111010100111110110000111110
000000000000000000000000000000000000000110011111110001000000100110111010111010001000000011111110110110010100
000000000000000000000000000000000000000000000000000000000000000000000000000000000000000000000000000000000000
000000000000000000000000000000000000000000000000000000000000000000000000000000000000000000000000000000000000
000000100010100011111110010000011110111111001101101100000010101110010100111101000101101110000100110010111000
000000000000000000000000000000000000000101010111110001000010011110011110111110001001000001111101101110101000
000000000000000000000000000000000000000000000000000000000000000000000000000000000000000000000000000000000000
000000000000000000000000000000000000000000000000000000000000000000000000000000000000000000000000000000000000
000100000001110100111101000110101011000011010100110110111101011110001100000000000101101000000000010000010010
000000000000000000000000000000000000111100100111001101111110001011101001111101001100010000000101111110111100
000000000000000000000000000000000000000000000000000000000000000000000000000000000000000000000000000000000000
000000000000000000000000000000000000000000000000000000000000000000000000000000000000000000000000000000000000
111001011000100000111011111111000001000010100101010100000010001001110011000001101101101011111101011000000110
000000000000000000000000000000000000111101111010001111000000010111111011000110001111110010000010101001010011
000000000000000000000000000000000000000000000000000000000000000000000000000000000000000000000000000000000000
000000000000000000000000000000000000000000000000000000000000000000000000000000000000000000000000000000000000
111111111000010010000011011100001011111101010100100011111111101110010011111111101000101111111111110010010001
000000000000000000000000000000000000000100010001000011111110110010100110111111101001100001000010101110000111
000000000000000000000000000000000000000000000000000000000000000000000000000000000000000000000000000000000000
000000000000000000000000000000000000000000000000000000000000000000000000000000000000000000000000000000000000
000011101100010101111011110111010000111101100000001110111011110111100100000101011101101110000011100111111011
000000000000000000000000000000000000111010100110111101111101010100110101000011001111110001000000011011001010
000000000000000000000000000000000000000000000000000000000000000000000000000000000000000000000000000000000000
000000000000000000000000000000000000000000000000000000000000000000000000000000000000000000000000000000000000
000010110110110111111011011101101101111100011001110111000110100000010110000001011010101111000010100110110110
000000000000000000000000000000000000111100101010100010000110011111000111111100100111101100000001101011000011
000000000000000000000000000000000000000000000000000000000000000000000000000000000000000000000000000000000000
000000000000000000000000000000000000000000000000000000000000000000000000000000000000000000000000000000000000
000000101011000010111101101011111011000110011001001111111001101110100010111100000101101101000011000110011001
000000000000000000000000000000000000111101001001011000000010011100100111000101000010111001111110010011110110
000000000000000000000000000000000000000000000000000000000000000000000000000000000000000000000000000000000000
000000000000000000000000000000000000000000000000000000000000000000000000000000000000000000000000000000000000
000011110001000000000010000001001110111110000011111100000011110000001001000011100010101011000100110111001011
000000000000000000000000000000000000111101001101001110111010100100000001000100000001001001111011101010010011
000000000000000000000000000000000000000000000000000000000000000000000000000000000000000000000000000000000000
000000000000000000000000000000000000000000000000000000000000000000000000000000000000000000000000000000000000
