000001001000100001111011110110001111111011110111111101111011000000000101000111011010110101111011110010111011
000000000000000000000000000000000000000101110100101100000110101001100001111000010011110101111001110100011000
000000010000001011000010111000010100111011001101101110000100010110001010000000010011101100111001001111101001
000000000000000000000000000000000000000101100101110000111001101011010101111011101011110100111010001100001111
111001111111110011111101001100111100111000001101011110000001010101100000000000011110110110111110111111001011
000000000000000000000000000000000000111110111000111111000001000100100110000110101101100010111001000000101100
111110101001110011111011000001010110000110110111010111111100111011001011111010101110111011111001000101100100
000000000000000000000000000000000000000000000111100001111100100111001010111110010011110011111000100010100010
111011001010100101000010110111110001000000111001100101111111101110101110111010101101101000001000000110101111
000000000000000000000000000000000000000111101001000111111111001000110001111100000101101111000111010000110001
000111101010010101111101110111110110111101010010101011111011110101010110111010011000011111111100110110001000
000000000000000000000000000000000000000110011111011001000111100001010100000101001000010001111000111000011110
111010011001001001000010010100010011000001011100100010000010101111100010000011110011101100111101001001001010
000000000000000000000000000000000000000000110011011100111100000001101110000101100011110011111000000111011111
111001000011100111000111011100001110111100011001110011111100000111101010111001011000110010000100111110111010
000000000000000000000000000000000000110111101100100011111011100110011101000111110100111001111111000100101101
000000100100010111111000001101010011000100111111111011000101001110100101111110100111110000111011001100101000
000000000000000000000000000000000000111011001010110111000000101111110100111000000001000101000110111101010000
111110100101101010111011000000111111001000000011101001110111111001100010000001011100100011111100011100010111
000000000000000000000000000000000000000110011010110110111110010011010011000011101111001111111011000111101101
000010100110101000111001100000010110111101100111001111000011000000101011110111110111101011111011001100110000
000000000000000000000000000000000000111100101001011011111101100001011101111010110010000101000010000000110001
000010000100010000111100101010010101111101100010101100111110111110101100000010010010101001000110001101011111
000000000000000000000000000000000000000110010011000001000101101001001110000101011111101101000100110000101100
