000001101110101111000011000100001101111111011011110011000001001100110010111011100000110101111100110111111010
111011000100110100111100010101111101000000111011001000000001110111100010000010011100010101000011001010101110
000001001101010011111110001101011111111011101100011001111011001111010100111110100111110000000011100101110100
000100101111010111111110001011111101111001110101110101111101101001110100111100100001000001111010100011101111
000101111001111001111100110000111000000000011110001110000000100101101101111111011101111101111110110000010110
000001010101011000111010011111100001111010111010001001111111010000100110111010011100011011111111111111001010
111101001101100101000010110101010100000100101111100000000100101001100100000010000001101010000110000000011000
111110011101100110000100111111011100111011100010011001111101100000101111000101100001010011000100011101111001
111011110000010000000110001111001101111001111000010100111100010000101100111101111110001000000100111110001111
111010011111010000000000111101010101000000001000110011111011100000000110000100010100010101111011010000011101
000100110011111110111001100000010101111101011111000011111110011000001101000110101101111010000101001001010011
111111101010111000111010011110110101000000110001101100000101001011110000000000011010010110111100110100000110
000001010111111101111110101000111101000101010000110100000010100101110011111010010101000010111010000101110011
111101001010101010000010001010101000000101100010101111111111111111100010000101111011100011000101100000101100
000100101111000000000101111011001110000101001011111010000010100011111101000011000011100010111010110011000000
111111110110101011000110101000011111111111110100100010000000010011011101111111110011000011111010111000010010
111110011000010000111101001110011110111101111111111101111101100010101101111001111101111011000010100111101100
111010011010100011000000001100001010000011011000001011111011011011000000111010001111000000000010111011011101
111001011101010010111011001011100011111001111101011100000110010111101101000101101110010100000001100000001100
111010110101000101000001111011011010000101101011001010111100000001011100111010110111100111000011000010000100
111100111101010101111010101111000001111100110111011011000100000001011010000100011000111001000101100011000010
111010010101010100000101101110011101000010010110011111000100100000101001111110110011001111000000100110111111
111011000010101010111010000110111010111011110100001010111111011111100110000110001110110101000100000000001001
111100100000001010111011101110001100000001001110011100111110100101100010111111000111101100111100111100110000
000101010110100001000100110100011010111010101111011000111110001100100100000010110100101111111011000111110010
000100110001100101111011110100101101000101010110110000111100010110011000111100001011100101000100011101111101
111011110011111100111001010010110000111010110010000100000011011101101001111001111001000111000001011010000111
000001011001010111111110110011000011000010011100010010111011111000000010111010000101101100111001010111001101
000010101001011010000110001100110111111010011111101000000100010000011011000100110001101010000110010111101100
111110100011001000000100001010111101111110100000011101000101101100100011000011001001011010111110011010111000
000011101111101000111010101110010111000101010001010101000000111111101110000011000010111000000110001000111100
000010111011000010111010111000010111111111110010010010000000100101101010111001100010101101111101011100111101
000010110110000000000011101110011001000100010110101011000011111101100101111111001010101010000010100001001100
000100000100000001111001011110011000000011101101101111111101111000011110000110010001011001111110110000101010
000010110100100000111010010010101011111010111111010011111101101101010010111100000001110111000101110111100101
111111100111011011000011010011111001111100001101011110000100000110001000111100001011011010111101101110001001
000000101111011110111111100000111110000001100111110101111001111110101000111101111110001101111101101000001100
111010110011011001000101111010010101111011100000000111111111010000011001111100001011001101000000001011000110
000010101100110110000000101000011000000001001100011101111100110010010011000110000111111110000001011111010111
000100001011001001000101001010110100000101111111110100000100110101100111111011100001110000111001100001100010
000000000000000000000000000000000000000000000000000000000000000000000000000000000000000000000000000000000000
000000000000000000000000000000000000000000000000000000000000000000000000000000000000000000000000000000000000
000000000000000000000000000000000000000000000000000000000000000000000000000000000000000000000000000000000000
000000000000000000000000000000000000000000000000000000000000000000000000000000000000000000000000000000000000
000000000000000000000000000000000000000000000000000000000000000000000000000000000000000000000000000000000000
000000000000000000000000000000000000000000000000000000000000000000000000000000000000000000000000000000000000
000000000000000000000000000000000000000000000000000000000000000000000000000000000000000000000000000000000000
000000000000000000000000000000000000000000000000000000000000000000000000000000000000000000000000000000000000
000000000000000000000000000000000000000000000000000000000000000000000000000000000000000000000000000000000000
000000000000000000000000000000000000000000000000000000000000000000000000000000000000000000000000000000000000
000000000000000000000000000000000000000000000000000000000000000000000000000000000000000000000000000000000000
000000000000000000000000000000000000000000000000000000000000000000000000000000000000000000000000000000000000
000000000000000000000000000000000000000000000000000000000000000000000000000000000000000000000000000000000000
000000000000000000000000000000000000000000000000000000000000000000000000000000000000000000000000000000000000
000000000000000000000000000000000000000000000000000000000000000000000000000000000000000000000000000000000000
000000000000000000000000000000000000000000000000000000000000000000000000000000000000000000000000000000000000
000000000000000000000000000000000000000000000000000000000000000000000000000000000000000000000000000000000000
000000000000000000000000000000000000000000000000000000000000000000000000000000000000000000000000000000000000
000000000000000000000000000000000000000000000000000000000000000000000000000000000000000000000000000000000000
000000000000000000000000000000000000000000000000000000000000000000000000000000000000000000000000000000000000
000000000000000000000000000000000000000000000000000000000000000000000000000000000000000000000000000000000000
000000000000000000000000000000000000000000000000000000000000000000000000000000000000000000000000000000000000
000000000000000000000000000000000000000000000000000000000000000000000000000000000000000000000000000000000000
000000000000000000000000000000000000000000000000000000000000000000000000000000000000000000000000000000000000
000000000000000000000000000000000000000000000000000000000000000000000000000000000000000000000000000000000000
000000000000000000000000000000000000000000000000000000000000000000000000000000000000000000000000000000000000
000000000000000000000000000000000000000000000000000000000000000000000000000000000000000000000000000000000000
000000000000000000000000000000000000000000000000000000000000000000000000000000000000000000000000000000000000
000000000000000000000000000000000000000000000000000000000000000000000000000000000000000000000000000000000000
000000000000000000000000000000000000000000000000000000000000000000000000000000000000000000000000000000000000
000000000000000000000000000000000000000000000000000000000000000000000000000000000000000000000000000000000000
000000000000000000000000000000000000000000000000000000000000000000000000000000000000000000000000000000000000
000000000000000000000000000000000000000000000000000000000000000000000000000000000000000000000000000000000000
000000000000000000000000000000000000000000000000000000000000000000000000000000000000000000000000000000000000
000000000000000000000000000000000000000000000000000000000000000000000000000000000000000000000000000000000000
000000000000000000000000000000000000000000000000000000000000000000000000000000000000000000000000000000000000
000000000000000000000000000000000000000000000000000000000000000000000000000000000000000000000000000000000000
000000000000000000000000000000000000000000000000000000000000000000000000000000000000000000000000000000000000
000000000000000000000000000000000000000000000000000000000000000000000000000000000000000000000000000000000000
000000000000000000000000000000000000000000000000000000000000000000000000000000000000000000000000000000000000
000000000000000000000000000000000000000000000000000000000000000000000000000000000000000000000000000000000000
000000000000000000000000000000000000000000000000000000000000000000000000000000000000000000000000000000000000
000000000000000000000000000000000000000000000000000000000000000000000000000000000000000000000000000000000000
000000000000000000000000000000000000000000000000000000000000000000000000000000000000000000000000000000000000
000000000000000000000000000000000000000000000000000000000000000000000000000000000000000000000000000000000000
000000000000000000000000000000000000000000000000000000000000000000000000000000000000000000000000000000000000
000000000000000000000000000000000000000000000000000000000000000000000000000000000000000000000000000000000000
000000000000000000000000000000000000000000000000000000000000000000000000000000000000000000000000000000000000
000000000000000000000000000000000000000000000000000000000000000000000000000000000000000000000000000000000000
000000000000000000000000000000000000000000000000000000000000000000000000000000000000000000000000000000000000
000000000000000000000000000000000000000000000000000000000000000000000000000000000000000000000000000000000000
000000000000000000000000000000000000000000000000000000000000000000000000000000000000000000000000000000000000
000000000000000000000000000000000000000000000000000000000000000000000000000000000000000000000000000000000000
000000000000000000000000000000000000000000000000000000000000000000000000000000000000000000000000000000000000
000000000000000000000000000000000000000000000000000000000000000000000000000000000000000000000000000000000000
000000000000000000000000000000000000000000000000000000000000000000000000000000000000000000000000000000000000
