000101110100000110111001001000100010111011010110111010000000111011001101000010010010001110000101011100011111
000000000000000000000000000000000000000011110101111100000110111000010001000001001100100010111001101111000010
000100010110110001000000101110110101000101011100101111111000101001111000110111101101010100000110101011111000
000000000000000000000000000000000000111010111010110011000011111100101010000010111101110001111100100110001001
111100000011100110111000010010011011111001011101110101000010111110011111000100011001000101000000111111010111
000000000000000000000000000000000000000111011000110110000010011011100001111001000001001011111111101111101100
111000100010100001111011100011110111000001001111100101111101101011010101000001011000101010111111000001011101
000000000000000000000000000000000000000011110000101110000110110010000010111000110000000111111101110100111100
000111010011100101000001011100010100111101101010010101111111000100101001000010011010111001111100101111110100
000000000000000000000000000000000000000001100111110111111111100100011001000101111010110010111101111111111001
111100011110010001000011110010101010111100000101100011111011000101011000111010011001000010000011111100011001
000000000000000000000000000000000000111100111001001001000010100101001001111111101000110010000000000001000100
111011010101011010000011001101001100000011101001001100111011011010111101111101101000110010111000101000110001
000000000000000000000000000000000000111111110111101111000111100010010110000001000011011001000011110010000111
111000101111101000111010001100000100111010100100110000111011110110110110000011110001100011111100111000001101
000000000000000000000000000000000000111001010100010010000110011010000110000100010100000100111100110001001111
111110010010111110000001111000100000111000001000011000000100100111111101000010010101011011000111100000100000
000000000000000000000000000000000000111111011000110101111110100010100011111011111001000000000111101000101101
111000101000111000111100100110001101000011110110110111000001110011111100000111010101110010111101010101011010
000000000000000000000000000000000000111110111000000101000110111101100000000101011110110001000010100000001011
110111110001000111111010010110111011111101100110110001000111010001100011000001101101100000111000001100000010
000000000000000000000000000000000000000011100101011001000111101000000100000001110001111100000011001000000100
000001000001000011000101001110111011000010011010001101000000000101010001000100110000100011000100011111100110
000000000000000000000000000000000000111011010010111000000110001110000001111011010101110100111001101001100001
