111101101000101001000101000000000111111010010011010110111101001101010111000010101111100111000000011100000011
111001110010101000000100110011001001000000110110010101000010000100111111111011011001101001000011101010101110
000111000011111100000001100001011001111010101011100100000011010001100100111001111101010101111001111000100000
111110110111000111111011100001000100111100001001111110000010111111100000111010110111011011000010000010010010
111110110010101000111100100100000100111110101001111100111010000100010000000010000011100111111010101001101011
000101101000011110000100110111011000000000001101101010111011011000000101111101011101100000000000001110111001
000010010101011111110111110011001001111111000010101000000001100100001101000101011101101001111101011001111000
000100001001000100111000111001000100000011110000111100111011011001110111000110100010001001111110111111100011
111110110101011001111111110100101000000001110011110111000110100101010000111100110110101001000101011101001010
000001001000100011000100010001000111000111001000110101111011001110101101111111010111100001000010000100001100
000101011011100100000101101110000011000100101011110001111100101101101010000101110010111010111000101001101111
111010111111101111000001011000010000000100110011010110111101000001001000111000100110100100111101001011101111
111010011010000110111101011101110101111110100110101010111111101110111011111011111101000110111111010110100110
000000101010101100000011100000100110000110001101111000000101101001000001111100011101011011000010000101101000
000100111101000000000010110011010110000001101111100110001000000001101110000011001110000001111010010001011010
000000001000101001111101101100000110111110100111111011111000001101100001111000101101111100111010011011111100
111100001111101101111111000101111100110111110100110100111010011100111001111010000010101001000101101001100111
111101100111001111111001101101100101111001010101110011111001001011110110000011100000111110111011010011011100
000111111011010111111000001111100101000100100010001101111000110100101001111111111100011001000100010000010011
000110001111101000111001011111001011111001010111110010111100100010011101111111110000001111000010111000010110
000000000000000000000000000000000000000000000000000000000000000000000000000000000000000000000000000000000000
000000000000000000000000000000000000000000000000000000000000000000000000000000000000000000000000000000000000
000000000000000000000000000000000000000000000000000000000000000000000000000000000000000000000000000000000000
000000000000000000000000000000000000000000000000000000000000000000000000000000000000000000000000000000000000
