000011001100101110111000010110111011000011111000001011000011101111000110000000111110010100111101100011011011
000110100110101111111101111001111100111101001010000100000000111001100101111010111001101001111100111001111001
000111011010111001000110010000111101111001100110110110111001001100010100000010101101101010000111110000001110
111001001100010111110111110010110100000100110110010010000100111111001011000101110101110000000000001101100100
111100000000001111111110111100011001000010000011100110111010101011111000000011100000111100000111011101110100
001000000010101111111100000010001101000100001100100111000100110000011110000000111001110101000010100100100010
111011111001111000111000000111000110000100100011101000000001000000001101000001000000001000111000001101111110
000000000011011100111001011010100010000011111010011101000111010100010100111010010110000110000010111010101101
111101001001011101111111100101110000000100001100000001111010011010001001111000000111110101111001101001111001
001000010010010000111000001111110101111011000111101100000010111101100010111100110111110101111111100001111111
000001100011100100000101110011101011111100001110110100000011111100011110000001001010011010000010110011010111
111101101001110010000110000110110001000001100100101100001000010001101101000101001100111110000100000011001100
000011001110101011111000010101100110000101011101111000111000011001111001111011011010000000000000111001001010
000010100010110001111000110101011010000101111100000011111011000110011111111011110010000110111000000000110001
000111110110111101000010001100010110000001100000000110000111111011101110111000111000110010000011100011111001
000101000101111000111010101000000001111100011010101111000011110110111010110111110111000101111101111100010000
111001011100101001111100001000000101000111011111100011111111000101111111111111110100001111111101000111010000
111111101110001101111110011111110000111010000100011110111010101000100011111110101110001010000111101100100110
111011100111011111111011000010101111000000000100011101000000000011110100111110110111011110000000001101001111
000000011111001001000100011110001010000110010010001111000110001001010110000000011110110000111101000011010101
000000000000000000000000000000000000000000000000000000000000000000000000000000000000000000000000000000000000
000000000000000000000000000000000000000000000000000000000000000000000000000000000000000000000000000000000000
000000000000000000000000000000000000000000000000000000000000000000000000000000000000000000000000000000000000
000000000000000000000000000000000000000000000000000000000000000000000000000000000000000000000000000000000000
