111101100010110000111101101001000010111010000110011000000010110001000100000100100001010000111111111011101110
111011101010110001111111100001111001000010101011100110111110001000001000111100011111100110111101100110000100
000101100111011010111011111101100101000101011000110001000011010100111011000011001101011000000000100110011110
000101111001011110111011101011011110111001110111111110000000011001011101000110101011111110000101011010110111
111110011111101100000100001000011000111110000101000011000000100000011011111101000101101101000110010101010110
111100111101001111000001010101100011000000000010001000000011011101010110111110111001100000000110000111001100
000001010000100010000000001010001110000101010001010011000101001111110011111001110101011110000011011110101010
111010001011100000111110000101110001111001100110001101111010001100111010111101010111110010111101100001100111
111111010010001000111110001110010001000001100100100111000001100011000111000011001101011110000101001101001110
000100101101110010000010101000101110000011011110000010000000100110000111000100101010000110000000000010000101
000010000010101001111100111010000000000010111011001110000110001010001100000110010010000111000000100011010100
000000100101001101111011010100110011111111101110000000000010111000111011111110110111101001111011010001010111
111101011000011101000010111010001110000101011110101011000000100001101110111100011111111111111100001100110101
000110010100001011000000110111100010000011101011001001000101010011110000111110100000001010111010001100001110
111011101100011111111110010100000100000101011100011110000101011011010001000000000111000100000110000001011101
111001111001010111111110110010110011000000101101010100111110000000110001111110101001100000111100010101000011
111010110000011111000101111100101110111101011001001110111110010100100100000100000000111000000101111011001000
000000111101101000000000001110100000000010011111100010111011000010110001000100011110111111000001011011011011
111001011001100111111101001100011001000100010001101101111010011100111111000101101100001111000001011101100001
000011110101100000111101001011101100111101101100010001111011010000111001111110011100011101111110101010110100
000000010001000111000011111001110001000010110101011010000000011100100110111011111011111001000100111000100111
000010001100011101111100001000011011000010101110101000000010111100011001111100000011001101111100100011010010
111010110011110100111100101111101100111100011111100001111101101010010011000010111001001010111001011111011110
111010010011110001111011111011011010111100000100110011000000110100000000111010000101110110000000100001010110
000110100101101100000110000011010111000110011001011001000000011111111101000001111101101010000101001000101001
111010001111100010000101000011100111000011110111011100111010011100111011000100111100010010111110001011110100
111111001101001101111101001010100000111101100101100001111101101110110011111101111110100100000000100100010101
000010110011011101111110011011111111000101100101011010111010110000110111000011010000100111000001001011111111
111001011011101110000100111010010100111011111101000111111101100111111111000011111010101101000011001110111100
111001101111001010111110100110000010000110010011001010000011100001100110111011000100101100111101110101001010
000000110000011100000001000001110011111101010010111010111001010110011111000100000111010010111100100010010001
111011110100110010000000010001100001111001100100101100000011111010010001000101100000011111111111110010001100
000110100110000000000100010110001100111101100111010010111111100000001001111011001011010000000101111010101111
000011011011101010000001101011001010111101110101100111111100010100011011000001011010111111000101101011011011
111100000100010111000100000010010001000101101111011000111101000011110110000101110001111100000001011011110110
111110101001101101000001010001010000111101111110010111111001110010101100000010111001111011111100100101111101
000010011101000100000101111110001001000011011111100110111110011100011001000101001011000000000011010010000011
111100101100000011111011001111100110000100101010010000111100110000011011111111001000110111000001101110100101
000010111000110000000000101100101101000010001101101001000011001110101001111011010010000100111111101111110101
111010110110110000000011011100011000000100000100001101111001111000010101000101000111110110000100011011111000
000000000000000000000000000000000000000000000000000000000000000000000000000000000000000000000000000000000000
000000000000000000000000000000000000000000000000000000000000000000000000000000000000000000000000000000000000
000000000000000000000000000000000000000000000000000000000000000000000000000000000000000000000000000000000000
000000000000000000000000000000000000000000000000000000000000000000000000000000000000000000000000000000000000
000000000000000000000000000000000000000000000000000000000000000000000000000000000000000000000000000000000000
000000000000000000000000000000000000000000000000000000000000000000000000000000000000000000000000000000000000
000000000000000000000000000000000000000000000000000000000000000000000000000000000000000000000000000000000000
000000000000000000000000000000000000000000000000000000000000000000000000000000000000000000000000000000000000
000000000000000000000000000000000000000000000000000000000000000000000000000000000000000000000000000000000000
000000000000000000000000000000000000000000000000000000000000000000000000000000000000000000000000000000000000
000000000000000000000000000000000000000000000000000000000000000000000000000000000000000000000000000000000000
000000000000000000000000000000000000000000000000000000000000000000000000000000000000000000000000000000000000
000000000000000000000000000000000000000000000000000000000000000000000000000000000000000000000000000000000000
000000000000000000000000000000000000000000000000000000000000000000000000000000000000000000000000000000000000
000000000000000000000000000000000000000000000000000000000000000000000000000000000000000000000000000000000000
000000000000000000000000000000000000000000000000000000000000000000000000000000000000000000000000000000000000
000000000000000000000000000000000000000000000000000000000000000000000000000000000000000000000000000000000000
000000000000000000000000000000000000000000000000000000000000000000000000000000000000000000000000000000000000
000000000000000000000000000000000000000000000000000000000000000000000000000000000000000000000000000000000000
000000000000000000000000000000000000000000000000000000000000000000000000000000000000000000000000000000000000
000000000000000000000000000000000000000000000000000000000000000000000000000000000000000000000000000000000000
000000000000000000000000000000000000000000000000000000000000000000000000000000000000000000000000000000000000
000000000000000000000000000000000000000000000000000000000000000000000000000000000000000000000000000000000000
000000000000000000000000000000000000000000000000000000000000000000000000000000000000000000000000000000000000
000000000000000000000000000000000000000000000000000000000000000000000000000000000000000000000000000000000000
000000000000000000000000000000000000000000000000000000000000000000000000000000000000000000000000000000000000
000000000000000000000000000000000000000000000000000000000000000000000000000000000000000000000000000000000000
000000000000000000000000000000000000000000000000000000000000000000000000000000000000000000000000000000000000
000000000000000000000000000000000000000000000000000000000000000000000000000000000000000000000000000000000000
000000000000000000000000000000000000000000000000000000000000000000000000000000000000000000000000000000000000
000000000000000000000000000000000000000000000000000000000000000000000000000000000000000000000000000000000000
000000000000000000000000000000000000000000000000000000000000000000000000000000000000000000000000000000000000
000000000000000000000000000000000000000000000000000000000000000000000000000000000000000000000000000000000000
000000000000000000000000000000000000000000000000000000000000000000000000000000000000000000000000000000000000
000000000000000000000000000000000000000000000000000000000000000000000000000000000000000000000000000000000000
000000000000000000000000000000000000000000000000000000000000000000000000000000000000000000000000000000000000
000000000000000000000000000000000000000000000000000000000000000000000000000000000000000000000000000000000000
000000000000000000000000000000000000000000000000000000000000000000000000000000000000000000000000000000000000
000000000000000000000000000000000000000000000000000000000000000000000000000000000000000000000000000000000000
000000000000000000000000000000000000000000000000000000000000000000000000000000000000000000000000000000000000
000000000000000000000000000000000000000000000000000000000000000000000000000000000000000000000000000000000000
000000000000000000000000000000000000000000000000000000000000000000000000000000000000000000000000000000000000
000000000000000000000000000000000000000000000000000000000000000000000000000000000000000000000000000000000000
000000000000000000000000000000000000000000000000000000000000000000000000000000000000000000000000000000000000
000000000000000000000000000000000000000000000000000000000000000000000000000000000000000000000000000000000000
000000000000000000000000000000000000000000000000000000000000000000000000000000000000000000000000000000000000
000000000000000000000000000000000000000000000000000000000000000000000000000000000000000000000000000000000000
000000000000000000000000000000000000000000000000000000000000000000000000000000000000000000000000000000000000
000000000000000000000000000000000000000000000000000000000000000000000000000000000000000000000000000000000000
000000000000000000000000000000000000000000000000000000000000000000000000000000000000000000000000000000000000
000000000000000000000000000000000000000000000000000000000000000000000000000000000000000000000000000000000000
000000000000000000000000000000000000000000000000000000000000000000000000000000000000000000000000000000000000
000000000000000000000000000000000000000000000000000000000000000000000000000000000000000000000000000000000000
000000000000000000000000000000000000000000000000000000000000000000000000000000000000000000000000000000000000
000000000000000000000000000000000000000000000000000000000000000000000000000000000000000000000000000000000000
000000000000000000000000000000000000000000000000000000000000000000000000000000000000000000000000000000000000
