111111110110010000111001100110110100000101101101001101111100111100100000110111101011000101000101010000101000
000000000000000000000000000000000000000111010000111101000110110000000110111111010111000001000101011010101100
111000110001111000000011011111000110000100010110111000000010010100101100111111011101101011111011111011101111
000000000000000000000000000000000000000011111001101111001000001101101001111110110011110000000000010111000111
000011100110000010111001011011011110000100110101010100000000100101111110000001101111110100000100101111010011
000000000000000000000000000000000000000110010101000010000011111000010011111010110000101000000100111101010111
111010010100001100111101000101001111000111101001000101000110011000000111000100010011110111111111111011100111
000000000000000000000000000000000000111101100111010101111100010100111100111110100010100011111010001001100111
000100101100001000000110000101010001000101101101111011000101011100010010000110001000010000000011000101100011
000000000000000000000000000000000000111100010001101101000101101010000011111010001000011100111000110100100011
000011100011010101111000100111111000000100111100000101000100001101010001111100111100101111111100001110011011
000000000000000000000000000000000000111000100011001010111001010000000011111011010110000110000100010010001110
000011101101111111111110011101100110000011001011100100000011001011110110000100000001011011000111110101001110
000000000000000000000000000000000000000000001011010100001000010011011000111100000011010100000100100001001011
111011011101000010111110010010101000111110000011110000111100101000001110000101000101010011000011011111110101
000000000000000000000000000000000000000110001010100110111110110010011110000100101010100110000001101110100001
111101001110111111110111110101100101000001010010101100000111111000101011000000111110000010111110100110011110
000000000000000000000000000000000000000101011100101011000100011001001011000011001010111011111100000010001111
000001010101010000111101111101010110111101110001111100000010000100111100000011101101011101001000000101001001
000000000000000000000000000000000000000111000100001011000010111000101010111110100010100101111000101111011111
111010011010110111000110010010101100000110001011000010111110100000101100000000100001100101000010000001101000
000000000000000000000000000000000000111101001011100011111101001010000010111011000011101011000100101011110001
000000001010101011111001111110011010000011000000000001111001100110110111111000110101110100111100110111110100
000000000000000000000000000000000000000110000000011111111111011111011010111101000001000110000111111011100110
