111111001100000001111110001111111100000101001011100000000001010001011110111111100001110011000110101000000000
000000000000000000000000000000000000111100000010111101000000010000001000111100001010110101111101010011100101
000000000000000000000000000000000000000000000000000000000000000000000000000000000000000000000000000000000000
000000000000000000000000000000000000000000000000000000000000000000000000000000000000000000000000000000000000
000001001010100111111101101110111011000001110111001010111100110111100101000000011100100100111110100010000110
000000000000000000000000000000000000000001000100111110000010100001000110000101001010001001000000110011010111
000000000000000000000000000000000000000000000000000000000000000000000000000000000000000000000000000000000000
000000000000000000000000000000000000000000000000000000000000000000000000000000000000000000000000000000000000
000001111000111010000100010100110010000100100010000111000101110011011110111001100110111010111101011010001100
000000000000000000000000000000000000111110011010101100000010100100000100000101101010110100111111011000110100
000000000000000000000000000000000000000000000000000000000000000000000000000000000000000000000000000000000000
000000000000000000000000000000000000000000000000000000000000000000000000000000000000000000000000000000000000
111011010111101001000110011100001111111101111110010111000101110111010010000010111101000001000011101111110011
000000000000000000000000000000000000000100111111011001000100111001111001111110110000010110111010111110110100
000000000000000000000000000000000000000000000000000000000000000000000000000000000000000000000000000000000000
000000000000000000000000000000000000000000000000000000000000000000000000000000000000000000000000000000000000
111011101111111110000100100100010000000100101000001100000110011000100100000100110001010100111100010011110101
000000000000000000000000000000000000000110010101101110111100010110000100111100001000111100000100010100010001
000000000000000000000000000000000000000000000000000000000000000000000000000000000000000000000000000000000000
000000000000000000000000000000000000000000000000000000000000000000000000000000000000000000000000000000000000
111001011110110100000000101001111100111010100111001000000101000011010111111110101001111101111111100111111000
000000000000000000000000000000000000111011010010001011111010101011110001000010000100010100000001001110110011
000000000000000000000000000000000000000000000000000000000000000000000000000000000000000000000000000000000000
000000000000000000000000000000000000000000000000000000000000000000000000000000000000000000000000000000000000
111010110101001000111101011110100110000001110111011110111110001001000011000001010110011010000000010001000100
000000000000000000000000000000000000000101100100011110000101000011110100111001010100001001111111100101101101
000000000000000000000000000000000000000000000000000000000000000000000000000000000000000000000000000000000000
000000000000000000000000000000000000000000000000000000000000000000000000000000000000000000000000000000000000
111001101100010001000010111100010100000000011110011001111110111011101001000110000110110110111110001111100111
000000000000000000000000000000000000111001110111101011111100100000011101000011000010000010000001010101000110
000000000000000000000000000000000000000000000000000000000000000000000000000000000000000000000000000000000000
000000000000000000000000000000000000000000000000000000000000000000000000000000000000000000000000000000000000
000000110101001100000001011111100111111111110001000000111111110101001000111100110011111100000000110000010101
000000000000000000000000000000000000000100111011101110000010101111111010111001100110001111111100101000110000
000000000000000000000000000000000000000000000000000000000000000000000000000000000000000000000000000000000000
000000000000000000000000000000000000000000000000000000000000000000000000000000000000000000000000000000000000
000000010101011110000001111001100011000101010100101110000001110101100011111100001100101001111101010100100000
000000000000000000000000000000000000111011110100011101000100010110011001111001010111111000111011101000001110
000000000000000000000000000000000000000000000000000000000000000000000000000000000000000000000000000000000000
000000000000000000000000000000000000000000000000000000000000000000000000000000000000000000000000000000000000
000001101010001000111010010001100100000101000110100000000001110001001011000100101111101100111010011111110000
000000000000000000000000000000000000000000000010000001111110110010000010111001110100011100000100000001100000
000000000000000000000000000000000000000000000000000000000000000000000000000000000000000000000000000000000000
000000000000000000000000000000000000000000000000000000000000000000000000000000000000000000000000000000000000
000010001101110101111011001011111100000001110101110011000101101010111011000110001110010000000001100011000001
000000000000000000000000000000000000000101110101110000111010001010011100111101111101111001000100110011000001
000000000000000000000000000000000000000000000000000000000000000000000000000000000000000000000000000000000000
000000000000000000000000000000000000000000000000000000000000000000000000000000000000000000000000000000000000
000001111111100011000000000101010000111111001110000110111110100011010010111011010011011011111110011101010011
000000000000000000000000000000000000000100011100010001000110001011001110000011110011000010000010110101001100
000000000000000000000000000000000000000000000000000000000000000000000000000000000000000000000000000000000000
000000000000000000000000000000000000000000000000000000000000000000000000000000000000000000000000000000000000
000101000011001110000100110101010110111111111000000111111100110011011100000101101101000111000101010010111010
000000000000000000000000000000000000111100010001001000000011111101101011111110000100111000000101111111010101
000000000000000000000000000000000000000000000000000000000000000000000000000000000000000000000000000000000000
000000000000000000000000000000000000000000000000000000000000000000000000000000000000000000000000000000000000
000000111011100011000000100001101010000110101000110100000000101000011001000110001110011000000100100000001110
000000000000000000000000000000000000000000011011110001000011100100111011111110000100111110111110010110111000
000000000000000000000000000000000000000000000000000000000000000000000000000000000000000000000000000000000000
000000000000000000000000000000000000000000000000000000000000000000000000000000000000000000000000000000000000
111011001011111010111001100100011111000100001000000000111010000101001101111100110111010011000110010100000101
000000000000000000000000000000000000000101110010000101000010000101111001111001110101101011000101111110001011
000000000000000000000000000000000000000000000000000000000000000000000000000000000000000000000000000000000000
000000000000000000000000000000000000000000000000000000000000000000000000000000000000000000000000000000000000
111010110110001110111010111011110011000110001110101111111110000010101001111010000000101010000100100001010010
000000000000000000000000000000000000111111110100001110000001100000000001111010110110001100111100100101001111
000000000000000000000000000000000000000000000000000000000000000000000000000000000000000000000000000000000000
000000000000000000000000000000000000000000000000000000000000000000000000000000000000000000000000000000000000
111110111111010100000010101010100001000100110011010011000110010011001000111010110111110001000001011001011011
000000000000000000000000000000000000000000000010111101000010001011100110000100011000111010000010100110011011
000000000000000000000000000000000000000000000000000000000000000000000000000000000000000000000000000000000000
000000000000000000000000000000000000000000000000000000000000000000000000000000000000000000000000000000000000
000110100100011001111011001110111100000011111100111011000010010100111000000011000101101110111011001010001000
000000000000000000000000000000000000111100100100100011000001111101100011111101001100010100000110010101111010
000000000000000000000000000000000000000000000000000000000000000000000000000000000000000000000000000000000000
000000000000000000000000000000000000000000000000000000000000000000000000000000000000000000000000000000000000
000000011101100011111110000101111011000001010100110101111101001110001111111101011010010110000100011011110111
000000000000000000000000000000000000111101001010011000111100011010011010000010000111000001111110110001110111
000000000000000000000000000000000000000000000000000000000000000000000000000000000000000000000000000000000000
000000000000000000000000000000000000000000000000000000000000000000000000000000000000000000000000000000000000
000101001100101100111101000011101111000000010100001110111100100000101011111101001000000101111100100110000111
000000000000000000000000000000000000111010001001001000111011010111111100111101001011111100000000011110000100
000000000000000000000000000000000000000000000000000000000000000000000000000000000000000000000000000000000000
000000000000000000000000000000000000000000000000000000000000000000000000000000000000000000000000000000000000
111100101000100110111111010001110111000000001001110111000100100111100111111101110111010110111101001110010001
000000000000000000000000000000000000111010101101110100111010001001101000111100011010111100000000010001010001
000000000000000000000000000000000000000000000000000000000000000000000000000000000000000000000000000000000000
000000000000000000000000000000000000000000000000000000000000000000000000000000000000000000000000000000000000
111010011101111001000010001110100100111100101001110010000010010010111111000100000100111010000101011100011010
000000000000000000000000000000000000000110000111011010111110010101101101111110000111110000000000010110111100
000000000000000000000000000000000000000000000000000000000000000000000000000000000000000000000000000000000000
000000000000000000000000000000000000000000000000000000000000000000000000000000000000000000000000000000000000
111010010001101001111110001000010111111101100010000010111101111010101001000011110010000100000101100010010101
000000000000000000000000000000000000111111001000110000111110101110010101111110101010100011000000101101010110
000000000000000000000000000000000000000000000000000000000000000000000000000000000000000000000000000000000000
000000000000000000000000000000000000000000000000000000000000000000000000000000000000000000000000000000000000
