000101000100000010000110100100101110000010011101011010000000011001010001111010000100010111111000001100111101
111101001111001001000011000110001001111011110011111100111111100010100100000100100011011000111011000111101110
111111010010110100000000000100111111000010100111000010000110101111100011111001011011011111111001000001001100
000101000011110101001000001000100011111000101100010001000011011100111011111011010110011000111011011111111100
111010100111001111111001010010110100111000011011100100111111011101001100111110101110100000111000010111001010
000001111110001100000000101010101111111010111001001000111110011101001101000110010001110001111001100101011000
111001110111100000111100011001010001000000011110000010000000100100110110111010100000111100111101110001010010
000001101011010010111101000101101100111011000110111110000110110110011100111000110010010010111000010100010001
111010010001100110110111111011111110000001110110000110000001011000101011111111000100111000111001010100000101
111100101010101100111001010000110000000110101011111001111011000100001100000100101111000001111101101000011001
111001011011000100111001111100100110000001011011010111111011110011101001111001010010101101000001010011101001
111111001000001100000001101100000011000100010111101011000000000010000111111000011011010010111101110110111111
000110010100101111000010111000010100000101111010101000000001001101010101111101011111001111111001010000010000
111110111000000010111111110010010100000111110100110110000100100111000111000100001100101000111001101100011010
000111001100001010111010001111011001110111101101010001111001010101000001000101001111011110000001100011000111
111100111000000101000111110010001111000010000001100100111111001110000011000010000111000110111000010010110110
111011101111110101000101111010010110111010101001000101111011101110001111000101010101101010000111110010111110
000001010000000101000010010100010001000001010111001010111000101111001011000100001101100001000101110000111111
111010101100011011000100110100111101000101000001111000111111100010001111000100101000101001111100100100110010
110111101100001000111000111111101110001000001111001101000000100000111110111001100100001001111010011001011100
000000000000000000000000000000000000000000000000000000000000000000000000000000000000000000000000000000000000
000000000000000000000000000000000000000000000000000000000000000000000000000000000000000000000000000000000000
000000000000000000000000000000000000000000000000000000000000000000000000000000000000000000000000000000000000
000000000000000000000000000000000000000000000000000000000000000000000000000000000000000000000000000000000000
