000101011110010101000101011010110110000100101001001000000111111101101011111011111011110111111110111111110001
000000000000000000000000000000000000111101010111111100000011111101110001000011001111001110000110010110100000
111110111000000000110111111101101101111100110000100110111111111010001011111100001110111101111101100101101011
000000000000000000000000000000000000111001001001010011000011101000110000111110001110111011000000001111011101
111101110010100110111101110000001001000000111101111010111100100111000111000001100001000100110111111010101001
000000000000000000000000000000000000000000100001111110111011001011011101111011010101010001000001011101111111
000011011110100011111100101101000010001000000111000111000010110011011110000001110010101111111001011101100101
000000000000000000000000000000000000000011001101001101111101011100101100000011001110110001000111110100110000
111111001110110100111111001100001101000110001011101110111100100011001010000101110111010110111101100110100101
000000000000000000000000000000000000000101101011101011000111000100110101000011110010000100000011101101011000
111111011110000010111011011111101111000100100010001101111100100111011001111001100110101011000001001010110110
000000000000000000000000000000000000000100100001010111111101101001110101111001011011001000111100010000000011
111000110101101000001000001001100100000111100101101111000100010111110011111100101111001010111011000101010011
000000000000000000000000000000000000111111110000001101000101000011110010111111110001001011000000100010001110
000010011100010111000111101100111010000111011110100100000110010011000001111111011001100011000101101100111111
000000000000000000000000000000000000000101111010000001000011000101001000000001110010011101000100100011010001
110111101100101001000010100110101010111100001011101000000010111011101111000101010011111011111111000100000101
000000000000000000000000000000000000000110000111001000000011100010101011001000000001010010000000010000011011
111011110101110001000110111000000110000010101011111011111000111101101100111010110111101011111011110010001111
000000000000000000000000000000000000000100100000010110000101000100000000000100101110111000000101101001111110
111011101101000111000111111110100100000000111000110111111000110111110111111101010011010100111110101100101110
000000000000000000000000000000000000000101100001100010111000011101111110111101011111100101111111010011110001
000101011011100100000010010001001110111001010100110011111101101001101100000011100111000000000101001101110101
000000000000000000000000000000000000000111000001000010000000101001011110000100011110110011111110111101000010
