000000100111101100111111111000100000111111100001101000000100101010001111111100001011110101111100101001100111
000110101000011001111010000101100100111100001011111011000000100000101010111011010001111001111110011001000000
000000010000010010000100110010111000111110110000111110000100110010010000111111010011111111000101010010110111
000100110111001011000011000110011001000010100110110110000011100111111011111111110010010001111101011000000110
111010010101101000000010111000110011111111011100101011111111010110000110111100010011111101000100100000100000
000101110010110110111100101111010011111100011110001111000010110110111010111100111100101111111010010010100010
000000000101101000111101000101101110111110111111010100111110010001110100000011010011000010000010101000100010
000011100010101011111100000101101101000001011010101111000101011101101110111111101000101111000001101101101011
000001010011010110000011010110010001000010111011011010000000111101010100111100101000010000111010010110001100
111110100010010000000100001111001001000011111000101100000010101101110111111111011101001011111101110101111110
111101011110001100000010101110010100000001000111111110000001010011001100000100101101001110111010001111001010
000011110000001001111001101110100010000110100000010110111011110111100100111111101110010011000010001001110011
111010110100001100111100011111101110000100100101000000000001010110011001000001000000001011111111010110001001
000110001110101110000110101101010001000010100110011000111111001110011011111001111000100000111010000111111100
000011010100110110111111001101101100000010111011000110000000001101000100111111110100001110111100001101111100
111110000011111100000110011001001111111100011001110111111101100000001110111101010100100011000010100101010100
000011011101010101111101111101101000000001011110011100111100110011101100111010100000001000111110111111110000
111101010111000110111110110101110001000001001111100101111010001110011100111101100010011111000100001100111011
111101000110101011111110010000011110111001110010010001111111010110001101000000110111111100111010101011010000
000010000001001110111101101011111011111011011101101101111011110111010000000011011100001011111011111111000001
000010010010111010000010101111100011000000011000111111111001100101001100111110110110001011111110110001111001
000001001100101100000010000100110101111011010101010111111110110110101101000101101000000111000001100111111011
000100000001110100000000100010100011000001010111100010111011101100000111000011011110110110000000011100010110
000011110001000000000000101011000010000010110110110111000011101100010101111111111000010010111001011000100000
111111101101100110111001101101010101111101101110000111111010000111001100000101101010100010111111111001001011
111001100001110100000010000101110111000011010100110010111111110110101001111101001000000110000110010001010111
000101111110111100111101101110101000111110110110010100111100110101100001111111100110111011111110000110010101
111011101010010011111110010011110110000001101011000011000000011011001010000010101110000111000010101001010011
000001111110111100111100111001011110111001111110111111000101110001110111000100000100010111111101111100110111
000000110101111010111110111000010110000011011001000100000001001011010110000100110101000001000001111110101100
111101001100010000111110001001000001111010001000000011111010011111110100000001010000110001111101110110110001
000100000001001001000101000010111001111100100111101100000011001111110001111111101001100001000110001111110010
111010010000110110111001100110101110000101011010111100111111000111000000111111000000001011111100111101000110
000000001010110011000010011001100010111010001011101011111101110011101111000000100110001011000001011010011000
111110001011101001000010011110011110000000100110111010111100100011100100000001110110111101000100010001110000
111010100100000001000010011100100111000110011111000111111101010100110101111110110010100110000000010111111011
111010011000010101000011100101011110000100010100001101000100000110010001111110100010110111000001001100110011
111111011110001110000001101111011111000011011001110010111111010111110011111011111101110110000011010000001011
111100100111001101000101010111110001000110011111110001111101001001100110111110011001101110000110011111000010
111101001101001110111101001001011000111100101010100010111010100110111101000100010001000011111101111010001111
000000000000000000000000000000000000000000000000000000000000000000000000000000000000000000000000000000000000
000000000000000000000000000000000000000000000000000000000000000000000000000000000000000000000000000000000000
000000000000000000000000000000000000000000000000000000000000000000000000000000000000000000000000000000000000
000000000000000000000000000000000000000000000000000000000000000000000000000000000000000000000000000000000000
000000000000000000000000000000000000000000000000000000000000000000000000000000000000000000000000000000000000
000000000000000000000000000000000000000000000000000000000000000000000000000000000000000000000000000000000000
000000000000000000000000000000000000000000000000000000000000000000000000000000000000000000000000000000000000
000000000000000000000000000000000000000000000000000000000000000000000000000000000000000000000000000000000000
000000000000000000000000000000000000000000000000000000000000000000000000000000000000000000000000000000000000
000000000000000000000000000000000000000000000000000000000000000000000000000000000000000000000000000000000000
000000000000000000000000000000000000000000000000000000000000000000000000000000000000000000000000000000000000
000000000000000000000000000000000000000000000000000000000000000000000000000000000000000000000000000000000000
000000000000000000000000000000000000000000000000000000000000000000000000000000000000000000000000000000000000
000000000000000000000000000000000000000000000000000000000000000000000000000000000000000000000000000000000000
000000000000000000000000000000000000000000000000000000000000000000000000000000000000000000000000000000000000
000000000000000000000000000000000000000000000000000000000000000000000000000000000000000000000000000000000000
000000000000000000000000000000000000000000000000000000000000000000000000000000000000000000000000000000000000
000000000000000000000000000000000000000000000000000000000000000000000000000000000000000000000000000000000000
000000000000000000000000000000000000000000000000000000000000000000000000000000000000000000000000000000000000
000000000000000000000000000000000000000000000000000000000000000000000000000000000000000000000000000000000000
000000000000000000000000000000000000000000000000000000000000000000000000000000000000000000000000000000000000
000000000000000000000000000000000000000000000000000000000000000000000000000000000000000000000000000000000000
000000000000000000000000000000000000000000000000000000000000000000000000000000000000000000000000000000000000
000000000000000000000000000000000000000000000000000000000000000000000000000000000000000000000000000000000000
000000000000000000000000000000000000000000000000000000000000000000000000000000000000000000000000000000000000
000000000000000000000000000000000000000000000000000000000000000000000000000000000000000000000000000000000000
000000000000000000000000000000000000000000000000000000000000000000000000000000000000000000000000000000000000
000000000000000000000000000000000000000000000000000000000000000000000000000000000000000000000000000000000000
000000000000000000000000000000000000000000000000000000000000000000000000000000000000000000000000000000000000
000000000000000000000000000000000000000000000000000000000000000000000000000000000000000000000000000000000000
000000000000000000000000000000000000000000000000000000000000000000000000000000000000000000000000000000000000
000000000000000000000000000000000000000000000000000000000000000000000000000000000000000000000000000000000000
000000000000000000000000000000000000000000000000000000000000000000000000000000000000000000000000000000000000
000000000000000000000000000000000000000000000000000000000000000000000000000000000000000000000000000000000000
000000000000000000000000000000000000000000000000000000000000000000000000000000000000000000000000000000000000
000000000000000000000000000000000000000000000000000000000000000000000000000000000000000000000000000000000000
000000000000000000000000000000000000000000000000000000000000000000000000000000000000000000000000000000000000
000000000000000000000000000000000000000000000000000000000000000000000000000000000000000000000000000000000000
000000000000000000000000000000000000000000000000000000000000000000000000000000000000000000000000000000000000
000000000000000000000000000000000000000000000000000000000000000000000000000000000000000000000000000000000000
000000000000000000000000000000000000000000000000000000000000000000000000000000000000000000000000000000000000
000000000000000000000000000000000000000000000000000000000000000000000000000000000000000000000000000000000000
000000000000000000000000000000000000000000000000000000000000000000000000000000000000000000000000000000000000
000000000000000000000000000000000000000000000000000000000000000000000000000000000000000000000000000000000000
000000000000000000000000000000000000000000000000000000000000000000000000000000000000000000000000000000000000
000000000000000000000000000000000000000000000000000000000000000000000000000000000000000000000000000000000000
000000000000000000000000000000000000000000000000000000000000000000000000000000000000000000000000000000000000
000000000000000000000000000000000000000000000000000000000000000000000000000000000000000000000000000000000000
000000000000000000000000000000000000000000000000000000000000000000000000000000000000000000000000000000000000
000000000000000000000000000000000000000000000000000000000000000000000000000000000000000000000000000000000000
000000000000000000000000000000000000000000000000000000000000000000000000000000000000000000000000000000000000
000000000000000000000000000000000000000000000000000000000000000000000000000000000000000000000000000000000000
000000000000000000000000000000000000000000000000000000000000000000000000000000000000000000000000000000000000
000000000000000000000000000000000000000000000000000000000000000000000000000000000000000000000000000000000000
000000000000000000000000000000000000000000000000000000000000000000000000000000000000000000000000000000000000
000000000000000000000000000000000000000000000000000000000000000000000000000000000000000000000000000000000000
