000000001100010011111001010001101110111001000100101000000000001011001110000100010110100111111011000011101100
111000111110111000000110101011010110111111110110111000111001011000011000000000100100011100111000001011001011
111100100100010010000001000001111010000001101010001000000101011010001011000100110011001011111101010111001111
111110001011011101000100011111011010000111100101100111000100110100111001111111000001110001111100001010110101
111100001000111010111100110000110000111100001111101111000101011010101101000001110010111110000010001111100000
000101000101001101000100101000100101000110001001110101111100101010100010000100101001101001111110001010001100
111110001011100000111100100100010111111101001110010011111111001000100110000110000010111111111111101000101010
000111100100011010111101010110110111111111011100110101111010011111010101111000000110000111111101001010001101
111011101100100101111010110111001011111110001001001011111111100111110010000111001111100010111010010110001111
111001110101111111111010010000110001000000101110010001111101000111000010111011111001001100111011011110000110
111101101100010100000100110101000100000001100101100011111100011101011100111010011110100110000010001011101010
000000001101000010000010111101101111000110101001000000111110010111011000111100101100100011000101001000101000
000011011001101111000111000010000001000111000000000110111101101111011101111011000000111110111011001001110110
111010000010000010111110001010001010111000101011111101000011001100101010111100110100000011111011000001010011
111100101001001010111100111011101000000011110010111000000100000110010100111011111110101101111100011111111000
111001100011000100111011101110000000000110111101001000111100100011001110111101011010001101000110001010101000
111000101100101100111000110110001011000101100011111100111011111100100100111100110111111011111010111010010111
111000101111011000111001000001001111111111011110010010110111101101100110111101011101111100000100110000001110
111100010011011101111011111001001111111011010101010011000011010101001111110111101110010001000110000100101001
110111110101001010111101110111010111111100110011011001110111110101101111000001010100111111110111101101110010
000000000000000000000000000000000000000000000000000000000000000000000000000000000000000000000000000000000000
000000000000000000000000000000000000000000000000000000000000000000000000000000000000000000000000000000000000
000000000000000000000000000000000000000000000000000000000000000000000000000000000000000000000000000000000000
000000000000000000000000000000000000000000000000000000000000000000000000000000000000000000000000000000000000
