000101011011010011000000001111110111000000101111101000111110010100000110111101111101001110000010000100001110
000000000000000000000000000000000000000011101101010011111010000101110010111101001011001100000001111011111101
110111110111011010000000000101101010111010011011000001000111101011011000111001101001011111111001000110001010
000000000000000000000000000000000000111010110001101110000111011011011101111111010001100010111010100100111100
000110000011111111000110001000001111111001000011101010111100111001111110000001100100010000000011111101010110
000000000000000000000000000000000000111000101101011100000111101101001001111101100110010100111111101000010000
000010010001010001111100111100010101110111111011010101111100011010111011111101101110110010111111100010010010
000000000000000000000000000000000000000111011110101101000010011010000111000100010001000001111110011001110101
111010011010100101110111101001010111000011101001010111111100010101101001111001011100011011000011000110100110
000000000000000000000000000000000000000000100001000011000111001011100100000101010010100010000001110111110000
111001100111010100111111110010110100111001110001101101111111110101011000000101011000110110111100000010001101
000000000000000000000000000000000000111001011110010001000100010100100100111001011110110011000010011010001111
111010000000000110111110001000111001111100111100000011000011000001010101111010001100011011111101111010110011
000000000000000000000000000000000000000011011001111101111110001101001101000111111011001111111100101111100011
000111101110010010111001111010110001000010111100000001000100111111100110111111011010000011111100110000101100
000000000000000000000000000000000000111101110010000100000001111011110011111001010011101101000111101101110001
111001100000001100000100101011010101111100010000010000001000010001111111111111110001100101000001101010011101
000000000000000000000000000000000000111111101010110110000100101101001000000111100100111110000110110010110011
111001101000001101000000010011000111111100001001011001000110100110110010001000001011110000000111001001111011
000000000000000000000000000000000000001000010011100010000001000001100011001000000010100101111111111110010101
000001101100100111000001111110001111000010011101000111001000001011000001111001000110101101000010001001111010
000000000000000000000000000000000000111101010111001001111001001001010010111100110011101110000110100101010111
000000011100011010000010001100011111000100111000100101110111110101010001000010110101000001111010010111101000
000000000000000000000000000000000000111010000001101010111110100000000100000011010100101111000000000111100101
