000001101101001101111110100011000010000110001000011111000000010010011110000110011111110011111111100111000010
111100000010110010111011110100111111000010110011100001111011000001011100111100100001100100000001110110110110
111001111101011001111111101101000011000101100011001100111011001101101000000000111001111011000010110100011000
111001100011000111111111010101000011111001111011010000000011100110000110000000001011111100111010110111010010
000011011100000011000100010101101000111110100100010000000011010111011001000000000111100010111100101110100101
000100111000101101000110010010101110111110000100000011111010000101101000111011111011111001111100010000000000
000011000010110101111100001111111010000010000000111101111111000111100010000100100100001001000010010001111101
000010101000101111111010101100000111111111100001010011000000100000000001000010011011111111000011111001010110
111011010111101000111001010010010000000000111101001001000100101010010111000000010000111001000010000010101011
000100111111110101111011111000001000111110000110101000111110011001110110111011011100001011111101000010110011
111010001100101001000010111111110111111100110111111101000101001101001110111100010100000100000000011010001111
111010010100111010000110101011011111000101011100001100111110000010110010000011001111010101111111011001010011
000011100110001100111111010010110001111001110110000000111111001010110110000110101010011111111101010101011101
000000011101110011111101001011101000111001110100101101000100010001101111000100000000110111000110000011101101
000100111010000101000101010001011110000011100101111100000010010001011011000011111010010011111110111001001110
111101110011000001000001000110111100111110110110011100111011010001010111111110010001000011111100000000010110
000110001100011100111011100110110110000101010010011100000101111010000110000011011100100000111010011001111001
000010110100010001111100100100010001000110000101101110111010010110111100000110010111011011000010001110110011
111010010100000100111111011000001001000000001110100001000001100011111000000110001110111011000010000000101110
000001000011001000000000010101001000000000010000100110111001111000010111111100100101011011111010101110101110
111010011011001011000010000011100101111010111010110000000101101001000000000001110110001001000100100111010110
111100110111001100000011011010001000000011101010001110000000001011000101111101000111101000000100110010100000
000000001111011100000100100001110010111001101000011010000001111110100100111100100100101010111011010101101001
111111000110011101000110010111011001111001010100010011111100001001001101000101001110101111111101100010111111
000010100110010100000101000111110001111101000110110110000011101011011110000110000010010010000100110010110101
111010000111001010111010110010011100111011001111100111111100101110011111111111111010011110111101100000100110
111111101010110000111010111000011110111110000000110100000000011010000100000011001100100010111101001100010000
111010110001101000111011011000011001111110011111100110000011001100000011000110000011110111000110010000101110
000110010000001111111110000000111100000000001011011000000100010010111100111100000000110010111101010100101000
000100000011001100000100010111101100111111011010001110000011000110110100000010001111101001000101100011110001
000000100110100100111011110011100011000010010111001001000010000011101011000101110100011001000010111101001011
000101110110111011000100001101100010111100110011000011111110011001010110000001000000001011111100111110100000
111100101001001001000110001011011110111111100011000101111110011101001010000101101011101110000011000011011100
111001101111010100111011011110110001111101100010001000111011000111100011111100110101010001111001100001000100
000001010001001011000110101101010010000110010000111110000010111100110111111100100011110111111111010111010010
111110000110110011111101111011101100000101111111111010111011110111010101000100100100100000000110011000010110
111110001000101000111100001110000110111010110110000111000011000000100010000011010011001100000001011100101101
111010011101000101111111111111011010000011110101000101111011110110010111111100110001011001000100100011001010
111111110010100101000011111111111001111111111100000000000011011001001100111110010011110010000011000101100110
111111100001101110111101000010011001111111011011100110111101110111100101000001001010010011000000111001101111
000000000000000000000000000000000000000000000000000000000000000000000000000000000000000000000000000000000000
000000000000000000000000000000000000000000000000000000000000000000000000000000000000000000000000000000000000
000000000000000000000000000000000000000000000000000000000000000000000000000000000000000000000000000000000000
000000000000000000000000000000000000000000000000000000000000000000000000000000000000000000000000000000000000
000000000000000000000000000000000000000000000000000000000000000000000000000000000000000000000000000000000000
000000000000000000000000000000000000000000000000000000000000000000000000000000000000000000000000000000000000
000000000000000000000000000000000000000000000000000000000000000000000000000000000000000000000000000000000000
000000000000000000000000000000000000000000000000000000000000000000000000000000000000000000000000000000000000
000000000000000000000000000000000000000000000000000000000000000000000000000000000000000000000000000000000000
000000000000000000000000000000000000000000000000000000000000000000000000000000000000000000000000000000000000
000000000000000000000000000000000000000000000000000000000000000000000000000000000000000000000000000000000000
000000000000000000000000000000000000000000000000000000000000000000000000000000000000000000000000000000000000
000000000000000000000000000000000000000000000000000000000000000000000000000000000000000000000000000000000000
000000000000000000000000000000000000000000000000000000000000000000000000000000000000000000000000000000000000
000000000000000000000000000000000000000000000000000000000000000000000000000000000000000000000000000000000000
000000000000000000000000000000000000000000000000000000000000000000000000000000000000000000000000000000000000
000000000000000000000000000000000000000000000000000000000000000000000000000000000000000000000000000000000000
000000000000000000000000000000000000000000000000000000000000000000000000000000000000000000000000000000000000
000000000000000000000000000000000000000000000000000000000000000000000000000000000000000000000000000000000000
000000000000000000000000000000000000000000000000000000000000000000000000000000000000000000000000000000000000
000000000000000000000000000000000000000000000000000000000000000000000000000000000000000000000000000000000000
000000000000000000000000000000000000000000000000000000000000000000000000000000000000000000000000000000000000
000000000000000000000000000000000000000000000000000000000000000000000000000000000000000000000000000000000000
000000000000000000000000000000000000000000000000000000000000000000000000000000000000000000000000000000000000
000000000000000000000000000000000000000000000000000000000000000000000000000000000000000000000000000000000000
000000000000000000000000000000000000000000000000000000000000000000000000000000000000000000000000000000000000
000000000000000000000000000000000000000000000000000000000000000000000000000000000000000000000000000000000000
000000000000000000000000000000000000000000000000000000000000000000000000000000000000000000000000000000000000
000000000000000000000000000000000000000000000000000000000000000000000000000000000000000000000000000000000000
000000000000000000000000000000000000000000000000000000000000000000000000000000000000000000000000000000000000
000000000000000000000000000000000000000000000000000000000000000000000000000000000000000000000000000000000000
000000000000000000000000000000000000000000000000000000000000000000000000000000000000000000000000000000000000
000000000000000000000000000000000000000000000000000000000000000000000000000000000000000000000000000000000000
000000000000000000000000000000000000000000000000000000000000000000000000000000000000000000000000000000000000
000000000000000000000000000000000000000000000000000000000000000000000000000000000000000000000000000000000000
000000000000000000000000000000000000000000000000000000000000000000000000000000000000000000000000000000000000
000000000000000000000000000000000000000000000000000000000000000000000000000000000000000000000000000000000000
000000000000000000000000000000000000000000000000000000000000000000000000000000000000000000000000000000000000
000000000000000000000000000000000000000000000000000000000000000000000000000000000000000000000000000000000000
000000000000000000000000000000000000000000000000000000000000000000000000000000000000000000000000000000000000
000000000000000000000000000000000000000000000000000000000000000000000000000000000000000000000000000000000000
000000000000000000000000000000000000000000000000000000000000000000000000000000000000000000000000000000000000
000000000000000000000000000000000000000000000000000000000000000000000000000000000000000000000000000000000000
000000000000000000000000000000000000000000000000000000000000000000000000000000000000000000000000000000000000
000000000000000000000000000000000000000000000000000000000000000000000000000000000000000000000000000000000000
000000000000000000000000000000000000000000000000000000000000000000000000000000000000000000000000000000000000
000000000000000000000000000000000000000000000000000000000000000000000000000000000000000000000000000000000000
000000000000000000000000000000000000000000000000000000000000000000000000000000000000000000000000000000000000
000000000000000000000000000000000000000000000000000000000000000000000000000000000000000000000000000000000000
000000000000000000000000000000000000000000000000000000000000000000000000000000000000000000000000000000000000
000000000000000000000000000000000000000000000000000000000000000000000000000000000000000000000000000000000000
000000000000000000000000000000000000000000000000000000000000000000000000000000000000000000000000000000000000
000000000000000000000000000000000000000000000000000000000000000000000000000000000000000000000000000000000000
000000000000000000000000000000000000000000000000000000000000000000000000000000000000000000000000000000000000
000000000000000000000000000000000000000000000000000000000000000000000000000000000000000000000000000000000000
000000000000000000000000000000000000000000000000000000000000000000000000000000000000000000000000000000000000
