111101100110001111111110101001100011111011000001001111000001010111111101000011010111000010000111111000010010
111111110100100000000000101100000010111011110000000000110111101111011110000101000010110101000001011100010010
111110001110111011111101110010010110000111001101001000000110100100111100000110110111000110111001111000000000
000010100001110100111111110001111001000010111101010001111001010111010001110111101010111100111110011001011000
000111110010101110111001000101101010000001000011010001111000111100110010111111010000000011001000010101001011
111101011001100100111010110101010101000001110101010000111100010110010100111100110010000011000110110000101110
000010000011010110111101111110000110000001011001010010000001101111100111000110011101011100111000100101101000
000000100111111011111010100011101110111111110011110101111101101101011111000111011000010011000011000000001110
000110101000001110000100101110000101111111011110101000000000000001111001111000100010001010000010000101100101
111000110011110100000010011100101001000010010010001101111010100010110111111011010100100111000110100111101001
000011000111010001000010010100001111111100110000100100000110100000011001111011011010000001111001101100110111
111111101101011110000010110111110001111100110111100111000111101011001010111110110100001010000010001011010100
000100100111000000111011101010100001000011010110011100000011101010111111001000010011011110000100111010111010
111110101000010101111010001011001100111000010100000100111010111110111110000101010011011100000111110011010000
111110000010111100000111110101001011111111010000010010000101011001001101000101101000110100111101001010110000
111000001000001000110111110110000010000000000111110011111001101110110000000101110011101010111101011100001011
000111000101100111001000000100010010111001100010000010000111101000010101111111110000010111000110100010001110
110111101111110110000111100110101100000100100110000101001000001010100100000011100101010001111001000111011110
111001011111010101000010010000001000000111010011010100000101001110011001111101010011011000000001100110101111
000011010001101001000010110101010010000111010100101010111101001101100001000001010100100000000101110001100111
000000000000000000000000000000000000000000000000000000000000000000000000000000000000000000000000000000000000
000000000000000000000000000000000000000000000000000000000000000000000000000000000000000000000000000000000000
000000000000000000000000000000000000000000000000000000000000000000000000000000000000000000000000000000000000
000000000000000000000000000000000000000000000000000000000000000000000000000000000000000000000000000000000000
