000001001010110110111101100110100101111001011101100101110111111010101001111101100101101011111110111111110001
000101001101110101111110101100101110111011110010001111111111000100000101000101101100111111111011000101010011
111001100110101011000101110111010110000001110010101111000001100001000100111100001110111101111011111011110111
000011100111000000111101010011010100111010110111101011000101010011111011111111011001100011111100101111001010
111100100111011001111100100011001010000010110011011110111100100111000111111111111010001011000111111101101011
111101101001101100111000110111110111111000111101101100000010111011101111000110010011000001000100010111110011
000100100010001101000110001011101110001000000111000111000000111101111010111100110000100110000100101001001000
111001010100110011000000111000110111000010101011111011111100001011101000000111011110100100000111100101101111
111011011111101111111111001100001101111100101101000010111101110000001001110111111101101101000101011010110110
000010010001001110000111111110100100000110111000000110000010100110101010000111101100111010001000001001100100
111111011110000010111111001110110100000011011110100011111101110010100110111110111000000000000101011110010101
000101011011100100111011101101000111111011110101110001110111101100101001000010011100010111111000110101101000
111100010000000011000011101101011000000111110100110000000001011101111111000000001111011101000110010110100000
111110111101000010111111010011110001000101101001111110000000010000011011000100100011010001000000100010001110
111001011011001000000011110010000100000011001110110001111011010101010001111110001110111011000011001111001110
000100011110110011111101011111100101000100101110111000001000000001010010000001110010011101111111110001001011
111101101001110101000111000100110101111101011100101100111011001011011101000011101000110000000011111101110001
000000101001011110111000011101111110000101000100000000000011100010101011000011000101001000000101000011110010
000100100001010111000101101011101011000011001101001101000000100001111110111001001001010011111101010111111100
000111000001000010000101100001100010000100100000010110000110000111001000000101111010000001111111110000001101
000000000000000000000000000000000000000000000000000000000000000000000000000000000000000000000000000000000000
000000000000000000000000000000000000000000000000000000000000000000000000000000000000000000000000000000000000
000000000000000000000000000000000000000000000000000000000000000000000000000000000000000000000000000000000000
000000000000000000000000000000000000000000000000000000000000000000000000000000000000000000000000000000000000
