111111000100111001000100001111000011000101000111101011111101100010001100000110011101000001111100010000110111
000110000100111101111111001111000010000001100101100110111011011110100110000000111000101011111101000101110101
111111111110010101111010000100101001111011000000111001111010000010001101000110011011110110000010010101111000
111111001100111111000001111101011111000110100000000111111011000111110101000001010110011001111111000010010011
000100101000001110000011011000111111000110000111100101000011000001110111111101010011000101000010101111100000
111110101010010011111111100000101000000010011000101010111111110000111110111100100100000101000000111100100100
000001111100110010111010101101100100111110100100111000111010110010111100000001101000010110000010000000111011
000101000110111011111011111000110101111011110000000001111011010100001001000011011111000110111011001101001000
000010101111110101111101101011000001111101111111110101000001000101000011000101010111100111111100101010110101
111100101010010101000110101100110101111001101110111000000101000100100101000000011011111001000101000111110000
111010100010111101111001100100101111000000100010000001111101010110011010111001100010100000000011111100101001
000001100111111111111011101010000101000001011011100011000001101110000010000100111110000001111110111100011001
111100000001101011111111101001110011000001011101101111111001111101110111111100101110101001111111011110100011
000101001111101111111100000101010110000000110011101010111110010100001101000011001011100010111100010010111110
000100010101110101111001101100100011000100011111100011111110010101111111000010010111101010000110000111101100
000110100001010110000010001100100001000100110011010111000001100000011101000101100100110100000011011001101010
111001011000010000111101001000000000111110000100101110111011000001101000000011000011110011000001000101010001
000011110100000101000110000011000011111111100100111000111010001010100000000101111100111011000010110100110000
111111111011000000000000010111100101111111111100001010000101111011110100111011010101011111111010000111001010
111100100010001110000101011110111010000100111011010010000001110101110011111111100000100101000110011001001001
111001110100110001111100111110101001111100110010001110000101011000111111000011101010000011111010010101100101
000100010000111110111101001110101010111100110111101010111110011110101000111011110110011110000010101000001100
111110110011001000000011011101100011000010111101111001111111111101000011000001000100110101000110101010111110
111101111010011000111011011001001100111010100011101110111101000101011010000100010011100001000001100111000100
000010011111101001000101100001110110111101010000110100111100010000110001111110111000100101111110111100000100
000100000011101110000011001100010111111010011110110010111001011011010011000101111010001010000101011100100001
000101110010110000000010101011000000111111001110001000000010000111111001111010010011100111000011000111010101
000100010011000110111011010000011010111011110011000000000000101111001110000101000110010010111011011101000111
111110111100100100000100110110110110000110000001001011000001000011011111000101000000100010111111001011101100
111110110110110011000000100101100101000001101011110001111101111010101101111001011000101101000000001001110111
111101111000010000000000001101111011000101000000000011000001000010011111111100011110010011000000100001100100
000011000100111111000110010001001100111010111010101010111101111101100000111111010101101001111100100001101111
111001110011011101000000001100100010111101101111010010111101011000101110000010001101010001000100101111111010
111111011001011101000011111111001110000110000100011000111111011001001100111111101110110000000001101011010111
000000110110100110000011110101010111000010111011010001000011001011010011111101011100010100111001011110001101
111110010011000000111110100101101101000001011100001001111110000010110011000011111101100111111011010101000100
111010101001111100000011111101111001000001001000000100000011111010100010111001111110011010000010110011100011
111100110101111001111010010010111011111010000000000011000000101111011010111111110000111101111100001101100010
111011000011000100000101011010000110000011101110011110111010000010010111111110000101110000000011100100000011
000110011101010101000011000011011001000011111010001100111001111111010010111100000000010000000100000001001000
000000000000000000000000000000000000000000000000000000000000000000000000000000000000000000000000000000000000
000000000000000000000000000000000000000000000000000000000000000000000000000000000000000000000000000000000000
000000000000000000000000000000000000000000000000000000000000000000000000000000000000000000000000000000000000
000000000000000000000000000000000000000000000000000000000000000000000000000000000000000000000000000000000000
000000000000000000000000000000000000000000000000000000000000000000000000000000000000000000000000000000000000
000000000000000000000000000000000000000000000000000000000000000000000000000000000000000000000000000000000000
000000000000000000000000000000000000000000000000000000000000000000000000000000000000000000000000000000000000
000000000000000000000000000000000000000000000000000000000000000000000000000000000000000000000000000000000000
000000000000000000000000000000000000000000000000000000000000000000000000000000000000000000000000000000000000
000000000000000000000000000000000000000000000000000000000000000000000000000000000000000000000000000000000000
000000000000000000000000000000000000000000000000000000000000000000000000000000000000000000000000000000000000
000000000000000000000000000000000000000000000000000000000000000000000000000000000000000000000000000000000000
000000000000000000000000000000000000000000000000000000000000000000000000000000000000000000000000000000000000
000000000000000000000000000000000000000000000000000000000000000000000000000000000000000000000000000000000000
000000000000000000000000000000000000000000000000000000000000000000000000000000000000000000000000000000000000
000000000000000000000000000000000000000000000000000000000000000000000000000000000000000000000000000000000000
000000000000000000000000000000000000000000000000000000000000000000000000000000000000000000000000000000000000
000000000000000000000000000000000000000000000000000000000000000000000000000000000000000000000000000000000000
000000000000000000000000000000000000000000000000000000000000000000000000000000000000000000000000000000000000
000000000000000000000000000000000000000000000000000000000000000000000000000000000000000000000000000000000000
000000000000000000000000000000000000000000000000000000000000000000000000000000000000000000000000000000000000
000000000000000000000000000000000000000000000000000000000000000000000000000000000000000000000000000000000000
000000000000000000000000000000000000000000000000000000000000000000000000000000000000000000000000000000000000
000000000000000000000000000000000000000000000000000000000000000000000000000000000000000000000000000000000000
000000000000000000000000000000000000000000000000000000000000000000000000000000000000000000000000000000000000
000000000000000000000000000000000000000000000000000000000000000000000000000000000000000000000000000000000000
000000000000000000000000000000000000000000000000000000000000000000000000000000000000000000000000000000000000
000000000000000000000000000000000000000000000000000000000000000000000000000000000000000000000000000000000000
000000000000000000000000000000000000000000000000000000000000000000000000000000000000000000000000000000000000
000000000000000000000000000000000000000000000000000000000000000000000000000000000000000000000000000000000000
000000000000000000000000000000000000000000000000000000000000000000000000000000000000000000000000000000000000
000000000000000000000000000000000000000000000000000000000000000000000000000000000000000000000000000000000000
000000000000000000000000000000000000000000000000000000000000000000000000000000000000000000000000000000000000
000000000000000000000000000000000000000000000000000000000000000000000000000000000000000000000000000000000000
000000000000000000000000000000000000000000000000000000000000000000000000000000000000000000000000000000000000
000000000000000000000000000000000000000000000000000000000000000000000000000000000000000000000000000000000000
000000000000000000000000000000000000000000000000000000000000000000000000000000000000000000000000000000000000
000000000000000000000000000000000000000000000000000000000000000000000000000000000000000000000000000000000000
000000000000000000000000000000000000000000000000000000000000000000000000000000000000000000000000000000000000
000000000000000000000000000000000000000000000000000000000000000000000000000000000000000000000000000000000000
000000000000000000000000000000000000000000000000000000000000000000000000000000000000000000000000000000000000
000000000000000000000000000000000000000000000000000000000000000000000000000000000000000000000000000000000000
000000000000000000000000000000000000000000000000000000000000000000000000000000000000000000000000000000000000
000000000000000000000000000000000000000000000000000000000000000000000000000000000000000000000000000000000000
000000000000000000000000000000000000000000000000000000000000000000000000000000000000000000000000000000000000
000000000000000000000000000000000000000000000000000000000000000000000000000000000000000000000000000000000000
000000000000000000000000000000000000000000000000000000000000000000000000000000000000000000000000000000000000
000000000000000000000000000000000000000000000000000000000000000000000000000000000000000000000000000000000000
000000000000000000000000000000000000000000000000000000000000000000000000000000000000000000000000000000000000
000000000000000000000000000000000000000000000000000000000000000000000000000000000000000000000000000000000000
000000000000000000000000000000000000000000000000000000000000000000000000000000000000000000000000000000000000
000000000000000000000000000000000000000000000000000000000000000000000000000000000000000000000000000000000000
000000000000000000000000000000000000000000000000000000000000000000000000000000000000000000000000000000000000
000000000000000000000000000000000000000000000000000000000000000000000000000000000000000000000000000000000000
000000000000000000000000000000000000000000000000000000000000000000000000000000000000000000000000000000000000
000000000000000000000000000000000000000000000000000000000000000000000000000000000000000000000000000000000000
