111010010101100101000001000101010001111111011110100011111100101010110101000010101111100000111100010000110111
000000000000000000000000000000000000000010110011100011000100101111111010111111001011101100111110111100000100
000000000000000000000000000000000000000000000000000000000000000000000000000000000000000000000000000000000000
000000000000000000000000000000000000000000000000000000000000000000000000000000000000000000000000000000000000
000011101010000011000011000011110011111100101110101001000101010111100111111101010011000101000110011101000001
000000000000000000000000000000000000111001111110011010000010001101010001000101000000100010111110111000100101
000000000000000000000000000000000000000000000000000000000000000000000000000000000000000000000000000000000000
000000000000000000000000000000000000000000000000000000000000000000000000000000000000000000000000000000000000
000101011000111111111011000001101000111001111101110111000001000101000011000011000001110111111101100010001100
000000000000000000000000000000000000000011111010100010111101011000101110000001000011011111111100010000110001
000000000000000000000000000000000000000000000000000000000000000000000000000000000000000000000000000000000000
000000000000000000000000000000000000000000000000000000000000000000000000000000000000000000000000000000000000
111100110010001110111110000100101110000001011101101111111101111111110101000110000111100101000101000111101011
000000000000000000000000000000000000000001001000000100111101101111010010000110000001001011111101010000110100
000000000000000000000000000000000000000000000000000000000000000000000000000000000000000000000000000000000000
000000000000000000000000000000000000000000000000000000000000000000000000000000000000000000000000000000000000
111100111110101001111101001000000000111111101001110011111101101011000001000011011000111111000100001111000011
000000000000000000000000000000000000000011111101111001000000001100100010000100110110110110000101100001110110
000000000000000000000000000000000000000000000000000000000000000000000000000000000000000000000000000000000000
000000000000000000000000000000000000000000000000000000000000000000000000000000000000000000000000000000000000
111001110100110001111001011000010000111100000001101011000010101111110101000100101000001110111111000100111001
000000000000000000000000000000000000111010101001111100111001110011011101111110111100100100000010011111101001
000000000000000000000000000000000000000000000000000000000000000000000000000000000000000000000000000000000000
000000000000000000000000000000000000000000000000000000000000000000000000000000000000000000000000000000000000
000010101000001100000010110100110000111100010010111110000101000111110000000000111100100100111101000101110101
000000000000000000000000000000000000111100001101100010000001101011010111000000001001110111000101011100100001
000000000000000000000000000000000000000000000000000000000000000000000000000000000000000000000000000000000000
000000000000000000000000000000000000000000000000000000000000000000000000000000000000000000000000000000000000
111011110110011110000101111100111011000011001011100010000000011011111001111100100100000101000000111000101011
000000000000000000000000000000000000111111110000111101111111101110110000111001011000101101000101111010001010
000000000000000000000000000000000000000000000000000000000000000000000000000000000000000000000000000000000000
000000000000000000000000000000000000000000000000000000000000000000000000000000000000000000000000000000000000
111110011110101000111010001010100000111110010100001101000101000100100101111111110000111110111011011110100110
000000000000000000000000000000000000000000101111011010111111011001001100111101111010101101111001011011010011
000000000000000000000000000000000000000000000000000000000000000000000000000000000000000000000000000000000000
000000000000000000000000000000000000000000000000000000000000000000000000000000000000000000000000000000000000
111100110111101010111111100100111000000000110011101010111001101110111000000010011000101010000001100101100110
000000000000000000000000000000000000111010000000000011000110000100011000000001101011110001111010011110110010
000000000000000000000000000000000000000000000000000000000000000000000000000000000000000000000000000000000000
000000000000000000000000000000000000000000000000000000000000000000000000000000000000000000000000000000000000
111101001110101010000110000011000011111100000101010110000110101100110101111111100000101000111111001111000010
000000000000000000000000000000000000111010010010111011000011111111001110000000100101100101000011001100010111
000000000000000000000000000000000000000000000000000000000000000000000000000000000000000000000000000000000000
000000000000000000000000000000000000000000000000000000000000000000000000000000000000000000000000000000000000
000100010000111110000011110100000101000101001111101111111100101010010101111110101010010011000110000100111101
000000000000000000000000000000000000111100110101111001111111011001011101111110110110110011000100000011101110
000000000000000000000000000000000000000000000000000000000000000000000000000000000000000000000000000000000000
000000000000000000000000000000000000000000000000000000000000000000000000000000000000000000000000000000000000
000110101010111110111010000111001010000110000111101100000011111100101001000010000000111011000010010101111000
000000000000000000000000000000000000000011100100000011111001011110001101000000100001100100000011000111010101
000000000000000000000000000000000000000000000000000000000000000000000000000000000000000000000000000000000000
000000000000000000000000000000000000000000000000000000000000000000000000000000000000000000000000000000000000
000001000100110101111011010101011111000010010111101010111001100010100000000001101000010110000110011011110110
000000000000000000000000000000000000111110000101110000111101011100010100111100011110010011111010010011100111
000000000000000000000000000000000000000000000000000000000000000000000000000000000000000000000000000000000000
000000000000000000000000000000000000000000000000000000000000000000000000000000000000000000000000000000000000
111111111101000011000101111011110100111110010101111111111101010110011010111010110010111100111010000010001101
000000000000000000000000000000000000111010000010010111000011001011010011000001000010011111000010000111111001
000000000000000000000000000000000000000000000000000000000000000000000000000000000000000000000000000000000000
000000000000000000000000000000000000000000000000000000000000000000000000000000000000000000000000000000000000
000010111101111001111111111100001010000100011111100011000000100010000001111110100100111000111011000000111001
000000000000000000000000000000000000000011101110011110000010111011010001000101000000000011111111001110001000
000000000000000000000000000000000000000000000000000000000000000000000000000000000000000000000000000000000000
000000000000000000000000000000000000000000000000000000000000000000000000000000000000000000000000000000000000
000011011101100011000000010111100101111001101100100011111001100100101111111010101101100100111010000100101001
000000000000000000000000000000000000000101011010000110000011110101010111000000001101111011000010101011000000
000000000000000000000000000000000000000000000000000000000000000000000000000000000000000000000000000000000000
000000000000000000000000000000000000000000000000000000000000000000000000000000000000000000000000000000000000
111110110011001000111111111011000000000100010101110101111010100010111101000001111100110010111111111110010101
000000000000000000000000000000000000111011000011000100000000110110100110111101111000010000000101110010110000
000000000000000000000000000000000000000000000000000000000000000000000000000000000000000000000000000000000000
000000000000000000000000000000000000000000000000000000000000000000000000000000000000000000000000000000000000
000001100111000100000110011001001001000011011001101010111110111100011001111011001101001000111111000010010011
000000000000000000000000000000000000000100000001001000111011010101000100111100100001101111111011011101000111
000000000000000000000000000000000000000000000000000000000000000000000000000000000000000000000000000000000000
000000000000000000000000000000000000000000000000000000000000000000000000000000000000000000000000000000000000
000100010011100001111111100000100101000101100100110100000100111110000001000011011111000110000001010110011001
000000000000000000000000000000000000111100000000010000000011111101100111111111010101101001000101000110010010
000000000000000000000000000000000000000000000000000000000000000000000000000000000000000000000000000000000000
000000000000000000000000000000000000000000000000000000000000000000000000000000000000000000000000000000000000
111101000101011010000001110101110011000001100000011101000001101110000010111011010100001001111011000111110101
000000000000000000000000000000000000111001111111010010111110000010110011111101111101100000000000101111001110
000000000000000000000000000000000000000000000000000000000000000000000000000000000000000000000000000000000000
000000000000000000000000000000000000000000000000000000000000000000000000000000000000000000000000000000000000
111010100011101110000100111011010010000100110011010111000001011011100011111011110000000001000110100000000111
000000000000000000000000000000000000000011111010001100000001011100001001111010111010101010111011110011000000
000000000000000000000000000000000000000000000000000000000000000000000000000000000000000000000000000000000000
000000000000000000000000000000000000000000000000000000000000000000000000000000000000000000000000000000000000
111011011001001100000101011110111010000010001100100001111011101010000101111011111000110101000001111101011111
000000000000000000000000000000000000000011000011011001111110100101101101000110010001001100111011010000011010
000000000000000000000000000000000000000000000000000000000000000000000000000000000000000000000000000000000000
000000000000000000000000000000000000000000000000000000000000000000000000000000000000000000000000000000000000
111101111010011000111100100010001110000110100001010110000001100111111111000101000110111011111111001100111111
000000000000000000000000000000000000000110011101010101111110010011000000000011000100111111000100010011000110
000000000000000000000000000000000000000000000000000000000000000000000000000000000000000000000000000000000000
000000000000000000000000000000000000000000000000000000000000000000000000000000000000000000000000000000000000
