111100110001111110000100110100101110111011111000000100111111000001101011000100101100011111111110100010100101
000000000000000000000000000000000000111110000011001010000110011010101011111111110100000011000011110100010001
000000000000000000000000000000000000000000000000000000000000000000000000000000000000000000000000000000000000
000000000000000000000000000000000000000000000000000000000000000000000000000000000000000000000000000000000000
000010101011111010111010110011111111000110001101101100111011100011011101111111001000111000000010100011001111
000000000000000000000000000000000000000100001111010100000000111011000001111110010110010101000001111001010000
000000000000000000000000000000000000000000000000000000000000000000000000000000000000000000000000000000000000
000000000000000000000000000000000000000000000000000000000000000000000000000000000000000000000000000000000000
111111110110011000000101110001100101000011100110110011111101010010101010000110000010101100111011000000110011
000000000000000000000000000000000000111010001110011111000101010001100101111100001111111101111100110011111011
000000000000000000000000000000000000000000000000000000000000000000000000000000000000000000000000000000000000
000000000000000000000000000000000000000000000000000000000000000000000000000000000000000000000000000000000000
111111010110110100111011000010111001000101111100001000111110100011001001111101101010000011000101001100001011
000000000000000000000000000000000000111111111001011101111100110110000111111111001000011101111001110110100101
000000000000000000000000000000000000000000000000000000000000000000000000000000000000000000000000000000000000
000000000000000000000000000000000000000000000000000000000000000000000000000000000000000000000000000000000000
000110100010010110111110100010110011111010001001101110111101100000110100000010010011110001000101000111011011
000000000000000000000000000000000000111010101000111011000101100100010010111001011011011000000000110111011000
000000000000000000000000000000000000000000000000000000000000000000000000000000000000000000000000000000000000
000000000000000000000000000000000000000000000000000000000000000000000000000000000000000000000000000000000000
111101001100101110000100011111111101111111001000111110000000011110000111111101011111010100111101100001000100
000000000000000000000000000000000000000001001101000110111110001100010100000110100011101011000101110100100100
000000000000000000000000000000000000000000000000000000000000000000000000000000000000000000000000000000000000
000000000000000000000000000000000000000000000000000000000000000000000000000000000000000000000000000000000000
111100000100100001000010100111111000000110001010011110111100000011011001111010011001110011000100010011100100
000000000000000000000000000000000000000001101110101100111010101100001100111011000100000010000000011001110010
000000000000000000000000000000000000000000000000000000000000000000000000000000000000000000000000000000000000
000000000000000000000000000000000000000000000000000000000000000000000000000000000000000000000000000000000000
000110100010111001000100100101001011111011011100110000111111110011111100000110000110001101000110000111000001
000000000000000000000000000000000000000101000000000101111111001001000110000001010011100100111110101000111011
000000000000000000000000000000000000000000000000000000000000000000000000000000000000000000000000000000000000
000000000000000000000000000000000000000000000000000000000000000000000000000000000000000000000000000000000000
111110001110011110000110100000011001000100110000100001111001011110101100111010011110011010000000100111011110
000000000000000000000000000000000000111110001110110000000011101110101000111110001011111001000101101111110001
000000000000000000000000000000000000000000000000000000000000000000000000000000000000000000000000000000000000
000000000000000000000000000000000000000000000000000000000000000000000000000000000000000000000000000000000000
111110110110111010000001000101101010000000010001111100111111111010010111111010110100100100000010100110110111
000000000000000000000000000000000000111111011100100011111010010001010010000110100100111111000101011011000110
000000000000000000000000000000000000000000000000000000000000000000000000000000000000000000000000000000000000
000000000000000000000000000000000000000000000000000000000000000000000000000000000000000000000000000000000000
111010100111000011000000100010111001111011001111100100111110000101011110000110010111111111111001100100111110
000000000000000000000000000000000000000010000110110010111111100111011001111110100001110000111010101111001101
000000000000000000000000000000000000000000000000000000000000000000000000000000000000000000000000000000000000
000000000000000000000000000000000000000000000000000000000000000000000000000000000000000000000000000000000000
000110000110101010111001010110111000111010111000110101000001101001110110111010001101111110111101010110110111
000000000000000000000000000000000000111100101101110101000000111101001111111111110100011011111011101010010101
000000000000000000000000000000000000000000000000000000000000000000000000000000000000000000000000000000000000
000000000000000000000000000000000000000000000000000000000000000000000000000000000000000000000000000000000000
111111001100100111000101011011000111111110001000011110000001001010110101000001111100000111111111011000100100
000000000000000000000000000000000000111011100000010011000000000011011100000100011011001100000000010100101101
000000000000000000000000000000000000000000000000000000000000000000000000000000000000000000000000000000000000
000000000000000000000000000000000000000000000000000000000000000000000000000000000000000000000000000000000000
111100110101010001000100100011111011000100110000111101000011101001111010000010010001100011111101001101001010
000000000000000000000000000000000000000110001001111101111100001111110001111010100100011101000101101111101000
000000000000000000000000000000000000000000000000000000000000000000000000000000000000000000000000000000000000
000000000000000000000000000000000000000000000000000000000000000000000000000000000000000000000000000000000000
111111000000110100111111000101100001111011100100100000111111001010010010000010100110110010111011001100110010
000000000000000000000000000000000000000001001101101111000011011011101000111010010010110001000010101001111011
000000000000000000000000000000000000000000000000000000000000000000000000000000000000000000000000000000000000
000000000000000000000000000000000000000000000000000000000000000000000000000000000000000000000000000000000000
000011000111000111000110101010011000000001111011100011111010001000100011111010100010111101000011111101110001
000000000000000000000000000000000000111100001111010001000101000100101111111011100101000001111010010010010010
000000000000000000000000000000000000000000000000000000000000000000000000000000000000000000000000000000000000
000000000000000000000000000000000000000000000000000000000000000000000000000000000000000000000000000000000000
000100000111111101111100111110110000111010111100010100000001101010101011000100101001101000111001110100011111
000000000000000000000000000000000000000001011100110011000110100100011011111100001111100111111001100100110011
000000000000000000000000000000000000000000000000000000000000000000000000000000000000000000000000000000000000
000000000000000000000000000000000000000000000000000000000000000000000000000000000000000000000000000000000000
000001000010101011111111011100000011111110010100001110000010001111100010000101011010110101111101011001101010
000000000000000000000000000000000000000001101100010000000001011100111000000001110011000011000101001100001111
000000000000000000000000000000000000000000000000000000000000000000000000000000000000000000000000000000000000
000000000000000000000000000000000000000000000000000000000000000000000000000000000000000000000000000000000000
000101101001111001000011000101111110111110110101100101111100101110101010000101100101100110000100011011111100
000000000000000000000000000000000000000101111010000101111100111000101100000100011111001101000100100100110010
000000000000000000000000000000000000000000000000000000000000000000000000000000000000000000000000000000000000
000000000000000000000000000000000000000000000000000000000000000000000000000000000000000000000000000000000000
000010000011000010000100001010000011000001101010100011111010000011001110000011000000110111000011100010011010
000000000000000000000000000000000000000001000010011011000101001111101110000010011010000111000001101011101000
000000000000000000000000000000000000000000000000000000000000000000000000000000000000000000000000000000000000
000000000000000000000000000000000000000000000000000000000000000000000000000000000000000000000000000000000000
000110011111001101111111010111000010111011101001001110111100001110011000000100011011110111111100010100000101
000000000000000000000000000000000000000010101111110011000001001110100011111111101000111110111111010100000001
000000000000000000000000000000000000000000000000000000000000000000000000000000000000000000000000000000000000
000000000000000000000000000000000000000000000000000000000000000000000000000000000000000000000000000000000000
000001000101011011000001001000100001111101100000011001000010001001000011000101001010111001000100001001100000
000000000000000000000000000000000000111001011000010101000011001101110001000000011111010010111111100000000111
000000000000000000000000000000000000000000000000000000000000000000000000000000000000000000000000000000000000
000000000000000000000000000000000000000000000000000000000000000000000000000000000000000000000000000000000000
111111111101101001111011010011110001000100000000111110000101101000110111000000010100010011000101011011100000
000000000000000000000000000000000000000110011010101001000100011100010110000000111001111100000010001100101010
000000000000000000000000000000000000000000000000000000000000000000000000000000000000000000000000000000000000
000000000000000000000000000000000000000000000000000000000000000000000000000000000000000000000000000000000000
000110010001011101000100101111000100000101110010011110000110101100111110000001100110011001111101101001111111
000000000000000000000000000000000000000011001001011100111101011010001000111010001010101111111010111001011011
000000000000000000000000000000000000000000000000000000000000000000000000000000000000000000000000000000000000
000000000000000000000000000000000000000000000000000000000000000000000000000000000000000000000000000000000000
