111011001011000101000000000100100101000101101100000011111101001011001100000101001011001100000010110101111100
111001111100001010000101110110100101000011011101110011000011000110100001111101010111100011000010001100000000
111101110100001101000011001010011101111010010010010101000000000010101100111011011101101110111100110100100010
111111111110101000000101000101110010111111011011111001111001110001100110000010110011110110000011011000001010
111100101101101010000001111001001100111100110001001010000010010101001101111101000011001001000000101101011101
000001110100010110111101100010110010000001101011101100111100010001101110000001000100110100000010111011010000
111100010001110010111001101101110001111010100010100000000011011101000000000001111111001100111100110110110000
000000000010101100000100010101110101111100110010111110000100100101001001111111011011001100000101001011001100
111010010010101011000011100001110100111101000001011011000101111001011101000110010100101001111011100001101110
111011011001010000000110001001001100111010101000110100000000111001001100111011001110100110000101100111101010
111110010000111010111010100001110011000100000010000100000101000101111111111010001101010011000101101011000100
111001101011110011111100110101001001000011000000110111111100100001111111111001110110110110111010110111111101
000010101011110111000001001111101011000000011101101101111101110110110011111010100110100001000001010111010001
000110000000011001111100001100111001000011101110101110111101111010101110111001110110100101111010000111101000
000000110110010000000000111011001111111001110000100101111010001001100001111111100100000100111111100010101110
000010011011010110000000110011100000000010011110101101000011001000110000111011000010000000111110101101011110
000010111011001100111101010010110111111101001000111011000100010110101001111101001011111101000100101001101100
111010000111010100111010100010101010000000010010010010000011000101111010000100101111001100111011000111000111
111101111101000100000100100100100010000000001001100110000010111000001100111101011111011100111011100000101110
000110001110011001000011000100110011111001111001110100000110000111110101000001100111110010000001110001100001
111110110000001001111101111000110010000101001011000100000010101000101010111011110101101101111101100011111100
111101101110010010000100000000111010000100111101011010111110011011010010111101100110110000111001101110101001
111111001110100010111111001000010110111111001000100001000110100111100110111010101110000111111010111110100111
000110010011010001111111111000110101000010011001111011000000111000111101000110100001011010000100010101110101
111111111001000101000001001111111111000010011110001010111101010000101110111010100101011000000010001001101000
000010000110000010000110101001110011111111010010101001111001010110110100111111110001111100000101011100010001
111110011111000111111100101110101001000010010111110110000101111011100111000110101010010111000001111010100110
111100100101100000000010001100011110111101010000001110111100111110010011111111011110000101000101110010110001
000110001010111000000100110001100100000011000000010000111110010001101111111011101000011100000101001010101101
111100101000111010111011110000010011111001010100001111111110000100111100111110000110111010000000110001000001
000100110001101111000010100100101000111010010000001011111011001110001000000001111101001101111110110100110110
000010100111100011000011001110111110111111011111101101000000011100011010111101110111110110000100011011001001
111101011111110010000010101111111011000010010001011011111100011100000010000000110001000000111100000010001010
111011100111100001000011000110001110000110000001101011111011110010000110000010011011001010111010000100110010
000101100011110001111011011110101001000100110100010001111100101001001110000100010110000010000010110010000000
000010001000010111111111110010011010000100100000111111000000110111011000111110001100000100111010110001011001
111110101101001011111100100111001110111001110001101101000101101100111111111011000001011000000101011000001010
111111100111100101000010010010011101000010001101101001000001100101001001111110111001001011000010010011110100
111011010010001110111001011110000111000001111111100110111111100011100000000000111011000010000100010111111100
111011001101100101000110011100001111000000010101011110111111110101010001111101011011100000000011011000101010
000000000000000000000000000000000000000000000000000000000000000000000000000000000000000000000000000000000000
000000000000000000000000000000000000000000000000000000000000000000000000000000000000000000000000000000000000
000000000000000000000000000000000000000000000000000000000000000000000000000000000000000000000000000000000000
000000000000000000000000000000000000000000000000000000000000000000000000000000000000000000000000000000000000
000000000000000000000000000000000000000000000000000000000000000000000000000000000000000000000000000000000000
000000000000000000000000000000000000000000000000000000000000000000000000000000000000000000000000000000000000
000000000000000000000000000000000000000000000000000000000000000000000000000000000000000000000000000000000000
000000000000000000000000000000000000000000000000000000000000000000000000000000000000000000000000000000000000
000000000000000000000000000000000000000000000000000000000000000000000000000000000000000000000000000000000000
000000000000000000000000000000000000000000000000000000000000000000000000000000000000000000000000000000000000
000000000000000000000000000000000000000000000000000000000000000000000000000000000000000000000000000000000000
000000000000000000000000000000000000000000000000000000000000000000000000000000000000000000000000000000000000
000000000000000000000000000000000000000000000000000000000000000000000000000000000000000000000000000000000000
000000000000000000000000000000000000000000000000000000000000000000000000000000000000000000000000000000000000
000000000000000000000000000000000000000000000000000000000000000000000000000000000000000000000000000000000000
000000000000000000000000000000000000000000000000000000000000000000000000000000000000000000000000000000000000
000000000000000000000000000000000000000000000000000000000000000000000000000000000000000000000000000000000000
000000000000000000000000000000000000000000000000000000000000000000000000000000000000000000000000000000000000
000000000000000000000000000000000000000000000000000000000000000000000000000000000000000000000000000000000000
000000000000000000000000000000000000000000000000000000000000000000000000000000000000000000000000000000000000
000000000000000000000000000000000000000000000000000000000000000000000000000000000000000000000000000000000000
000000000000000000000000000000000000000000000000000000000000000000000000000000000000000000000000000000000000
000000000000000000000000000000000000000000000000000000000000000000000000000000000000000000000000000000000000
000000000000000000000000000000000000000000000000000000000000000000000000000000000000000000000000000000000000
000000000000000000000000000000000000000000000000000000000000000000000000000000000000000000000000000000000000
000000000000000000000000000000000000000000000000000000000000000000000000000000000000000000000000000000000000
000000000000000000000000000000000000000000000000000000000000000000000000000000000000000000000000000000000000
000000000000000000000000000000000000000000000000000000000000000000000000000000000000000000000000000000000000
000000000000000000000000000000000000000000000000000000000000000000000000000000000000000000000000000000000000
000000000000000000000000000000000000000000000000000000000000000000000000000000000000000000000000000000000000
000000000000000000000000000000000000000000000000000000000000000000000000000000000000000000000000000000000000
000000000000000000000000000000000000000000000000000000000000000000000000000000000000000000000000000000000000
000000000000000000000000000000000000000000000000000000000000000000000000000000000000000000000000000000000000
000000000000000000000000000000000000000000000000000000000000000000000000000000000000000000000000000000000000
000000000000000000000000000000000000000000000000000000000000000000000000000000000000000000000000000000000000
000000000000000000000000000000000000000000000000000000000000000000000000000000000000000000000000000000000000
000000000000000000000000000000000000000000000000000000000000000000000000000000000000000000000000000000000000
000000000000000000000000000000000000000000000000000000000000000000000000000000000000000000000000000000000000
000000000000000000000000000000000000000000000000000000000000000000000000000000000000000000000000000000000000
000000000000000000000000000000000000000000000000000000000000000000000000000000000000000000000000000000000000
000000000000000000000000000000000000000000000000000000000000000000000000000000000000000000000000000000000000
000000000000000000000000000000000000000000000000000000000000000000000000000000000000000000000000000000000000
000000000000000000000000000000000000000000000000000000000000000000000000000000000000000000000000000000000000
000000000000000000000000000000000000000000000000000000000000000000000000000000000000000000000000000000000000
000000000000000000000000000000000000000000000000000000000000000000000000000000000000000000000000000000000000
000000000000000000000000000000000000000000000000000000000000000000000000000000000000000000000000000000000000
000000000000000000000000000000000000000000000000000000000000000000000000000000000000000000000000000000000000
000000000000000000000000000000000000000000000000000000000000000000000000000000000000000000000000000000000000
000000000000000000000000000000000000000000000000000000000000000000000000000000000000000000000000000000000000
000000000000000000000000000000000000000000000000000000000000000000000000000000000000000000000000000000000000
000000000000000000000000000000000000000000000000000000000000000000000000000000000000000000000000000000000000
000000000000000000000000000000000000000000000000000000000000000000000000000000000000000000000000000000000000
000000000000000000000000000000000000000000000000000000000000000000000000000000000000000000000000000000000000
000000000000000000000000000000000000000000000000000000000000000000000000000000000000000000000000000000000000
000000000000000000000000000000000000000000000000000000000000000000000000000000000000000000000000000000000000
000000000000000000000000000000000000000000000000000000000000000000000000000000000000000000000000000000000000
