111100001110011011000011000101100011111111111011100111000100101111010011111011111011101111000101010000101000
111100110111110100000010000001101000001000000101001001111110100110011110000011011111110101000111110101001110
111100111100101111000110001000010000000100010011110111000001101111110100111111011101101011110111101011000101
111000110101110100000000100001100101000011101101011101000000111110000010000101000101010011000100000001011011
000100001101010001000101011100010010000110011000000111000000100101111110000010010100101100111100111100100000
111001100110110111111110100000101100000010000100111100000111111000101011111100101000001110000011001011110110
000100111100000101000101101101111011000111101001000101000100110101010100000100010110111000000101101101001101
000011000000000001000110001011000010111101110001111100000001010010101100111110000011110000000011001011100100
111000100111111000000110000101010001111101000101001111111001011011011110000011011111000110111001100110110100
111001111110011010000110010010101100111101111101010110110111110101100101111110010010101000111110011101100110
000011100011010101000100101100001000111010010100001100000011100110000010111000110001111000111111110110010000
000000001010101011111010011010110111000001010101010000111101001110111111111011011101000010000011101101111111
000100010010001110111000110100100011111010001001100111000100111101010111000000010111000111000101011010101100
000111111011100110000100101011110001111000101111011111111100000010001111000001101110100001000100100001001011
111011010110000110111010001000011100111110100010100011111010110000101000111110110011110000111111010111000001
111101000001000110111011000011101011111110100010100101000011001010111011000100101010100110111100000011010100
111001010000000011000101101010000011111100010100111100000011111000010011001000001101101001000110110000000110
111111011111011010111101001010000010000010111000101010000100011001001011111110110010011110001000010011011000
111000100011001010111100010001101101111101100111010101000110010101000010000011111001101111000111010000111101
000110000000011111111101001011100011000111000100001011000101011100101011000110001010100110000000001011010100
000000000000000000000000000000000000000000000000000000000000000000000000000000000000000000000000000000000000
000000000000000000000000000000000000000000000000000000000000000000000000000000000000000000000000000000000000
000000000000000000000000000000000000000000000000000000000000000000000000000000000000000000000000000000000000
000000000000000000000000000000000000000000000000000000000000000000000000000000000000000000000000000000000000
