-0.276488721370697
-0.05924977362155914
0.1589617282152176
-0.27446261048316956
-0.20435553789138794
-0.13145798444747925
-0.627570629119873
0.04514286294579506
-0.34569603204727173
-0.023690620437264442
0.13592392206192017
-0.0021602343767881393
0.3349370062351227
-0.18722641468048096
-0.31015145778656006
-0.06265817582607269
0.01986459270119667
0.2756659686565399
-0.1255856305360794
0.16000159084796906
0.1726507991552353
0.008864633738994598
-0.03273614123463631
-0.26010948419570923
0.23483258485794067
0.2646827697753906
-0.3727371096611023
-0.1593610942363739
-0.17876799404621124
-0.274629145860672
0.48828399181365967
-0.43097299337387085
0.2253493219614029
-0.6043971180915833
-0.25237029790878296
0.26357704401016235
0.12776120007038116
-0.0799693912267685
-0.1066279485821724
-0.23500025272369385
-0.1775406450033188
-0.366585373878479
0.16169792413711548
0.34673938155174255
-0.3105728328227997
-0.6131013035774231
-0.003621269715949893
-0.051930248737335205
-0.08272548764944077
0.10459636151790619
-0.058284688740968704
-0.06816138327121735
-0.5009938478469849
0.2542055547237396
0.255053848028183
0.19343841075897217
-0.03476586565375328
-0.7885875701904297
0.04054966941475868
0.4841786324977875
0.19322028756141663
-0.4060576260089874
-0.09546718001365662
-0.10430954396724701
0.0449032336473465
-0.2795981168746948
0.06720418483018875
0.05099360644817352
-0.1762240082025528
-0.4422629475593567
0.018818601965904236
-0.03770466148853302
0.08805353939533234
-0.09629132598638535
-0.3958964943885803
-0.3279206156730652
0.32839736342430115
0.05789262801408768
0.09307551383972168
0.060676902532577515
0.15661676228046417
0.003711429890245199
-0.054820649325847626
0.07367656379938126
-0.4056376814842224
0.17709039151668549
0.13897345960140228
-0.1421164572238922
-0.40770256519317627
0.3165571093559265
0.36632442474365234
-0.15679432451725006
-0.053797997534275055
0.10475920140743256
0.07358565181493759
0.2961956858634949
-0.400992751121521
-0.10550831258296967
-0.6103213429450989
-0.5474985837936401
-0.5160009860992432
-0.3574140667915344
-0.1024080142378807
-0.13218143582344055
-0.5346201658248901
-0.4626295268535614
-0.3934295177459717
0.12664172053337097
-0.37343630194664
-0.5099790096282959
-0.36846837401390076
-0.3390810191631317
0.05493994429707527
0.008005243726074696
-0.5449694991111755
-0.5309677720069885
0.23013019561767578
0.14564882218837738
-0.05854828283190727
-0.4706251621246338
0.2769944667816162
-0.011175994761288166
-0.27809134125709534
-0.3880983889102936
-0.06286392360925674
-0.5004675388336182
0.34716689586639404
-0.8711669445037842
-0.6784641742706299
0.12316440045833588
0.27256086468696594
-0.09772717952728271
-0.09864787012338638
0.18653927743434906
-0.26350831985473633
-0.2999449670314789
0.010495325550436974
-0.4102993905544281
-0.2552754580974579
0.13273705542087555
0.1505764126777649
-0.0932421088218689
-0.5085359215736389
-0.2689072787761688
0.1347941756248474
-0.015032768249511719
0.2768695056438446
-0.003466579131782055
-0.5099972486495972
-0.047278523445129395
-0.3636169135570526
0.13974440097808838
-0.4604245126247406
-0.17674404382705688
-0.5217174887657166
-0.541986346244812
0.2113306075334549
0.19591064751148224
-0.10273955762386322
-0.27538326382637024
0.3029092848300934
0.12006805092096329
0.26127105951309204
-0.17517521977424622
-0.03160542622208595
0.13128578662872314
0.09457603096961975
0.09354352951049805
-0.5210403800010681
0.09455209970474243
-0.014007835648953915
0.04716786369681358
0.05609673261642456
0.040210478007793427
-0.1722964644432068
-0.05668413266539574
-0.4144682288169861
-0.10077478736639023
-0.6195155382156372
0.25790873169898987
0.20597301423549652
-0.126730814576149
0.04514152184128761
0.04279698431491852
0.26091626286506653
-0.034187957644462585
0.12600351870059967
-0.28965333104133606
-0.6397659778594971
-0.5692206621170044
0.05646127462387085
-0.32796594500541687
0.28803786635398865
-0.013752919621765614
-0.4549105167388916
0.17528295516967773
0.2698100805282593
0.13113245368003845
-0.45541468262672424
-0.4407109022140503
-0.2151293009519577
-0.014947768300771713
0.15442515909671783
-0.06511074304580688
0.1046609878540039
-0.052240848541259766
-0.08983074873685837
0.20081937313079834
-0.21132898330688477
0.018059732392430305
0.1595042496919632
0.2304912805557251
-0.1929752677679062
-0.020350761711597443
0.07244573533535004
0.14590540528297424
-0.027075154706835747
0.08641087263822556
0.2875887453556061
-0.0430668368935585
0.07699596136808395
-0.03122078627347946
-0.14722293615341187
0.1618650108575821
-0.05510610342025757
-0.0225396566092968
-0.34412798285484314
-0.2958070933818817
-0.17307956516742706
0.2396705448627472
0.3151452839374542
-0.32168257236480713
-0.2611202895641327
-0.13977907598018646
-0.20840422809123993
0.056184325367212296
0.3130027651786804
0.06456878036260605
-0.21351467072963715
0.07882247120141983
-0.0396200567483902
-0.01758512295782566
-0.11786805838346481
0.34949278831481934
0.07617241889238358
-0.6186565160751343
-0.08133013546466827
0.010768681764602661
-0.02895955741405487
0.1572134643793106
0.01771085523068905
0.27260756492614746
-0.19055135548114777
-0.7364102005958557
-0.5897205471992493
-0.29910337924957275
-0.2164400964975357
-0.15193068981170654
0.14221122860908508
-0.4635162651538849
0.16014991700649261
-0.15133680403232574
-0.14923468232154846
0.07040008902549744
0.22214600443840027
-0.7667663097381592
-0.09251922369003296
0.21021349728107452
-0.047459740191698074
-0.14555144309997559
-0.19061504304409027
0.2776303291320801
0.0319804921746254
-0.18396562337875366
-0.464223712682724
-0.07674248516559601
-0.5983679294586182
0.2191573679447174
-0.29609689116477966
-0.25085335969924927
-0.06327439844608307
-0.1514127552509308
0.2508215010166168
0.17974765598773956
0.1344257891178131
-0.08511500805616379
0.09926687926054001
0.3365771174430847
-0.022582216188311577
-0.5479492545127869
-0.4829784631729126
0.219218447804451
0.008814916014671326
0.08719877898693085
0.26361045241355896
0.19985169172286987
-0.47327491641044617
-0.20740754902362823
-0.34022256731987
0.057329967617988586
0.2691787779331207
-0.45876821875572205
-0.018039705231785774
0.02170844003558159
0.2907181978225708
-0.035512130707502365
-0.48291879892349243
-0.28032782673835754
0.0843871533870697
-0.050624631345272064
-0.41139644384384155
-0.10234927386045456
0.08603592962026596
0.17833936214447021
0.21422821283340454
0.2295694500207901
-0.3297896087169647
-0.05104292556643486
0.333700567483902
0.07572893798351288
-0.6023454070091248
0.019426189363002777
0.01962328515946865
-0.13417454063892365
-0.12214093655347824
-0.5643959641456604
-0.6814756393432617
0.3637613356113434
0.23855198919773102
0.010427161119878292
0.07235357910394669
-0.46874895691871643
-0.5385270714759827
-0.03735645115375519
-0.25927138328552246
0.31737613677978516
-0.7491093277931213
0.1907297968864441
0.09450642019510269
-0.009017989970743656
-0.2892627716064453
0.14030559360980988
-0.10308261960744858
0.057811010628938675
-0.1343524008989334
0.1207951158285141
0.11373265087604523
0.16484101116657257
0.02607947774231434
-0.5205228924751282
0.2284957319498062
0.11104177683591843
0.35302966833114624
-0.10954495519399643
-0.14463752508163452
-0.07669984549283981
-0.06521683186292648
-0.8428771495819092
-0.5139434337615967
0.25034403800964355
-0.16590704023838043
-0.6056779026985168
-0.3708082139492035
-0.28686174750328064
-0.20152178406715393
-0.6279751062393188
0.18492189049720764
-0.2879403829574585
-0.052994970232248306
-0.11036577075719833
-0.08807926625013351
0.07603103667497635
-0.07057932764291763
0.0767052099108696
0.17800548672676086
-0.3286193907260895
-0.0797157883644104
0.11149977147579193
-0.20135776698589325
-0.09084317088127136
0.11498110741376877
0.2384672313928604
0.2066085934638977
0.15099652111530304
0.05271631479263306
0.07926321774721146
-0.01744023524224758
0.11846557259559631
-0.1355450451374054
0.020548876374959946
0.022552194073796272
0.19341342151165009
-0.0600796714425087
-0.6503620147705078
-0.5554341673851013
0.12577016651630402
-0.7472179532051086
-0.0127601008862257
-0.5369720458984375
0.30341464281082153
-0.1656481772661209
-0.15935122966766357
0.044933218508958817
0.20445439219474792
0.04085661098361015
-0.20891797542572021
0.01833675429224968
0.10306832194328308
-0.006871610414236784
-0.12120118737220764
0.03286316990852356
-0.37801414728164673
-0.04455217346549034
-0.02067016065120697
0.18487414717674255
-0.010362023487687111
0.13185161352157593
0.020505396649241447
-0.06342054903507233
0.17274875938892365
-0.08253607153892517
0.06664035469293594
0.1742982119321823
0.16007910668849945
-0.08309745788574219
-0.010427669622004032
-0.022001532837748528
0.06348481774330139
-0.05238880589604378
-0.123344786465168
0.09114079177379608
0.008173828013241291
-0.7236801385879517
-0.012380268424749374
-0.006279590539634228
-0.2723727226257324
0.2275264710187912
-0.0304771289229393
0.11712945997714996
0.22652502357959747
0.057001449167728424
0.09543702751398087
-0.07578189671039581
-0.3931664824485779
0.05677267909049988
-0.004284029360860586
0.11667319387197495
0.0513005256652832
0.06805773079395294
-0.1672811359167099
0.2172263264656067
-0.031103577464818954
-0.1318775713443756
-0.04934980720281601
-0.4289441406726837
-0.426285058259964
0.011097723618149757
0.04984058812260628
-0.05904397740960121
-0.5782068967819214
0.04073885828256607
0.010876666754484177
0.3268446922302246
-0.024815039709210396
0.2109137922525406
-0.46128779649734497
0.20606307685375214
0.2082332819700241
-0.03619394078850746
-0.036501891911029816
0.0742921307682991
-0.04064711183309555
0.0704471617937088
-0.04598907381296158
0.10724637657403946
-0.035431019961833954
-0.2700193524360657
-0.13686120510101318
0.1296388953924179
-0.00940838921815157
0.002527517033740878
0.10324689000844955
-0.30008465051651
0.14477676153182983
0.1352074146270752
-0.41460511088371277
-0.02121596597135067
-0.11718405783176422
-0.14630500972270966
-0.4060468375682831
-0.4419022798538208
0.10139993578195572
0.04864785820245743
0.12072383612394333
-0.3199304938316345
-0.34072214365005493
-0.357430636882782
-0.15259124338626862
0.1758873164653778
-0.08743660151958466
0.0962219387292862
0.2759639322757721
0.17851006984710693
-0.08018337190151215
0.1951226145029068
-0.06118568405508995
-0.027937965467572212
-0.20179949700832367
-0.21419088542461395
0.17571446299552917
0.013837331905961037
0.043657515197992325
-0.2715159058570862
-0.09239215403795242
-0.07566018402576447
-0.04902248457074165
-0.19438683986663818
-0.21112018823623657
-0.0932147428393364
0.2011413723230362
-0.1464821845293045
0.09218519926071167
0.16561950743198395
-0.08908447623252869
-0.2553742229938507
0.1301211416721344
-0.5378603935241699
-0.014403934590518475
0.10533758997917175
-0.21702325344085693
-0.3178768455982208
-0.569204568862915
0.035206377506256104
-0.1564660668373108
0.1350720077753067
0.020687591284513474
0.17261047661304474
0.056425295770168304
-0.10113620012998581
-0.3430905342102051
-0.128204807639122
-0.003741705557331443
-0.004094497766345739
-0.18060807883739471
0.13313889503479004
0.08633749186992645
-0.6398937106132507
0.18013663589954376
-0.3177354633808136
-0.11508021503686905
0.02782590314745903
-0.1970759928226471
-0.7116631865501404
0.006658237427473068
-0.02017591893672943
-0.10218630731105804
-0.08116427063941956
-0.09691424667835236
0.21514597535133362
-0.03511795401573181
-0.21106643974781036
0.19851043820381165
0.03512122109532356
0.12547534704208374
-0.20683781802654266
0.04148782789707184
0.07730212062597275
0.08892446011304855
-0.04689999669790268
0.10412031412124634
0.2590445876121521
-0.1908237785100937
-0.02053740620613098
-0.06735986471176147
0.19496677815914154
0.22938266396522522
0.0008886830764822662
-0.17132799327373505
-0.05754499137401581
-0.09799227863550186
-0.10956946760416031
0.07256276905536652
-0.15476949512958527
-0.41828015446662903
-0.5907379388809204
-0.6492325663566589
-0.6342673301696777
0.16598960757255554
-0.2169567197561264
0.17924393713474274
0.04869557544589043
-0.059127721935510635
-0.03238104656338692
0.1890970766544342
0.12591344118118286
-0.12217464298009872
-0.4213593900203705
0.07129330188035965
0.16583159565925598
-0.5771448016166687
-0.15644244849681854
0.020944146439433098
-0.21569624543190002
-0.08857867121696472
0.10234670341014862
-0.021654829382896423
-0.010717122815549374
0.1032416820526123
0.22498296201229095
0.06449953466653824
-0.079128697514534
0.22042663395404816
-0.2568401098251343
0.08706075698137283
0.15226230025291443
-0.2563960552215576
0.06705554574728012
0.05516742914915085
-0.13059759140014648
-0.2767042815685272
-0.3077700138092041
-0.1300646811723709
-0.04423007369041443
-0.3207316994667053
0.21643300354480743
-0.18233522772789001
0.3337015211582184
0.21485058963298798
0.16859965026378632
0.1740618646144867
-0.15382260084152222
0.2490975707769394
-0.12092213332653046
-0.012870990671217442
-0.030244166031479836
0.030330520123243332
-0.40549880266189575
0.23845797777175903
0.06447988003492355
0.2689700722694397
0.012916132807731628
-0.11205080896615982
-0.16169379651546478
-0.47414538264274597
-0.004522606264799833
0.38283100724220276
-0.08455963432788849
0.060586992651224136
0.06137645244598389
-0.19910795986652374
-0.006065423600375652
0.09729760140180588
-0.1193685308098793
-0.048533834517002106
-0.46623724699020386
-0.3000122010707855
0.030147917568683624
-0.023328902199864388
-0.09740008413791656
-0.3436218500137329
-0.5366575717926025
0.23957708477973938
-0.21342810988426208
0.013551965355873108
0.10621853172779083
0.07769607752561569
-0.1277286559343338
-0.24147044122219086
0.18411435186862946
0.3728969693183899
0.2560632824897766
0.1589215099811554
0.12738613784313202
0.18449272215366364
0.12491610646247864
0.2532820403575897
-0.5659498572349548
-0.10340055823326111
0.09427203983068466
0.18323995172977448
-0.648781418800354
-0.0020387470722198486
0.06801994889974594
-0.1722087413072586
-0.057785764336586
-0.35619214177131653
-0.06851296126842499
-0.29439812898635864
0.1862584352493286
-0.18310217559337616
-0.13118958473205566
-0.6259161233901978
0.19888915121555328
-0.34668290615081787
-0.12922607362270355
-0.24168793857097626
0.13874422013759613
0.11571113020181656
0.12288542091846466
0.1363610476255417
-0.02446293644607067
-0.1451416313648224
0.01660907082259655
0.2091846764087677
0.056433286517858505
0.11003590375185013
0.19251342117786407
0.1473013311624527
0.27925577759742737
0.1772233098745346
0.13827554881572723
0.008267486467957497
-0.0915423259139061
0.3045674264431
0.1827235072851181
-0.09801461547613144
-0.006698339246213436
0.09876354783773422
-0.8038174510002136
-0.0537237673997879
-0.2337414026260376
-0.6829236149787903
-0.10159621387720108
0.1890302300453186
0.19622807204723358
0.19319121539592743
-0.4831361174583435
0.05943683534860611
0.0590849407017231
0.13604281842708588
-0.41533005237579346
0.30640363693237305
0.23822274804115295
-0.019166365265846252
-0.06667926162481308
-0.23506253957748413
-0.18159598112106323
-0.1540355533361435
0.08074863255023956
-0.635633647441864
0.2519570589065552
0.12219785898923874
0.04558248817920685
0.1625646948814392
0.007488236762583256
-0.664002537727356
-0.02483782358467579
0.027725571766495705
0.18102988600730896
0.15460330247879028
-0.08744004368782043
-0.4543696641921997
-0.23937614262104034
-0.09387154877185822
0.22481976449489594
0.028351403772830963
0.17618897557258606
0.3292207419872284
0.11042578518390656
0.1663181185722351
-0.1450253278017044
-0.03504307568073273
0.02376606874167919
0.17119838297367096
-0.09171726554632187
0.19855181872844696
-0.6796648502349854
0.03991042077541351
0.09622444957494736
-0.2721725404262543
-0.5503777265548706
-0.030384492129087448
0.15343031287193298
0.024368757382035255
-0.14493538439273834
-0.40037426352500916
0.05591214448213577
-0.03730526939034462
0.15915891528129578
-0.608983039855957
-0.04009668901562691
-0.16035063564777374
-0.43363669514656067
-0.335277795791626
-0.7494370341300964
0.149952694773674
0.08170894533395767
-0.017689252272248268
0.19738495349884033
0.11743209511041641
-0.13238564133644104
0.07312455028295517
-0.5376803278923035
-0.039765894412994385
-0.02088145725429058
-0.06787542998790741
-0.44644221663475037
-0.5726674795150757
0.14545808732509613
-0.5438533425331116
-0.16759341955184937
-0.07542434334754944
-0.2192908078432083
0.14211703836917877
-0.045448414981365204
0.055669546127319336
-0.056939929723739624
0.06623373925685883
0.1607469618320465
0.04848737269639969
-0.13587456941604614
0.20460614562034607
0.08610434830188751
0.0035893875174224377
0.18614357709884644
0.07740553468465805
-0.22799640893936157
0.07190577685832977
0.06996110826730728
-0.3222402036190033
-0.7893729209899902
-0.010637568309903145
-0.05753043666481972
-0.21747127175331116
0.16118119657039642
0.006892797537147999
0.11128700524568558
-0.06794430315494537
0.29960837960243225
0.016502609476447105
-0.2243175059556961
0.15415534377098083
-0.033020902425050735
-0.17337365448474884
0.003127223113551736
-0.35761699080467224
-0.03870392218232155
0.081045001745224
0.15147091448307037
0.1929359883069992
0.17184719443321228
0.03529459983110428
-0.12560631334781647
-0.34135472774505615
-0.020582284778356552
0.17301619052886963
0.05772331357002258
-0.2342877984046936
0.1366976946592331
-0.27434706687927246
0.010668177157640457
-0.2734459340572357
0.2499946504831314
0.1055138111114502
-0.5311954617500305
-0.36325380206108093
-0.17954395711421967
0.2688542604446411
-0.14434131979942322
-0.3394460082054138
0.07315563410520554
0.22613008320331573
-0.05683644115924835
-0.015384631231427193
0.12140689045190811
0.22949761152267456
0.01143385749310255
-0.17972199618816376
-0.09696557372808456
-0.3126342296600342
-0.0705072358250618
-0.5258480310440063
-0.05483477935194969
0.22399793565273285
0.052281420677900314
-0.05463317409157753
0.051537446677684784
0.009706206619739532
-0.1798943132162094
-0.13016821444034576
-0.6770287156105042
-0.01802995055913925
-0.054659731686115265
-0.39645645022392273
-0.024892350658774376
-0.3665836751461029
-0.127077117562294
-0.03795090690255165
0.18999584019184113
-0.026997504755854607
-0.10307738184928894
0.06963979452848434
-0.33025550842285156
0.0029526990838348866
0.1187019795179367
-0.08536773920059204
0.19158931076526642
-0.18609768152236938
0.2318032681941986
0.14779901504516602
-0.07229450345039368
0.2923128306865692
0.05047576129436493
0.026403356343507767
0.20513346791267395
0.23407378792762756
0.15833164751529694
-0.008838066831231117
0.17635375261306763
-0.3400627672672272
0.21511335670948029
0.275941401720047
0.016560424119234085
0.10359739512205124
0.03898683190345764
0.18597590923309326
0.04979056492447853
0.06793957948684692
0.12622910737991333
0.08224061131477356
0.04425710439682007
-0.6917557120323181
0.09345881640911102
0.08143745362758636
0.3026130497455597
-0.1212669163942337
-0.4214094877243042
-0.012911912053823471
-0.16839583218097687
-0.26472771167755127
-0.13427084684371948
0.2199265956878662
0.05895405635237694
-0.39808768033981323
0.12416718155145645
-0.01204927358776331
-0.03679081052541733
-0.4267616868019104
0.25654593110084534
-0.6613600254058838
-0.11241230368614197
0.28799888491630554
0.030686991289258003
-0.012371241115033627
0.014126217924058437
-0.6866792440414429
-0.6554611921310425
-0.09378346800804138
0.2398664355278015
0.17251969873905182
-0.035766564309597015
-0.004829763434827328
-0.30885785818099976
0.20181989669799805
0.11853931099176407
0.30479204654693604
-0.7294555306434631
-0.08704928308725357
0.1098487451672554
-0.5015549659729004
-0.4666866064071655
0.05009036138653755
-0.19757644832134247
-0.06297003477811813
0.3105751872062683
-0.2150486707687378
-0.20214039087295532
-0.47764599323272705
0.2704732120037079
-0.18314336240291595
0.01904367469251156
-0.14300569891929626
-0.17268991470336914
0.004765909630805254
-0.5857756733894348
0.3468267619609833
0.2932913303375244
0.0047674886882305145
0.30570483207702637
-0.21459455788135529
-0.8734662532806396
-0.5270653963088989
-0.3245016038417816
-0.2928040027618408
-0.7151544690132141
-0.0702894851565361
-0.5582709312438965
0.06992192566394806
0.3934237062931061
-0.011896326206624508
-0.15756243467330933
0.14084872603416443
-0.5332794785499573
-0.018502652645111084
-0.05300305783748627
-0.36852335929870605
-0.41900694370269775
-0.5082470774650574
0.02259678579866886
-0.02517368085682392
-0.13622909784317017
0.1961604803800583
-0.08479773253202438
0.10316304117441177
0.09223370254039764
0.05776999518275261
0.1771451085805893
0.10546301305294037
0.07244591414928436
0.05984950065612793
-0.13057366013526917
0.0812271386384964
-0.1553284376859665
-0.03903932496905327
-0.021609744057059288
-0.025197621434926987
-0.0003623791562858969
0.05911964923143387
-0.16108770668506622
-0.42813241481781006
-0.2847128212451935
0.07233083993196487
-0.15653258562088013
0.11546479910612106
-0.19376185536384583
-0.10390229523181915
-0.10742534697055817
0.17084459960460663
0.17476941645145416
0.1262878179550171
-0.33493679761886597
0.15808570384979248
0.21856345236301422
0.10626164078712463
0.13712403178215027
-0.274065762758255
-0.3875555992126465
-0.011945050209760666
-0.053529735654592514
0.012075603008270264
0.24143651127815247
0.23460255563259125
0.012906660325825214
-0.19455161690711975
0.2137780636548996
0.06147497147321701
-0.20629040896892548
-0.03177284821867943
-0.014007143676280975
-0.10700075328350067
0.11248023062944412
0.08427745848894119
0.2502245604991913
0.06178811565041542
-0.39606907963752747
-0.41789332032203674
0.033018242567777634
0.3170127868652344
0.023838957771658897
-0.057544589042663574
-0.4187919497489929
0.08809730410575867
0.24020539224147797
0.14053025841712952
-0.2738357186317444
0.20551785826683044
-0.3442484140396118
-0.30756959319114685
0.19579865038394928
0.11899334192276001
-0.10070313513278961
-0.24974128603935242
-0.13108985126018524
-0.07312456518411636
0.21530619263648987
0.19248953461647034
0.007969512604176998
-0.23023201525211334
-0.7662447690963745
-0.5403581857681274
0.17805154621601105
0.013236556202173233
-0.5419538021087646
-0.2769523859024048
-0.09461864829063416
-0.3950851857662201
0.07653846591711044
-0.18513697385787964
0.04216533526778221
0.07694311439990997
-0.1261974275112152
0.11869009584188461
-0.03192354738712311
-0.34479281306266785
0.12190055847167969
-0.2922450006008148
0.14692415297031403
-0.05309874936938286
-0.010792356915771961
0.2195805311203003
-0.05612718686461449
-0.10269409418106079
0.05872726812958717
-0.0398244671523571
-0.08077400177717209
0.04956981912255287
0.061066560447216034
-0.18989723920822144
0.02326272986829281
0.14342282712459564
0.05050313472747803
0.16897384822368622
-0.019567539915442467
-0.6857482194900513
-0.011823621578514576
0.1406739056110382
-0.11207985877990723
-0.09294962137937546
-0.11233527213335037
0.05582984909415245
-0.6276763081550598
0.027442697435617447
0.08164944499731064
0.20543596148490906
0.10407787561416626
0.10976484417915344
-0.3894311785697937
0.11750833690166473
-0.04817688837647438
-0.2123700976371765
0.036964695900678635
0.11365397274494171
-0.07496390491724014
0.16550883650779724
0.1457585245370865
0.03689410910010338
0.18832477927207947
0.05607958883047104
-0.2635250389575958
0.009063908830285072
0.03625287860631943
-0.012903403490781784
0.01754501461982727
-0.02160562388598919
-0.08305298537015915
-0.022567907348275185
-0.5999001860618591
0.09953571110963821
-0.11507269740104675
-0.06646548956632614
0.12511107325553894
-0.0048856246285140514
-0.1628420054912567
0.15543772280216217
-0.17073941230773926
0.09437773376703262
0.08747904747724533
0.05673288181424141
-0.1061643585562706
-0.09155585616827011
-0.044342730194330215
0.08125220239162445
0.15721453726291656
-0.10654338449239731
0.12400897592306137
-0.039363451302051544
-0.6159790754318237
0.04052823781967163
0.0016035855514928699
0.08472906798124313
-0.5670318603515625
-0.2986980676651001
0.04106512665748596
0.0011521875858306885
-0.6071339845657349
-0.011960449628531933
0.020494280382990837
0.044115614145994186
0.12896835803985596
0.18963634967803955
0.08349358290433884
-0.1836485117673874
-0.012024986557662487
-0.005825478583574295
-0.21656183898448944
0.09335438907146454
0.20525546371936798
-0.04096014425158501
-0.0013971732696518302
-0.23301325738430023
-0.08575093746185303
0.07754335552453995
-0.5471718311309814
-0.00697223050519824
0.012813100591301918
0.1010112464427948
-0.40082743763923645
-0.5197173953056335
0.025294678285717964
0.04253644496202469
-0.08976028859615326
0.13383863866329193
-0.182187020778656
-0.25059518218040466
0.020854085683822632
0.0771958976984024
0.31432053446769714
-0.02440348081290722
0.11168011277914047
0.0870504155755043
-0.10471907258033752
-0.08299286663532257
-0.14212606847286224
0.138719841837883
-0.03664131090044975
0.06438707560300827
-0.1721997708082199
-0.17084728181362152
-0.12564726173877716
0.17557580769062042
-0.02217528223991394
0.1021672710776329
0.04601231589913368
0.18894439935684204
-0.3299737274646759
-0.10410242527723312
0.22035059332847595
0.027485545724630356
-0.3125562071800232
-0.07261872291564941
-0.12850812077522278
-0.1513988971710205
0.2874471843242645
0.22378933429718018
-0.0650610476732254
0.06778005510568619
-0.08841075003147125
0.02882089838385582
-0.09453511983156204
-0.37326592206954956
-0.1065075695514679
0.17521092295646667
0.04187469556927681
0.00310689490288496
0.10635141283273697
-0.20765933394432068
0.014877339825034142
0.09132591634988785
-0.12909406423568726
0.28461846709251404
-0.06669721752405167
0.061509307473897934
0.13310377299785614
-0.21161788702011108
-0.47706544399261475
-0.041560642421245575
0.12974654138088226
-0.05942446365952492
0.03644685074687004
-0.21252202987670898
0.1253838986158371
0.0018082500901073217
-0.13682398200035095
-0.0013222179841250181
-0.2843721807003021
0.2800692915916443
-0.02829991839826107
0.050124652683734894
0.16711245477199554
-0.1524370312690735
0.0861373320221901
0.037822458893060684
-0.12705875933170319
0.06393145769834518
-0.023483067750930786
-0.08308877795934677
-0.14585678279399872
-0.2012062966823578
0.12535972893238068
0.12514951825141907
-0.2446514070034027
0.06160036101937294
0.3150046169757843
0.24300625920295715
0.21065913140773773
0.17051517963409424
0.05306277796626091
0.030575305223464966
-0.29533395171165466
0.11473103612661362
-0.013805512338876724
0.08942379057407379
0.12718716263771057
0.006793677806854248
-0.2947878837585449
-0.21398986876010895
-0.44388216733932495
0.2296232283115387
-0.32085686922073364
-0.14390474557876587
-0.01597863994538784
-0.05883960798382759
-0.03656364977359772
0.12958015501499176
-0.10137303173542023
-0.28515100479125977
-0.07071555405855179
-0.0760255679488182
-0.35532188415527344
0.3293866813182831
-0.513566792011261
-0.5527990460395813
-0.22194159030914307
-0.23149946331977844
-0.002831392688676715
-0.058428626507520676
-0.052078232169151306
-0.05113177374005318
-0.39777126908302307
-0.16801048815250397
0.1907610297203064
0.05489698797464371
0.047795794904232025
-0.048491738736629486
0.07310280948877335
-0.03970800340175629
0.09167539328336716
-0.19765500724315643
0.19010260701179504
0.07991167902946472
-0.020682625472545624
0.030102409422397614
-0.09056475758552551
-0.07992339134216309
0.1399974226951599
0.0262150838971138
0.02492637187242508
-0.019963834434747696
-0.7340955138206482
0.16603708267211914
0.1376245766878128
-0.3208373785018921
0.19407416880130768
-0.08468431234359741
-0.20758408308029175
0.1757517009973526
0.01913543976843357
0.17718994617462158
-0.317807137966156
-0.5386931896209717
0.05282684788107872
-0.10045754909515381
0.09680656343698502
-0.31600478291511536
0.1466633379459381
0.15647581219673157
-0.716830313205719
-0.07330325245857239
-0.2828029692173004
0.10028457641601562
0.09411710500717163
-0.20423480868339539
-0.22955280542373657
0.30222874879837036
-0.31952425837516785
0.07318049669265747
-0.22915200889110565
-0.2739485800266266
-0.014866030775010586
0.059144701808691025
0.1689847856760025
0.30567610263824463
0.11774303019046783
-0.10280948877334595
0.04758657515048981
0.052193980664014816
-0.06890971213579178
-0.001856982707977295
-0.31502315402030945
-0.049060843884944916
0.035484444350004196
0.34153279662132263
-0.12602095305919647
-0.07936452329158783
0.12468858808279037
0.11887113004922867
-0.19146917760372162
0.0855049416422844
-0.18937090039253235
0.12179801613092422
0.08213011920452118
-0.4629298150539398
0.2258654683828354
0.19887925684452057
0.25076305866241455
-0.1067235916852951
0.17726728320121765
0.25258374214172363
-0.028786053881049156
-0.0036417683586478233
0.015882063657045364
0.26696711778640747
-0.06796175986528397
0.012036151252686977
-4.199878094368614e-05
0.1272491216659546
-0.08862225711345673
-0.17440082132816315
-0.08049090206623077
-0.08004552870988846
0.033410005271434784
-0.22022375464439392
-0.24193207919597626
0.11769421398639679
-0.29831433296203613
0.2854172885417938
0.055417660623788834
-0.366916686296463
-0.02460668794810772
0.3194551169872284
-0.1387157440185547
-0.15900090336799622
0.06395351141691208
-0.04341285303235054
-0.07999391108751297
0.06715104728937149
0.12013544887304306
-0.32808247208595276
-0.24051018059253693
-0.19082461297512054
-0.25355780124664307
-0.10298895835876465
0.1256386935710907
0.19053688645362854
0.20630203187465668
-0.16577279567718506
-0.031177377328276634
-0.14705538749694824
-0.07265747338533401
-0.1429613083600998
-0.10295391082763672
0.14524802565574646
0.19556453824043274
0.1393980085849762
-0.3397122919559479
-0.20239749550819397
0.16889166831970215
0.08902489393949509
-0.11137519776821136
0.061226703226566315
-0.22548477351665497
-0.1994650959968567
0.07229793816804886
-0.04834397882223129
0.16539974510669708
-0.023167653009295464
0.18678051233291626
-0.4811200499534607
0.08861000090837479
0.0967024490237236
-0.17146320641040802
-0.3276069462299347
-0.03508680313825607
0.013272672891616821
-0.5910376906394958
0.25091078877449036
0.12787780165672302
0.1503116637468338
-0.0634736567735672
-0.4689390957355499
-0.08831340074539185
-0.5325945615768433
0.025706561282277107
-0.2418678104877472
0.061788249760866165
-0.4643993377685547
-0.00011625266051851213
0.10689642280340195
0.28347620368003845
-0.020635534077882767
-0.04789813980460167
-0.08476348221302032
-0.052066244184970856
-0.13247668743133545
-0.2003500759601593
0.029813116416335106
0.0020967547316104174
0.1264456957578659
-0.4880625903606415
-0.05372707545757294
-0.08712740242481232
-0.08133788406848907
0.09205126017332077
0.25205662846565247
0.014887725003063679
-0.01927177421748638
-0.3528103828430176
0.08090747147798538
0.16878080368041992
-0.22547447681427002
0.11942488700151443
-0.10399959236383438
-0.17799150943756104
0.12945742905139923
-0.3597745895385742
-0.18191702663898468
-0.4095444977283478
0.10853258520364761
-0.24222591519355774
-0.5115312933921814
-0.33700743317604065
0.0011710604885593057
0.24222391843795776
0.08078526705503464
-0.17859040200710297
-0.3548566699028015
0.1368463784456253
0.1028018444776535
0.14514602720737457
-0.28856733441352844
0.12422594428062439
0.32529914379119873
0.048228003084659576
-0.12768962979316711
-0.36670151352882385
-0.4397563338279724
-0.0638052448630333
-0.039801862090826035
-0.2618250846862793
-0.0042489091865718365
0.26991018652915955
-0.4847680926322937
0.14857082068920135
-0.5301163196563721
-0.04132303595542908
-0.17694152891635895
-0.022428764030337334
0.020345818251371384
0.08891189843416214
0.23357897996902466
-0.5090084671974182
-0.12500278651714325
-0.07758823037147522
0.2701750099658966
-0.13602185249328613
0.17274999618530273
0.07109862565994263
-0.3041944205760956
-0.29279348254203796
0.08427593111991882
-0.08054187893867493
0.1511874794960022
0.18456928431987762
0.0864754319190979
-0.031238911673426628
-0.8260194659233093
-0.14211291074752808
0.1354665607213974
0.005112893879413605
0.08477171510457993
-0.1862376630306244
-0.4896025061607361
-0.07440350949764252
0.2001592516899109
0.06899130344390869
-0.1986059546470642
0.18210099637508392
0.2939227819442749
-0.5256326198577881
0.05756717175245285
-0.07159756869077682
-0.0861242264509201
-0.34777510166168213
0.0843663364648819
0.32552099227905273
-0.09437422454357147
0.10089350491762161
-0.0034400918520987034
-0.10601238161325455
-0.114260733127594
-0.17885398864746094
-0.22810682654380798
-0.01579459384083748
0.056382112205028534
-0.08252625167369843
0.1524374932050705
0.06885747611522675
-0.23076166212558746
-0.5180442333221436
0.005617068614810705
0.02184753492474556
-0.28661680221557617
-0.11350080370903015
-0.23166842758655548
-0.4410105049610138
0.03736286610364914
6.578247848665342e-05
-0.021076470613479614
-0.30680379271507263
-0.28655970096588135
0.06023723632097244
0.09463099390268326
-0.06980349123477936
-0.23353227972984314
0.09351953119039536
0.10845517367124557
-0.14334040880203247
-0.05222804471850395
-0.45217645168304443
-0.01142621785402298
0.05042814463376999
0.030634868890047073
0.04428995028138161
-0.26557064056396484
-0.03168797492980957
-0.5599284768104553
0.09045501053333282
-0.33323007822036743
0.15569135546684265
-0.3740167021751404
0.39992550015449524
-0.06678644567728043
0.05071104317903519
-0.005033713299781084
-0.12032569944858551
0.11450187116861343
-0.16411586105823517
0.02467624843120575
-0.3287022113800049
-0.04949355870485306
-0.18987013399600983
-0.3793913722038269
0.06646541506052017
0.08458288013935089
0.31282180547714233
0.04747602343559265
0.03443064168095589
-0.35207176208496094
-0.28784096240997314
-0.14330804347991943
-0.4487398564815521
-0.24341173470020294
0.11521412432193756
0.04990692436695099
0.03881973773241043
-0.3844442665576935
0.10089652985334396
-0.30263128876686096
0.020123401656746864
-0.10088936239480972
-0.07942624390125275
0.03138576075434685
-0.17983485758304596
-0.6233510971069336
-0.04235079884529114
0.16454648971557617
-0.06521788984537125
-0.6030694246292114
-0.022318875417113304
-0.11638464033603668
0.03415370360016823
-0.44516563415527344
0.04039463773369789
0.04611162096261978
-0.5268884301185608
0.012148484587669373
0.1087496355175972
-0.11905726790428162
-0.16359959542751312
-0.4078933298587799
0.09746658802032471
0.1619676947593689
0.09771542251110077
0.030664684250950813
-0.5139740705490112
-0.3516332507133484
-0.002560826251283288
0.16725578904151917
-0.1760122925043106
0.06477547436952591
0.09067675471305847
-0.5019808411598206
0.06304267048835754
0.09386268258094788
0.04221872612833977
-0.08766411244869232
-0.05701472610235214
-0.09539075940847397
-0.4683465361595154
0.025540083646774292
0.014148569665849209
-0.19382674992084503
-0.015554460696876049
-0.12389258295297623
-0.003027146216481924
0.10908941179513931
-0.3514048457145691
0.1893751621246338
-0.48055943846702576
-0.3814443051815033
-0.20008854568004608
-0.3574869930744171
-0.08264002948999405
-0.7043792605400085
-0.06154235824942589
0.06767671555280685
-0.37686511874198914
0.05943581089377403
-0.04273828864097595
-0.5324354767799377
-0.41071903705596924
-0.3468156158924103
0.03441028669476509
-0.24252760410308838
-0.03354213759303093
-0.24223659932613373
-0.10894298553466797
0.16814234852790833
0.14551331102848053
-0.05246639996767044
-0.05232354998588562
-0.062117017805576324
-0.6491891741752625
-0.4282088577747345
-0.3665841817855835
-0.35491064190864563
-0.06121201440691948
-0.17175215482711792
-0.6150867342948914
0.19901634752750397
-0.5000970959663391
-0.2545378804206848
-0.5093642473220825
0.10397546738386154
-0.5352472066879272
-0.3028813898563385
-0.01170375570654869
0.027075137943029404
0.047301601618528366
0.041241489350795746
-0.17067492008209229
-0.10924836248159409
0.015278790146112442
-0.44584715366363525
0.25535279512405396
-0.058563753962516785
-0.252172589302063
-0.2027118057012558
-0.3758123815059662
-0.3708558976650238
-0.03693616762757301
0.0824924111366272
0.18775621056556702
-0.18891851603984833
-0.4521392285823822
-0.6184960603713989
-0.10570366680622101
-0.6152192950248718
-0.03952654078602791
-0.1762174367904663
0.13552862405776978
-0.5063554644584656
-0.09192517399787903
-0.3342694342136383
-0.5083622932434082
0.14622901380062103
0.2108997255563736
-0.014246027916669846
-0.42314550280570984
-0.18208955228328705
0.14489762485027313
-0.16939879953861237
-0.34797143936157227
0.013066999614238739
-0.03682719171047211
-0.5704171061515808
-0.5572276711463928
0.1298813372850418
-0.561219334602356
-0.5207989811897278
0.029377669095993042
0.21634389460086823
0.20725950598716736
0.07674584537744522
-0.16576525568962097
-0.6373439431190491
0.023163724690675735
-0.34719014167785645
0.014867071993649006
-0.45675140619277954
-0.22409839928150177
-0.25671452283859253
-0.07556065171957016
-0.003924806136637926
-0.3113708198070526
-0.15350674092769623
-0.0016109914286062121
0.04701023921370506
-0.34554198384284973
0.2831176817417145
0.3127354681491852
-0.31616848707199097
-0.19023838639259338
-0.06385841965675354
-0.5929375290870667
-0.07995341718196869
-0.2964787781238556
-0.23095619678497314
-0.2505631744861603
-0.21591365337371826
0.20631000399589539
-0.3654731512069702
0.06125951185822487
-0.18512603640556335
-0.28693610429763794
-0.4449084401130676
-0.10093329101800919
-0.4009324610233307
-0.09386064112186432
-0.2611108720302582
-0.0273435115814209
0.11062805354595184
0.16331109404563904
-0.08222594857215881
-0.21278277039527893
0.06899455934762955
-0.14909543097019196
0.2727740406990051
-0.09430848062038422
-0.24893397092819214
-0.024205250665545464
-0.22701410949230194
0.036922942847013474
0.04780288413167
-0.060297030955553055
0.0713118389248848
0.09801042824983597
0.11380776017904282
0.009235909208655357
-0.16747720539569855
-0.06985840946435928
-0.25159910321235657
-0.06670646369457245
-0.2170252799987793
-0.058069005608558655
-0.25442081689834595
-0.2018129825592041
0.12294153869152069
-0.007386437151581049
-0.023719623684883118
0.015365345403552055
-0.31043243408203125
-0.11991891264915466
0.2620471119880676
-0.07792048156261444
0.006367042660713196
-0.020177243277430534
-0.6917106509208679
-0.2310851365327835
0.09788712114095688
-0.09063933789730072
-0.2665318548679352
-0.6686654686927795
-0.35334181785583496
-0.09671088308095932
-0.23368793725967407
-0.628021776676178
-0.5263954401016235
-0.3137687146663666
-0.24516676366329193
-0.6473773717880249
-0.06864728033542633
-0.2428044229745865
-0.12105823308229446
-0.3011583685874939
-0.2706478238105774
0.030601266771554947
-0.3831712007522583
-0.7617268562316895
-0.36863043904304504
0.06768801808357239
0.08694204688072205
-0.45288556814193726
-0.22501200437545776
-0.38575610518455505
0.04094226285815239
-0.2853885889053345
-0.025197656825184822
0.12181594222784042
-0.06387034803628922
0.11683551967144012
-0.06476487964391708
-0.5303925275802612
-0.24734225869178772
-0.3057247996330261
0.3020276129245758
-0.3164893686771393
-0.17244966328144073
-0.34250113368034363
-0.29559797048568726
-0.38558968901634216
-0.21578064560890198
-0.12035675346851349
-0.4502545893192291
-0.3175918459892273
-0.26382049918174744
-0.2578478157520294
-0.14435161650180817
-0.2757647633552551
-0.3688020706176758
-0.22912870347499847
-0.22361472249031067
-0.1275881826877594
-0.6551275849342346
-0.4096390902996063
-0.26888129115104675
-0.006173895206302404
-0.42305028438568115
-0.539914608001709
-0.380546510219574
-0.20771576464176178
-0.3428319990634918
-0.5782068967819214
-0.23981142044067383
-0.18536613881587982
-0.2084301859140396
-0.03191554918885231
-0.4499084949493408
-0.3589194416999817
0.03671363741159439
0.018958350643515587
0.07670261710882187
-0.4385175108909607
0.04988260939717293
-0.39351657032966614
0.010808279737830162
-0.10751569271087646
-0.3303627669811249
-0.0013445814838632941
-0.2571386396884918
0.20953784883022308
-0.24095895886421204
-0.3265521824359894
-0.28563234210014343
-0.5268239378929138
-0.19868363440036774
0.11774707585573196
-0.41005250811576843
-0.2477375864982605
-0.29699209332466125
-0.5737316608428955
-0.12669454514980316
-0.3297690451145172
0.0799606516957283
-0.3840489983558655
-0.3714783787727356
0.1885611116886139
-0.4719240367412567
-0.33242955803871155
-0.29445239901542664
-0.15723000466823578
0.1244700625538826
0.11590930819511414
-0.8980065584182739
-0.028858575969934464
-0.4352891743183136
-0.5226957201957703
-0.1250874251127243
-0.30553850531578064
0.28634926676750183
-0.3544011116027832
-0.0027803301345556974
-0.2624635100364685
-0.341232031583786
-0.23698653280735016
-0.4935068190097809
-0.47853952646255493
-0.13978494703769684
-0.36946961283683777
0.09661891311407089
-0.05791294574737549
-0.3890828788280487
0.005333750508725643
-0.020648203790187836
0.3095785677433014
-0.0432417057454586
-0.556685209274292
-0.26765307784080505
-0.6032352447509766
-0.33154764771461487
0.12286847829818726
-0.23496973514556885
-0.1452886462211609
0.0009541744948364794
-0.26223137974739075
0.010611211881041527
-0.06853017956018448
-0.02037200704216957
-0.3262156546115875
-0.4018358290195465
