-0.2884572148323059
-0.09441889822483063
-0.15706723928451538
-0.3319590091705322
0.08841320872306824
-0.04964521527290344
0.1022486686706543
-0.002022539498284459
0.07602371275424957
-0.10248607397079468
0.06357168406248093
0.029760167002677917
-0.22498132288455963
-0.31818532943725586
0.09523237496614456
0.08521632105112076
-0.28133487701416016
-0.06607256084680557
0.05891451612114906
-0.39747098088264465
0.22707121074199677
0.2695786654949188
0.17642368376255035
0.02627403847873211
-0.1573866605758667
0.2962695062160492
0.04539459943771362
0.10818922519683838
-0.20840276777744293
0.11176013201475143
0.0054980553686618805
-0.08960560709238052
-0.12750129401683807
-0.017509592697024345
-0.014181813225150108
-0.08817381411790848
0.08893990516662598
0.11029466241598129
0.19794556498527527
-0.24241460859775543
0.07121548056602478
0.07110698521137238
-0.0002261998743051663
-0.1379368156194687
0.03330469876527786
0.2772522270679474
0.16103705763816833
-0.08170128613710403
-0.2442246377468109
0.3449797034263611
-0.03149544447660446
0.21440806984901428
-0.2999561131000519
0.11376060545444489
-0.1575339287519455
-0.12256522476673126
-0.23755578696727753
-0.07675701379776001
0.10484928637742996
-0.20570962131023407
0.20357908308506012
0.1503378003835678
0.38957467675209045
-0.406757116317749
0.14233693480491638
-0.17381364107131958
-0.36526215076446533
-0.14211247861385345
-0.19490443170070648
0.18330344557762146
0.3338773846626282
-0.022425996139645576
-0.2950364351272583
0.1734001785516739
0.004618717357516289
0.3836534917354584
-0.23093725740909576
0.09958164393901825
-0.31282711029052734
0.07235565036535263
0.022660695016384125
-0.08169537037611008
0.20597702264785767
0.032276660203933716
0.11343597620725632
0.11614349484443665
0.5123432874679565
-0.42568936944007874
0.1497730165719986
-0.20707271993160248
-0.11351241916418076
-0.11545706540346146
-0.08253974467515945
0.18283197283744812
0.23228691518306732
-0.02792222984135151
-0.03672889992594719
0.2023407220840454
0.14257396757602692
0.2638315260410309
-0.165931835770607
0.0418669618666172
-0.07526553422212601
0.028004243969917297
-0.15927602350711823
-0.15903756022453308
0.26573696732521057
-0.09505093097686768
0.3011476993560791
0.2105247676372528
0.24831661581993103
0.014600836671888828
0.24272999167442322
-0.23806661367416382
-0.317679762840271
-0.06908074021339417
-0.11712449789047241
-0.014506256207823753
0.2708451747894287
-0.03848836198449135
0.08248535543680191
-0.03665465489029884
0.20218124985694885
0.21226128935813904
-0.140495166182518
0.2770378589630127
-0.09286019951105118
-0.07913654297590256
-0.07890230417251587
0.10940990597009659
0.21751908957958221
-0.13492324948310852
0.31259939074516296
-0.04589073359966278
0.2440829575061798
-0.0691579058766365
0.050301577895879745
-0.08408743143081665
0.021796202287077904
0.09953518956899643
-0.005458548665046692
0.1489507108926773
0.04493726044893265
-0.0591890811920166
0.12386221438646317
0.140572652220726
0.29465287923812866
0.2544947564601898
-0.25332704186439514
0.15645894408226013
-0.0014952861238270998
-0.2696097493171692
-0.1454581767320633
0.01383295003324747
-0.0009610450360924006
-0.02984105795621872
0.25450029969215393
0.11545644700527191
0.13081811368465424
-0.08971400558948517
0.07329756021499634
-0.05047634243965149
-0.13787925243377686
0.13380658626556396
-0.060673654079437256
0.16806086897850037
0.1073470264673233
-0.0161497313529253
0.1953308880329132
0.0951744019985199
0.2756807208061218
0.1564352959394455
-0.037785936146974564
0.29678991436958313
0.344365656375885
0.06441987305879593
-0.030974509194493294
0.329385370016098
-0.013622762635350227
0.14229725301265717
0.11738694459199905
0.1053914949297905
0.04006217047572136
-0.06025473028421402
0.22130413353443146
0.04534947872161865
-0.02880845218896866
0.3365660011768341
-0.050228822976350784
-0.03730856999754906
-0.07218777388334274
0.13301537930965424
0.07263833284378052
0.0008470987668260932
0.3734172284603119
-0.1573193520307541
0.06026972085237503
0.03907394781708717
0.2732704281806946
0.15450072288513184
-0.22976239025592804
0.2943011224269867
-0.07806465029716492
-0.25928816199302673
-0.043819230049848557
0.11554449051618576
0.0001810551038943231
0.03936583176255226
0.10690507292747498
0.17603766918182373
-0.012625979259610176
-0.05762416869401932
0.1259661763906479
0.0607198067009449
-0.13436174392700195
0.1334795504808426
0.3095601201057434
-0.40734758973121643
0.4018436074256897
-0.5160629749298096
0.5724003314971924
-0.3923889696598053
0.6686431765556335
0.056518442928791046
-0.37673354148864746
0.31677380204200745
-0.5268182754516602
-0.24227789044380188
-0.3610229194164276
0.3887995481491089
-0.3727564811706543
0.5232128500938416
0.44091030955314636
0.2931444048881531
-0.26570916175842285
0.20928670465946198
-0.14044830203056335
-0.47722047567367554
-0.41933444142341614
0.3299567997455597
