-0.013869352638721466
-0.051132552325725555
0.0005560584249906242
0.006954269018024206
-0.017991570755839348
-0.0024670902639627457
0.01799822598695755
0.0028892916161566973
0.10187351703643799
0.040345825254917145
0.05588077753782272
0.0016292211366817355
-0.05855759233236313
0.039949946105480194
-0.016491329297423363
-0.026138978078961372
0.006657870020717382
-0.01565084047615528
0.007772303186357021
-0.08090934157371521
0.0182795450091362
-0.006262443494051695
-0.0022902358323335648
-0.012568862177431583
0.10190875083208084
-0.04870815575122833
0.007583421654999256
0.04159647971391678
0.044983405619859695
0.007092664483934641
0.05567315220832825
-0.01983347162604332
0.03413253650069237
0.010661926120519638
0.00686747208237648
-0.07932821661233902
-0.012668452225625515
0.012946135364472866
0.06962423771619797
0.047270022332668304
0.017887057736516
0.015648894011974335
-0.004572934005409479
0.07691521942615509
0.013401180505752563
-0.02890659123659134
-0.052690815180540085
-0.027644196525216103
0.009557371959090233
0.019335756078362465
-0.008942283689975739
0.0020004177931696177
0.0056130471639335155
0.007386197801679373
0.016652563586831093
0.011435763910412788
-0.0032242017332464457
0.00012154636351624504
-0.057114508002996445
-0.003395413514226675
0.006773535627871752
0.015091045759618282
0.0038876859471201897
0.0005502759595401585
0.015561850741505623
-0.011592568829655647
0.0062238010577857494
0.0030211745761334896
-0.02005421556532383
-0.008110676892101765
-0.015392637811601162
0.012713775970041752
-0.019006304442882538
-0.08547127991914749
0.014700610190629959
-0.006544861942529678
0.004469279199838638
-0.011220965534448624
0.008406001143157482
-0.00901592243462801
0.007940651848912239
-0.010356560349464417
0.03258863836526871
-0.003274959744885564
0.00420055678114295
-0.017100783064961433
0.08012031763792038
-0.0005599058349616826
-0.004074733704328537
-0.014151353389024734
0.01060036662966013
0.04645645245909691
0.018932057544589043
-0.02844810113310814
0.05648292601108551
-0.004448517691344023
0.08059626072645187
0.03788154944777489
-0.042818933725357056
0.05045227333903313
0.017945580184459686
0.005330483894795179
0.002490753075107932
0.02725733071565628
-0.028617067262530327
0.008868477307260036
0.0027177727315574884
0.016813941299915314
0.016555722802877426
0.027100691571831703
-0.008431480266153812
-0.03168228641152382
0.017715735360980034
0.026962511241436005
-0.0572495311498642
-0.018354561179876328
0.0038455475587397814
-0.015957342460751534
0.0035639218986034393
-0.01295736338943243
0.012901019304990768
-0.008762025274336338
0.011092322878539562
0.019786907359957695
0.02757677622139454
0.011534521356225014
-0.017306556925177574
-0.01594892330467701
-0.022913575172424316
0.0003003109013661742
0.00570568535476923
-0.020650697872042656
-0.003508341731503606
0.10030385106801987
-0.05104003846645355
-0.003917044959962368
0.06170273944735527
0.007326551713049412
-0.004518701694905758
0.037535879760980606
-0.009464855305850506
0.012357712723314762
-0.023422928526997566
0.0018523756880313158
0.030444366857409477
0.012843428179621696
-0.025271620601415634
-0.005026683211326599
0.015269503928720951
-0.02267351746559143
0.008064166642725468
-0.012578059919178486
0.010870005935430527
-0.01905476488173008
0.036969587206840515
-0.022235533222556114
-0.011653474532067776
-0.020473284646868706
0.005609084386378527
-0.027134280651807785
-0.013175396248698235
0.00244705006480217
0.01581045798957348
0.0026400727219879627
0.039072342216968536
0.007918397895991802
0.016526710242033005
0.00313371978700161
0.021246105432510376
-0.026707544922828674
0.011001816019415855
0.003373428015038371
-0.0033176690340042114
-0.001230471534654498
0.03234320878982544
-0.013200189918279648
0.0026755514554679394
-0.054685670882463455
-0.029119577258825302
-0.06667058914899826
0.021584969013929367
0.004246485885232687
-0.0023458870127797127
0.04803258180618286
0.002259667031466961
-0.011919367127120495
0.002326676156371832
-0.021679280325770378
0.001879645511507988
-0.040840521454811096
0.012341180816292763
-0.02880171686410904
-0.014353283680975437
0.02195969596505165
0.005708437412977219
0.0010895056184381247
-0.012789865955710411
0.02666112594306469
-0.01261564064770937
-0.07657206803560257
-0.005752751603722572
-0.008503514342010021
0.034733060747385025
0.018802469596266747
-0.01547777559608221
-0.0008344553643837571
-0.06623237580060959
0.008948056027293205
-0.017411164939403534
0.008508419618010521
0.00420639431104064
0.00740828225389123
-0.014413432218134403
0.0010264011798426509
-0.004598958417773247
-0.0018150164978578687
0.00438314164057374
0.01664777845144272
0.004543507006019354
-0.010084434412419796
-0.014334064908325672
-0.011079355143010616
-0.009887627325952053
0.03584293648600578
0.0010241486597806215
0.0014656204730272293
0.03146442398428917
-0.015291576273739338
-0.0077443611808121204
0.12027764320373535
0.008915903978049755
-0.012658549472689629
-0.018520623445510864
0.006627196911722422
-0.012034851126372814
-0.014167779125273228
-0.04387420043349266
-0.010445024818181992
-0.003973915707319975
-0.007701426278799772
0.022171221673488617
0.03405894711613655
0.00573523947969079
-0.028223896399140358
0.008635186590254307
-0.01537195686250925
0.0030602857004851103
-0.013307251036167145
-0.0216835904866457
-0.0006033980171196163
0.010517151094973087
-0.007123883813619614
0.007448322605341673
-0.00246866955421865
0.11302552372217178
0.08578155934810638
-0.006853995379060507
0.03336258605122566
0.059177566319704056
0.10982974618673325
-0.013782355934381485
-0.0068124039098620415
-0.07770802825689316
0.014391784556210041
-0.0321236215531826
0.07580507546663284
-0.04116932675242424
0.0011037224903702736
0.027252262458205223
0.007562174927443266
0.000112150824861601
-0.07527976483106613
-0.025123650208115578
-0.036613479256629944
-0.012336206622421741
0.0018450702773407102
0.0031739133410155773
0.033746927976608276
-0.053437817841768265
0.008410162292420864
-0.016147632151842117
0.03727560490369797
0.0021129397209733725
-0.046628694981336594
0.043178997933864594
-0.020888611674308777
-0.0026315401773899794
-0.04268759489059448
0.02453710325062275
-0.024815361946821213
-0.00965814758092165
-0.0377679280936718
-0.014195426367223263
-0.011564749293029308
-0.0040450687520205975
-0.17285989224910736
0.01972169429063797
-0.02470468357205391
0.005927490536123514
0.028975458815693855
-0.005411985330283642
-0.0075001586228609085
-0.019593214616179466
0.012111051939427853
-0.022334448993206024
-0.0295366570353508
0.0034237962681800127
-0.004992025904357433
0.02630438469350338
-0.006357859820127487
0.015883885324001312
-0.020435290411114693
0.07859555631875992
0.040719252079725266
-0.008833223953843117
0.0239313542842865
0.02438485063612461
0.009332593530416489
0.01755307801067829
0.008348067291080952
-0.03637083247303963
0.049139589071273804
0.005078922025859356
0.006301552057266235
0.0938967615365982
-0.00365101033821702
0.03341049328446388
-0.014490724541246891
-0.08768096566200256
-0.018113333731889725
0.014784296974539757
-0.01543346792459488
0.014869820326566696
-0.011124366894364357
0.030243631452322006
0.02391643635928631
-0.0038016648031771183
-0.04085170477628708
0.05726992338895798
0.036503128707408905
-0.002385814907029271
0.09707837551832199
0.019766829907894135
-0.021640684455633163
0.036375273019075394
0.05028197914361954
0.011766469106078148
-0.06597751379013062
-0.025389710441231728
0.038528017699718475
0.02300264500081539
-0.016705673187971115
0.016519440338015556
-0.004417431075125933
0.01805957593023777
0.0071712397038936615
0.01886262558400631
-0.007403903640806675
-0.02109135128557682
-0.01752026006579399
-0.029370419681072235
-0.010181348770856857
-0.03878568857908249
-0.00369702884927392
-0.07145407795906067
-0.006207337602972984
0.025031106546521187
0.0014121870044618845
-0.026956764981150627
0.002585985464975238
-0.021816551685333252
-0.003480132669210434
-0.028866462409496307
0.016424771398305893
-0.028466593474149704
-0.06238933652639389
0.018216604366898537
0.025859303772449493
0.0073808832094073296
-3.297085640951991e-05
-0.009677466936409473
0.0007422356284223497
-0.025921449065208435
0.0055691818706691265
-0.0021746186539530754
0.010314320214092731
-0.10795975476503372
-0.0508805587887764
0.0372338630259037
0.005055719520896673
0.007248120382428169
-0.0034830986987799406
0.04845452308654785
0.03571111708879471
-0.02613707259297371
0.05291477590799332
0.047165144234895706
0.005552929826080799
-0.0637347549200058
-0.012667762115597725
0.00226801261305809
0.018606675788760185
-0.014357063919305801
-0.027729367837309837
-0.0613037534058094
-0.003173633012920618
0.0011774031445384026
-0.02109944447875023
0.012409063056111336
-0.024214081466197968
0.02001265063881874
-0.0008065200527198613
0.010325106792151928
0.10663224756717682
0.013866281136870384
-0.001353926956653595
0.010591097176074982
-0.01631515473127365
0.004926297813653946
-0.003908912651240826
-0.01705300621688366
-0.0073920441791415215
0.02920558862388134
-0.014362432062625885
0.013401542790234089
0.0032356956508010626
-0.0053635104559361935
0.0009917442221194506
0.002091814996674657
-0.0016289983177557588
0.0038535159546881914
0.002819035667926073
0.03155018389225006
-0.008650658652186394
0.01207800954580307
0.01811564899981022
-0.00882887002080679
0.034478940069675446
0.022999927401542664
-0.034389760345220566
0.07650932669639587
-0.017163369804620743
0.02143176645040512
-0.002979949815198779
-0.001266668550670147
-0.007203177083283663
0.031799133867025375
0.056495118886232376
-0.007350253406912088
-0.028160180896520615
0.0039794486947357655
-0.010181116871535778
0.0017086360603570938
-0.010796922259032726
0.03005298413336277
0.0009549310198053718
0.018040981143712997
-0.01715593785047531
0.028661565855145454
0.024967961013317108
0.007400709204375744
-0.02574935182929039
0.010892870835959911
-0.004626434296369553
0.017125185579061508
0.034883491694927216
-0.00015377349336631596
0.01131659746170044
-0.00497272377833724
0.02180759236216545
-0.002524843206629157
0.039438646286726
0.0025555179454386234
0.012025517411530018
-0.031003165990114212
0.014350124634802341
-0.01569819077849388
-0.010820291005074978
-0.02599022164940834
0.013693558052182198
-0.039178937673568726
-0.020724806934595108
-0.0020897076465189457
0.011126397177577019
0.01114596240222454
0.01559874415397644
-0.0007329608779400587
-0.008567504584789276
-0.0007921243668533862
0.10867025703191757
-0.021657761186361313
-0.033514171838760376
0.020551593974232674
-0.0008725441293790936
-0.027136288583278656
0.01447373628616333
0.006466935854405165
-0.016605444252490997
0.018801121041178703
-0.03570355102419853
0.02398362010717392
-0.027748845517635345
0.033228106796741486
-0.03802651911973953
0.06347230076789856
-0.06378163397312164
-0.016723845154047012
0.013713289052248001
0.008680764585733414
0.009124121628701687
0.007823862135410309
-0.002076068427413702
0.013304680585861206
0.005959467031061649
-0.041524745523929596
0.05540357902646065
-0.024319050833582878
-0.021506380289793015
-0.0040551419369876385
-0.02576332911849022
0.005691572558134794
0.04299183562397957
-0.013059226796030998
0.032835956662893295
0.09560062736272812
-0.002271947218105197
0.006055564619600773
-0.012323061935603619
0.0007275583338923752
0.009321345016360283
0.009992565028369427
-0.007440610788762569
0.005395298823714256
0.03640252724289894
-0.004213154781609774
-0.005258538294583559
0.0010329249780625105
-0.043180353939533234
0.01578509248793125
-0.015259640291333199
0.06819634884595871
0.0071321516297757626
0.0035274436231702566
0.01337345875799656
-0.0014421019004657865
-0.04849780723452568
0.0016283611766994
0.010831057094037533
0.012744151055812836
0.001635075081139803
-0.009307053871452808
-0.021046388894319534
-0.0056651257909834385
-0.054595574736595154
-0.0025449369568377733
0.022084400057792664
-0.02940186858177185
0.04094240814447403
0.013532094657421112
-0.0009189204429276288
-0.03853049874305725
-0.0169407669454813
-0.024350697174668312
-0.00022263641585595906
0.11542875319719315
0.01683437079191208
0.004743903875350952
-0.04846075549721718
-0.013082337565720081
-0.13643938302993774
0.0068487501703202724
-0.0023538607638329268
0.0065082828514277935
-0.000907916110008955
0.040530018508434296
0.01748349890112877
