1111111001011111
0000000110001011
0000000101011110
1111110101100001
0000000101000100
0000001000010110
0000000010111010
0000000111010010
1111111000101000
0000001001001011
0000001000100101
1111110100110000
0000000000101001
0000001011011010
1111110110110010
1111111001111010
1111110110110001
0000000101011010
1111111111010101
0000001011010001
1111111010001110
0000000110011010
1111111100100010
1111110100111001
0000000110100110
0000000101011100
1111110110011010
0000000110100000
1111111010000010
0000000110100101
0000000011101001
0000001000000101
1111111000100101
1111110110011000
1111111000010000
1111111011001110
0000000110001100
1111111001100010
0000001010101011
1111111000100111
1111110110010010
0000000100111000
0000000110000100
0000000101011001
0000001011011001
1111111110110110
1111111000100100
0000000110001000
0000000100110010
0000000101101100
1111111011101111
0000000110001111
0000000111100000
0000000110100101
1111110110000111
1111110011001111
1111111001100011
0000000100001000
0000001100110011
1111111000011010
0000001001100111
1111111001011110
1111111100101010
0000000101010101
0000000011100001
0000001001000100
0000000011111111
1111111000011010
0000001000111111
0000000101000110
0000000100000110
0000001000100000
0000000110011001
0000000010000110
0000000011011111
1111110110110010
0000001001000110
0000000100110000
1111111101000111
0000000010000100
1111110111111001
1111111011100011
0000001000101010
1111110100110001
1111111011011011
0000001001111000
0000001001001101
1111111100010111
1111110011000010
0000000100110111
1111111000001011
0000001001000101
1111110111011111
0000001001010100
1111111001011011
0000001001101100
1111111011000101
1111111001101101
1111110110100111
1111111110001011
0000001010110101
1111111100100011
0000000111111101
1111111100001101
1111111000101100
0000000011100000
0000000110111010
0000000010110001
1111111001011010
1111110110011011
1111110101111111
0000000101010011
0000001000000000
0000000100010010
0000001000100010
1111111000101011
0000000111111001
1111110101001001
0000000011001101
0000000110100101
1111111011110001
0000001001100100
1111111101111110
0000000110101101
0000001000100001
0000001001100011
0000000101110000
0000000111011110
1111111000101000
0000000110000100
0000000111010000
0000001110011010
1111111001101100
1111110110000011
1111111011001000
1111110011101111
0000001010001001
1111111011110100
1111111011101000
0000000101011011
1111111011001011
1111110100100000
0000000001110001
0000000001011100
0000000100000110
0000000011111111
0000001000011001
1111111010000100
1111110011111111
1111110100010001
0000001100111101
1111111110110101
1111111000101101
0000000111101101
0000000100011100
1111111100001110
0000000011101001
0000001001101100
0000001001101001
0000001011110000
0000001010011000
0000000111100100
0000000111101111
1111110100100001
0000000111001110
0000000111000001
1111111011011001
0000000110110111
0000000101010101
1111111001111000
1111111010001010
1111111001001011
1111111000101110
1111111010100100
0000000100100010
1111111010010000
1111111000110100
0000000101111111
1111110111100000
1111110101010110
1111111010001101
1111111010011010
0000001100000100
0000001000111000
0000001000111101
0000001001000001
1111111010010101
0000000101101111
0000001001010100
1111111001011011
0000000101011001
0000000011111000
1111111100101011
0000001001010100
1111110110001011
1111111001001101
0000001001110101
0000000000111111
0000001011101000
0000000101110110
0000001000000001
0000000100001011
0000000010011110
1111111000001010
1111111000110010
1111111010111000
1111110111111000
1111111011110011
1111110101111010
0000000101111010
1111111010010101
0000000100110010
1111110111010110
0000000110111010
0000001010101100
0000000111010001
0000000100000010
1111111000100000
0000000100010011
1111111010010100
0000001001100111
1111111100011010
0000000100110001
1111110110010111
0000001000010110
1111111011011110
0000001000111011
1111111000111111
0000000101010111
0000000111010010
0000001000100111
0000000111010110
0000000101110000
1111111010101111
0000000111010101
1111111011001110
0000000010111100
0000001010110110
0000000100001000
1111110111101001
1111111011010001
0000000110100111
0000001000110101
1111110100111101
1111111010000111
0000000100000000
1111111100110001
0000001000110101
1111111100101010
0000000101111110
1111111010010100
0000000010000001
1111111001110010
1111111010010111
0000001010100010
0000001100001110
1111111010011101
0000001000111111
0000000011111101
1111111011000100
0000001001001111
0000000100000001
1111111011011100
1111111000110010
1111111000000010
1111111110011110
1111110111110001
0000000111111001
0000001000001101
1111110101111011
1111110100001101
1111111010010110
0000001000110111
1111111011110000
0000000100011010
0000000100110111
0000000110000101
0000001001100010
1111111011000111
1111110110111011
0000001010111111
1111111000100010
0000000111010000
0000001000110011
1111111000001011
0000001011101101
1111110111011101
0000000011111101
1111111101000101
1111110111000100
0000001011001100
0000000101010100
0000001001111101
0000001001010001
0000001010011001
1111111110000111
0000000100001010
1111111101101111
1111111011110110
1111111010100010
1111111010010100
0000000101000000
1111110011101111
0000000011100110
0000000111101000
1111110100010100
1111111100010011
0000001010100101
1111110101111000
1111111000000111
0000000010001111
0000000011100001
1111111011110011
0000000011010111
0000001001000000
0000000010001110
1111111001001011
1111111000010000
0000001010100110
0000001001010001
1111111000010110
1111111001011100
0000000111000101
1111110101001010
1111111010111011
1111110111011001
1111111011000111
1111111100101110
1111110110100001
1111110111101000
1111111001111101
1111110100011101
0000000101101000
0000001001111010
0000000110101000
1111111000110110
0000000010101100
0000001000010110
1111110101000110
0000000100010010
0000000101100110
1111111010000100
1111110101001110
1111110101111001
1111111011011000
0000000111101010
0000000101011001
1111111010000000
1111111010101110
0000000111010100
0000000111111011
1111111010001011
1111111100110101
0000000010111101
0000000011100101
1111110111010110
1111111001100100
1111110111011101
1111111001100111
1111111011010110
0000000101010010
1111111000001000
0000000100110011
0000000101001110
0000000111101110
1111111001000000
0000001010000111
1111111000111110
1111111010001010
1111111001100001
1111111111110111
1111111001100000
1111110101001011
0000001000101111
0000001001111110
0000000100000100
0000000111001001
0000000111100100
1111111100000010
1111110110101101
1111110101010001
1111111110000011
1111111001100010
0000000110110000
1111110110110101
1111110110101010
1111111011111111
1111110101101110
0000001100100010
0000000011100111
0000000100110111
1111111010111001
1111111000011101
1111111010110111
1111110110100101
1111111011110010
1111111001001000
1111111001111010
0000000111101010
0000000101000001
0000000101010101
1111111010111011
0000000111010111
1111110101000010
1111111010101110
0000001111110100
1111111010000100
0000000111010110
1111111010100100
0000001000100000
0000001101011001
1111111000111110
0000001010010001
0000000001100110
0000001001001110
1111111001010001
0000001001110011
0000000110011110
0000000111111100
0000001011110100
0000000110110100
1111110111100110
1111111101111010
0000000110000101
0000000111010011
1111111001100111
1111111100110100
1111111100111110
0000001000000011
0000001010100010
0000000010010101
1111111001101000
1111111010010000
0000001000011001
1111111000111000
0000000000011110
0000000110011101
1111111000110000
1111110100101011
1111111000001001
0000001000010010
0000001000001100
1111111001100011
0000000011011100
1111110101111100
1111111001000011
1111111000010001
0000000100110001
0000000110000011
1111110111000000
1111111100010111
0000000111000100
0000000100010101
1111110101011110
0000000110101001
0000000101100011
0000000100111010
1111111010000000
0000001001111011
1111111100001011
0000000110001111
1111111101011011
1111110101101100
0000001100101100
0000001010111110
0000000101011110
1111111011010100
0000000011011110
0000001001000111
0000000110111001
1111110100100011
0000000111000101
0000000100100100
0000000111011011
1111111011100110
0000001001100001
0000000100001000
1111111011010100
1111111101000111
1111111010110010
0000000101010111
1111111000110000
1111111001110010
1111111011111010
0000001001010111
1111110110101001
0000000100000111
0000000011111010
0000000001110100
1111111001000101
1111110100101100
0000000111010001
0000000110101110
1111111001110010
0000001100101110
1111111001011110
1111110110110101
1111111010000010
1111110110111100
0000000011000010
0000000100110110
0000000011100101
1111111100010011
1111111000001101
0000001001010110
1111110101110010
1111110111111100
1111111000101011
0000000011100101
0000001011010110
0000000110111100
1111111010011110
1111110110000001
1111111001000001
0000001000101110
1111111001100011
1111110111100111
1111111000010011
1111110110010110
1111111010001111
1111111001000011
0000000101000011
0000000100111010
1111110101000100
1111111001101010
1111111010000001
1111111100101100
1111110111011001
1111111001111100
1111110110010100
0000000100010010
0000000000110010
0000000101100101
0000000011011111
0000000111000001
0000001000001110
0000000110000001
1111111000111110
0000001010101011
1111111100001101
0000000111111110
0000000110100111
0000001011000101
1111110111100100
1111110110011010
1111111110010111
0000000101001100
1111111101010010
0000001001111011
0000000111011001
1111111010111111
0000000110100101
1111110111101100
1111111000111010
1111110111000110
1111111010001000
1111110111100101
1111111010011101
1111111001011011
1111111001100000
1111111011111000
0000000111100100
0000001010011110
0000001011000000
1111111000011001
0000000101001111
0000001001001011
0000000101011010
0000000101000001
1111111101011101
1111111001110101
1111110101011010
0000000011111011
1111111100110111
0000000111110110
0000000111100101
