000000000011001001100000
000000000010101110001101
000000000010101000010010
000000000011111110110101
000000000101011010010101
000000000010111001110011
000000000011001111111100
000000000100001001010100
000000000010111110001011
000000000011100000101010
000000000011111111010110
000000000011101001000110
000000000011100011101111
000000000101011101000100
000000000010001010011111
000000000100000000001101
000000000011011111111101
000000000100111000011101
000000000100010011000000
000000000011110110110101
