1111111011011001
1111111110100000
1111111101100000
1111111010101101
0000000001011010
1111111111001110
0000000001101000
1111111111111110
0000000001001101
1111111110011000
0000000001000001
0000000000011110
1111111100011010
1111111010111011
0000000001100001
0000000001010111
1111111011100000
1111111110111101
0000000000111100
1111111001101001
0000000011101000
0000000100010100
0000000010110100
0000000000011010
1111111101011111
0000000100101111
0000000000101110
0000000001101110
1111111100101011
0000000001110010
0000000000000101
1111111110100101
1111111101111110
1111111111101111
1111111111110010
1111111110100110
0000000001011011
0000000001110000
0000000011001010
1111111100001000
0000000001001000
0000000001001000
0000000000000000
1111111101110011
0000000000100010
0000000100011011
0000000010100100
1111111110101101
1111111100000110
0000000101100001
1111111111100000
0000000011011011
1111111011001101
0000000001110100
1111111101011111
1111111110000011
1111111100001101
1111111110110010
0000000001101011
1111111100101110
0000000011010000
0000000010011001
0000000110001110
1111111001100000
0000000010010001
1111111101001111
1111111010001010
1111111101101111
1111111100111001
0000000010111011
0000000101010101
1111111111101010
1111111011010010
0000000010110001
0000000000000100
0000000110001000
1111111100010100
0000000001100101
1111111011000000
0000000001001010
0000000000010111
1111111110101101
0000000011010010
0000000000100001
0000000001110100
0000000001110110
0000001000001100
1111111001001101
0000000010011001
1111111100101100
1111111110001100
1111111110001010
1111111110101100
0000000010111011
0000000011101101
1111111111100100
1111111111011011
0000000011001111
0000000010010001
0000000100001110
1111111101010111
0000000000101010
1111111110110011
0000000000011100
1111111101011101
1111111101011110
0000000100010000
1111111110011111
0000000100110100
0000000011010111
0000000011111110
0000000000001110
0000000011111000
1111111100001101
1111111010111011
1111111110111010
1111111110001001
1111111111110010
0000000100010101
1111111111011001
0000000001010100
1111111111011011
0000000011001111
0000000011011001
1111111101110001
0000000100011011
1111111110100001
1111111110101111
1111111110110000
0000000001110000
0000000011011110
1111111101110110
0000000101000000
1111111111010010
0000000011111001
1111111110111010
0000000000110011
1111111110101010
0000000000010110
0000000001100101
1111111111111011
0000000010011000
0000000000101110
1111111111000100
0000000001111110
0000000010001111
0000000100101101
0000000100000100
1111111011111101
0000000010100000
1111111111111111
1111111011101100
1111111101101100
0000000000001110
0000000000000000
1111111111100010
0000000100000100
0000000001110110
0000000010000101
1111111110100101
0000000001001011
1111111111001101
1111111101110011
0000000010001001
1111111111000010
0000000010101100
0000000001101101
1111111111110000
0000000011001000
0000000001100001
0000000100011010
0000000010100000
1111111111011010
0000000100101111
0000000101100000
0000000001000001
1111111111100001
0000000101010001
1111111111110011
0000000010010001
0000000001111000
0000000001101011
0000000000101001
1111111111000011
0000000011100010
0000000000101110
1111111111100011
0000000101011000
1111111111001101
1111111111011010
1111111110110111
0000000010001000
0000000001001010
0000000000000000
0000000101111110
1111111101011111
0000000000111101
0000000000101000
0000000100010111
0000000010011110
1111111100010101
0000000100101101
1111111110110001
1111111011110111
1111111111010100
0000000001110110
0000000000000000
0000000000101000
0000000001101101
0000000010110100
1111111111110100
1111111111000101
0000000010000000
0000000000111110
1111111101110111
0000000010001000
0000000100111100
1111111001011111
0000000110011011
1111110111110000
0000001001001010
1111111001101111
0000001010101100
0000000000111001
1111111001111111
0000000101000100
1111110111100101
1111111100001000
1111111010001111
0000000110001110
1111111010000011
0000001000010111
0000000111000011
0000000100101100
1111111011110000
0000000011010110
1111111101110001
1111111000011000
1111111001010011
0000000101010001
0000000000000000
0000000000000000
0000000000000000
0000000000000000
0000000000000000
0000000000000000
0000000000000000
0000000000000000
0000000000000000
0000000000000000
0000000000000000
0000000000000000
0000000000000000
0000000000000000
0000000000000000
0000000000000000
0000000000000000
0000000000000000
0000000000000000
0000000000000000
0000000000000000
0000000000000000
0000000000000000
0000000000000000
0000000000000000
0000000000000000
0000000000000000
0000000000000000
0000000000000000
0000000000000000
0000000000000000
0000000000000000
0000000000000000
0000000000000000
0000000000000000
0000000000000000
0000000000000000
0000000000000000
0000000000000000
0000000000000000
0000000000000000
0000000000000000
0000000000000000
0000000000000000
0000000000000000
0000000000000000
0000000000000000
0000000000000000
0000000000000000
0000000000000000
0000000000000000
0000000000000000
0000000000000000
0000000000000000
0000000000000000
0000000000000000
0000000000000000
0000000000000000
0000000000000000
0000000000000000
0000000000000000
0000000000000000
0000000000000000
0000000000000000
0000000000000000
0000000000000000
0000000000000000
0000000000000000
0000000000000000
0000000000000000
0000000000000000
0000000000000000
0000000000000000
0000000000000000
0000000000000000
0000000000000000
0000000000000000
0000000000000000
0000000000000000
0000000000000000
0000000000000000
0000000000000000
0000000000000000
0000000000000000
0000000000000000
0000000000000000
0000000000000000
0000000000000000
0000000000000000
0000000000000000
0000000000000000
0000000000000000
0000000000000000
0000000000000000
0000000000000000
0000000000000000
0000000000000000
0000000000000000
0000000000000000
0000000000000000
0000000000000000
0000000000000000
0000000000000000
0000000000000000
0000000000000000
0000000000000000
0000000000000000
0000000000000000
0000000000000000
0000000000000000
0000000000000000
0000000000000000
0000000000000000
0000000000000000
0000000000000000
0000000000000000
0000000000000000
0000000000000000
0000000000000000
0000000000000000
0000000000000000
0000000000000000
0000000000000000
0000000000000000
0000000000000000
0000000000000000
0000000000000000
0000000000000000
0000000000000000
0000000000000000
0000000000000000
0000000000000000
0000000000000000
0000000000000000
0000000000000000
0000000000000000
0000000000000000
0000000000000000
0000000000000000
0000000000000000
0000000000000000
0000000000000000
0000000000000000
0000000000000000
0000000000000000
0000000000000000
0000000000000000
0000000000000000
0000000000000000
0000000000000000
0000000000000000
0000000000000000
0000000000000000
0000000000000000
0000000000000000
0000000000000000
0000000000000000
0000000000000000
0000000000000000
0000000000000000
0000000000000000
0000000000000000
0000000000000000
0000000000000000
0000000000000000
0000000000000000
0000000000000000
0000000000000000
0000000000000000
0000000000000000
0000000000000000
0000000000000000
0000000000000000
0000000000000000
0000000000000000
0000000000000000
0000000000000000
0000000000000000
0000000000000000
0000000000000000
0000000000000000
0000000000000000
0000000000000000
0000000000000000
0000000000000000
0000000000000000
0000000000000000
0000000000000000
0000000000000000
0000000000000000
0000000000000000
0000000000000000
0000000000000000
0000000000000000
0000000000000000
0000000000000000
0000000000000000
0000000000000000
0000000000000000
0000000000000000
0000000000000000
0000000000000000
0000000000000000
0000000000000000
0000000000000000
0000000000000000
0000000000000000
0000000000000000
0000000000000000
0000000000000000
0000000000000000
0000000000000000
0000000000000000
0000000000000000
0000000000000000
0000000000000000
0000000000000000
0000000000000000
0000000000000000
0000000000000000
0000000000000000
0000000000000000
0000000000000000
0000000000000000
0000000000000000
0000000000000000
0000000000000000
0000000000000000
0000000000000000
0000000000000000
0000000000000000
0000000000000000
0000000000000000
0000000000000000
0000000000000000
0000000000000000
0000000000000000
0000000000000000
0000000000000000
0000000000000000
0000000000000000
0000000000000000
0000000000000000
0000000000000000
0000000000000000
0000000000000000
0000000000000000
0000000000000000
0000000000000000
0000000000000000
0000000000000000
0000000000000000
0000000000000000
0000000000000000
0000000000000000
0000000000000000
0000000000000000
0000000000000000
0000000000000000
0000000000000000
0000000000000000
0000000000000000
0000000000000000
0000000000000000
0000000000000000
0000000000000000
0000000000000000
0000000000000000
0000000000000000
0000000000000000
0000000000000000
0000000000000000
0000000000000000
0000000000000000
0000000000000000
0000000000000000
0000000000000000
0000000000000000
0000000000000000
0000000000000000
0000000000000000
0000000000000000
0000000000000000
0000000000000000
0000000000000000
0000000000000000
0000000000000000
0000000000000000
0000000000000000
0000000000000000
0000000000000000
0000000000000000
0000000000000000
0000000000000000
0000000000000000
0000000000000000
0000000000000000
0000000000000000
0000000000000000
0000000000000000
0000000000000000
0000000000000000
0000000000000000
0000000000000000
0000000000000000
0000000000000000
0000000000000000
0000000000000000
0000000000000000
0000000000000000
0000000000000000
0000000000000000
0000000000000000
0000000000000000
0000000000000000
0000000000000000
0000000000000000
0000000000000000
0000000000000000
0000000000000000
0000000000000000
0000000000000000
0000000000000000
0000000000000000
0000000000000000
0000000000000000
0000000000000000
0000000000000000
0000000000000000
0000000000000000
0000000000000000
0000000000000000
0000000000000000
0000000000000000
0000000000000000
0000000000000000
