000001010110111100000000001000010000001011100011000000000011000100000000000011100000000011110010
000000001111001000000011100000101111110111011001000000011000001111111101101111011111110111111111
000000001100011000000010001100111111111111100010000000101001001011111110010110100000000000101110
000000001101111000000000011010010000000010101100000000100010111100000010101110110000000100011100
000000111010000111111110101100011111111100010100000000010110000100000010011110000000001001101111
000000001100101000000001111110111111111001001111000000000100011111111111101111011111111100100110
111111100110000000000000000011111111110110000101000000010010010011111111010000011111111100001001
000000001010101111111111010011111111111010001110000000001010110000000000111010000000000101001100
000001011111100100000001001010000000000101101100111111111010011100000001001001000000000010011000
000000000000000000000000000111001111110101001010000000001001010100000000001010101111110111111001
000000010110110111111111001000101111111110100101000000010010010011111110011111000000001001110111
000000100111111100000000110000111111111011111000000000011011101000000001011101100000000101011101
000001000001100000000000110110111111111111100110000000001010001100000001100100110000000001010100
000000000001011011111111101100011111111010011010111111111011100011111101010111000000000001100000
000000000111111100000000111010010000000000001110000000011100000000000000001111101111111111100000
000000011110011011111111000010110000000000010001000000010011110100000010001110100000000100011001
111111101000111111111101110100011111111111010001111111110011010111111100111101010000000011000011
000000001001001111111110101001100000000101010010000000101101011100000001001011011111111101110101
111111110110110100000000111000101111111010010001111111110011000100000001100010110000000011111010
111111111000001000000001011101100000001000101101111111010110110011111101010001100000000000101100
000000101001110100000000110010011111111011000101111111010111101011111101100100010000000001011001
111111100110101011111111010001110000001001000100000000111000010111111110101001000000000001000111
000000100101101111111111111010011111111010100111111111110110000100000010101110101111111111000000
000000000111101100000000001111111111111111111010111111110101000111111111011011101111111010011111
000001001010011100000001000011010000000100010110000000010101010011111111000011110000000101000100
000000001110100100000100010000101111110111011001000000000101011011111111011010111111110111110101
000000000100011100000001110101111111111100001111000000101000011011111110001000001111111101111111
111111111111000111111111000111110000000100101111000000011010011000000000111011011111111101100000
000000000110011000000001001101100000000100010110111111101101111011111111011110011111111001001110
111111101101000011111010110000000000000000000111000000000100110100000001110100011111111110010101
000000011001110011111101001101000000000100000101111111001011011000000001110110000000000110011001
000000011010101100000001001101011111111001111110111111011101111111111101010110110000001001100010
111111100011000011111111000000010000000010000010111111010011000011111101110011011111110110010011
111111101011011111111011001001110000000001011100000000011010111100000000111110000000000010000100
000000010100011011111111011110010000001010100100111111011011011100000001110101100000000010010000
000000000011001000000001110111101111111010101111111111101001000011111110110111110000000010111011
000000110001001000000001110110100000001101110111111111010100000111111110110000100000000001100000
111111110111110111111111101101011111111000100010000000010100101000000000010111111111111000101101
000000001110000100000000110001100000000101110101000000010011100100000000100100100000000011101101
000000111011001000000001010101101111111000100111111111110001111100000000110001100000000100011100
000000011110001000000001111101001111111111001111111111110100000111111111110100011111111110011001
111111101000000011111101010000001111111010110111000000100000001100000000101010001111111011010100
000000100001010111111111011100100000000101000100111111101100001100000010000010010000000010111101
000000010011000000000000110101000000000111010101111111010100110011111111010010000000001000100100
111111111101000011111110101001011111110000010010000000011111110011111110101110000000000100000000
111111111111000000000100100111100000000101111110111111111110111011111111100001010000000011100010
111111101111100100000001100100101111111100011010000000001011010100000000000011001111111010000001
111111011010000111111100100111010000000101100100000000000011111100000000110010001111110101110010
000000111010101000000000111111011111111110110110000000001000001111111111001000110000000011010101
111111100110110011111101010011011111111100001011000000010110001011111111011101001111111101110000
000000001111010011111101111011011111110110110110111111011010011100000001001000111111111011000011
000000000111110011111111111100000000000010110000111111101001000100000000000011000000000101010001
000000011111110111111110010010101111111101001011000000101001010100000010010010100000000001001011
000000010000011011111111000001001111110110110111111111011101000000000001110011101111111100110110
000000000101011011111111100000101111110111110101111111110110001011111111011000001111111111000011
000000000010010011111111111000101111111101111010000000010000000011111110101001000000000000100111
000000110011010000000000111001100000001110111101000000000001000000000010000001001111111010010001
000000001010101011111101100100011111110010001111111111111100110000000000110101101111110110011111
000000001011111000000000000010110000001011010011000000001000101111111111011100100000000000000011
000000101111011100000010000100111111111001100110111111110111011000000001010110010000001100000111
111111011011001011111100111010101111111001101001111111110100000111111110110010110000000110111101
111111101110110111111111000010100000000110010100000000011101011100000010101111011111111011110010
111111110100000100000000100110101111111101000001111111100111100100000000110100111111111011100001
111111101001100011111110101011110000000101000000111111011001010011111110001101111111111011111100
000001001100011000000010101010000000000100101011111111101111010000000000100111110000000011111000
000000000101111011111101010101001111110110001010111111110001100100000001010011001111111010101111
000000010100010011111110000001111111110011011000111111100011110100000000011110000000000000101011
000000000100101100000001111101101111111110011100111111101100000011111101101100000000000110111011
111111000011010111111110101100100000000001011001111111100001001111111110011100101111110111101101
111111110111101000000010010101000000000100111111000000000001101111111110010101110000001001111010
000000000110011100000000100001110000000011010011000000011110101111111111001010100000000101110000
111111110100100111111111110010100000000011101111000000011000001100000010001110111111111011100011
111111111011101011111110001101110000001110111011111111100110100111111111110100111111111001010010
000000001101000011111111110101111111111100111100000000010000101100000001000111101111111001101000
111111111101010000000001100000110000001110100110000000001100110000000000010110110000001000010100
000000010010100000000001000110010000000010011001000000010000101000000010010100110000000010000110
000000100001101100000001010010011111110110100000111111101010101011111110110000110000000001011111
111111101000100000000001111101110000001000110111000000110110111011111110001111100000000010001101
000000000011110100000010000011101111111110111000000000011010100000000000101110110000000101100100
111111111111100111111101011011001111111110101100000000100100101000000010000110001111110101101100
111111010010001100000000111000000000000111001001111111010001001111111111100010101111111100101011
111111100001100111111011100111000000000011010001000000000100110100000010010001010000000001111010
000000011010110011111101011001000000000100101101111111001010111100000010001011100000000110010010
000000000110100000000000100100011111111011100101111111011001010011111101110100100000000101010101
000000101101110100000001000100111111111101100000111111110100000111111110101000010000000001110111
000000000001000111111101001100011111110110010110111111110011010000000001111000100000000011110110
000000000100000111111101000011111111111100100111111111101000110111111110101100100000000011100111
111111110111101000000010000010010000000010010011111111100000100111111110101010100000000110010000
111111000111100111111101010101011111111010011010000000101010111100000001111011101111111101110110
000000000000110111111111101011010000000001101001111111101001001000000000001110100000000001100011
111111110000110111111111000000111111111110001110111111111101110100000000110101001111111100011111
111111110011101000000000010010111111111010110010111111100101100111111110011111110000000000000101
000000010101100111111111111010000000001111010111111111111110110100000000110100000000000010100101
000000100100100000000000111000101111110011100101000000001100101100000001011001101111110110111010
000000010111111100000001101011100000000010000010000000001110000011111111011111010000000010101001
000000010111101100000001101101000000000000001100111111111001110000000001110001110000001100000000
