00110011
00001011
00101011
01000100
01000100
01000010
01000001
00110101
00110001
00110111
00011110
00101001
00100111
00100100
01000110
01000010
00101110
01000000
00000010
00011000
00101011
00011101
00110011
00000001
01000100
01000010
00011011
01000110
00110001
00100111
00110000
00100101
00101011
01000000
01000100
01000010
01000001
00110101
00000111
00110011
00001111
00100101
01000100
00101110
00000001
00011100
00111011
00110101
00010110
00110011
00100111
00111101
00111010
00101011
00000101
00110011
00101000
00101011
00001011
00011110
01000111
00001011
00110001
00111101
01000100
00000010
00100000
00110100
00010111
00010011
00110010
01000110
00101011
00011110
01000000
01000010
01000000
00110001
00110001
00000110
