000000000010011000110110
000000000010011000010101
000000000010111011000001
000000000001110000100000
000000000011111110000111
000000000010100001000000
000000000010001110110000
000000000010101011101001
000000000010110101010100
000000000010110110001110
000000000010101011001110
000000000010000110110011
000000000010111111000101
000000000001110011111111
000000000010101000101110
000000000010101111011111
000000000001111100001011
000000000010011001011110
000000000010101010110001
000000000001111001010001
000000000001111010010001
000000000010000100101011
000000000001100010000011
000000000010010110010101
000000000011101110101111
000000000001111110001101
000000000001110110010010
000000000001101101110010
000000000001011001010001
000000000010001100010011
