000000000000110110011111
000000000000000010001001
000000000000100100100101
111111111100111111100000
000000000000011001111110
000000000010000100100110
000000000000101110101010
111111111111010111011101
000000000000111011111110
111111111111010110101100
111111111101101010111000
111111111100000111100001
000000000010001010110011
111111111111001000100100
111111111111111010001101
111111111111110101011010
111111111111110101110000
111111111110001000010111
000000000010010101001111
000000000000000000100011
111111111111111100000011
000000000010000011100010
111111111110101000001000
111111111110110101000100
000000000010001101011111
000000000001010001001110
111111111111101101100111
111111111111110101010110
111111111111110000011111
111111111110000001011000
111111111110010110100111
111111111111111100111011
000000000010100001011100
111111111111001011001010
000000000010011100100110
000000000000101010001011
000000000001100000010010
111111111111110011100101
111111111110111001111001
000000000000011010001001
000000000010110110001011
000000000000011010111100
111111111111110110010000
000000000010101110001110
111111111110010100111011
111111111110001101101100
111111111110110001110000
000000000010110101000011
000000000000100100000000
111111111110101110111001
111111111111010101011000
000000000011001001100000
111111111111111110101000
111111111111101110010001
000000000000111110111111
000000000001010110110000
111111111111111010000111
111111111101100111000000
111111111110100110100100
111111111110100000011110
111111111110001010110011
000000000001000010101010
000000000000011010011101
000000000000101001111010
000000000000110111001010
111111111111011011101100
111111111101110001000110
111111111110111001011101
000000000000101010111011
000000000001011111100111
111111111111111101011000
000000000011001000100111
111111111111011111011011
111111111110101101000110
111111111111111110101111
000000000001101101011110
000000000000011101010101
000000000000010101011010
000000000001110110011111
111111111111100110111101
000000000001010001000011
111111111110110110100011
000000000001011101001110
000000000010101110001101
000000000001001001000111
000000000000001100101011
111111111111111001100001
111111111111100010010001
111111111110010110000111
000000000000101011100110
111111111111000101110000
000000000000101101111000
111111111110011001101001
000000000001100001001110
000000000000001010100000
000000000000110111000000
111111111111010110000100
111111111111111100101100
000000000000001010110001
000000000001011010100000
000000000001000111001000
000000000010011011001001
000000000000001101110111
111111111111101110110101
111111111110000000100110
000000000000101111011100
111111111110001110011110
000000000000000000010010
000000000000111000100001
000000000010010111111011
000000000000110111001000
000000000001000111100011
111111111101111101111000
111111111110101110010111
111111111110100001000100
111111111111001011110010
000000000000010010011000
000000000001100000001100
000000000010010101100100
111111111100111011100101
111111111111110010011110
000000000010100001000100
000000000000001110010011
111111111110101000000110
000000000000110110000111
000000000000100010100010
111111111111110001111010
000000000000000010001111
111111111111101110100000
111111111111110011011000
000000000000111011110011
111111111110111111001100
111111111111101001100110
111111111110010100111001
000000000000100011010101
111111111110110011011011
000000000000001111000100
000000000000100010111101
000000000001000010110010
111111111111111110110001
000000000000010010001111
000000000000110110011110
000000000000101011101001
111111111101000000011101
000000000001000110010111
111111111111101111110011
000000000010011010011110
111111111111100001100101
111111111111101100001111
000000000000000010111111
111111111101101011101100
000000000001001000001011
000000000000001110111100
000000000000100011011110
111111111111100110100101
111111111110011000101000
111111111111011011000010
111111111110100011100111
111111111111111100110111
111111111111011111000010
000000000001000101010111
111111111110001110101101
000000000001001010010000
111111111111011101110110
000000000000000010000101
111111111110011100100111
000000000000010011100000
111111111110110000010001
000000000000110100100111
111111111110110001011001
111111111111101001101000
111111111101110100110101
111111111110000110111110
111111111110111011010111
000000000000110100101101
111111111111101110000010
000000000010001001000101
000000000000110110010110
111111111110101000001110
111111111101100101110101
111111111110101101011100
111111111101111000110110
111111111111011011000100
111111111101010001000100
000000000000000001100001
000000000001011001110110
000000000000011000101100
000000000010101000010010
000000000001000010100100
000000000000001010010000
111111111111010010010010
111111111111010000111110
000000000001101101101110
000000000001111010111100
000000000000101000101110
000000000010000100101011
111111111101100111000010
000000000000001011101010
000000000000100111110101
111111111110010101001100
000000000000010111001001
000000000001000110001111
111111111100111011000000
111111111111110110101100
000000000001001001101001
000000000000111100010011
111111111111111111000111
111111111110001010100000
000000000000001111101101
000000000000010001100100
111111111111011011110100
000000000001001101011111
111111111110000111001011
000000000000100000000001
111111111110001100100000
111111111111000010000110
111111111101110100011001
000000000010100010111000
000000000010010111010100
000000000000001101110110
000000000011110001000011
111111111110111010001110
111111111111100100011101
000000000001111100101010
111111111111100000000011
000000000000011111000011
000000000010011111111011
111111111111110100111100
000000000010000100010101
000000000010000011101011
111111111110001011110001
111111111110011011010101
111111111101110101101010
111111111111101101100010
111111111111001000010111
111111111011001110010111
111111111110100011011110
111111111100101010110010
000000000010001101010001
000000000010111010011100
111111111111010001111000
111111111110010100001111
111111111111011001000100
000000000000110101101110
111111111100011000000001
000000000010110110100000
000000000000100111010001
111111111110111111110110
000000000010101111111010
111111111111111110111001
111111111110101011011110
111111111011000101100111
111111111011110000110100
000000000010001000100111
000000000001100100001111
111111111110011110100001
111111111011000001100111
000000000010011010111001
111111111111110110111011
111111111011111100100000
000000000001011000011010
111111111111100110010000
000000000000010101101100
111111111110101110101100
000000000001111110101000
000000000001000001000010
000000000001111010010100
111111111111001001111001
111111111110100110100111
000000000001110111001110
000000000000111100000000
111111111111111011110110
111111111100101111101011
000000000000010110001001
111111111101011101000100
000000000010011111110001
000000000001100000110111
000000000010110001010010
111111111101001111010100
111111111110110011010001
000000000010001000111011
000000000001101000011010
111111111111011001010100
000000000000101100111110
000000000011111110110101
000000000000001011101011
000000000000010100000100
111111111101111111100100
111111111111101010110101
000000000010011001100010
000000000100001101010100
111111111101010010000001
000000000001010110110100
111111111101010010001000
111111111111110010000101
000000000001011101111011
000000000000010110111010
000000000010111000101110
000000000010011010001011
000000000000101100110000
000000000001101111111000
111111111111000011111000
111111111100011000011111
000000000000010111010000
111111111110110100001101
111111111111000101111100
000000000001010000011001
111111111100100011011010
111111111101100011110110
111111111101100010001010
111111111111010110001010
000000000000100111101100
000000000000110101100001
000000000001000000101011
111111111111100100111110
111111111111010011111111
111111111111101100110101
111111111110001101010000
111111111111101001111011
111111111110110001110010
000000000001000011010100
111111111111001011011001
000000000001101100100001
111111111101101110001000
111111111101001000110110
000000000011100111011110
000000000010011110000000
000000000000000011000110
111111111101110111001110
000000000000011000101111
111111111110100001100000
000000000000011101010101
000000000010010010001010
000000000000011111000010
000000000001101110000001
111111111111011100010110
111111111111110000010001
111111111011011110011001
000000000001110101110101
000000000000111111010001
111111111110111100011011
111111111110000010110001
111111111101110001010000
111111111111111111010000
111111111110000000100111
000000000000111000100101
111111111101110000100111
000000000000001010010001
000000000000101000110101
000000000010010010000101
111111111111011001111111
111111111110111010001001
000000000011111011010101
000000000000010001010010
000000000001010000011010
111111111111110010101000
000000000101011010010101
000000000001001001011001
111111111110100110011111
111111111111111101001001
000000000000011010100110
111111111110111101100011
000000000010101001001001
111111111101110000111100
000000000001001011000001
000000000000111111110010
111111111111100010000010
000000000000110001001110
111111111111010000111111
000000000000110011101100
000000000001000011000100
111111111111110110011010
111111111111010100000000
111111111110101000000101
000000000001001101100010
000000000010000111011101
000000000001010101011111
111111111111000011101111
111111111110101000011001
000000000000010001000100
000000000000111000100010
000000000000011011110001
000000000000010011011100
000000000001100011101000
111111111111010110110001
111111111111001011010001
000000000000100101110000
111111111111100111010100
000000000001110101001101
111111111111000010110011
111111111111111101100110
000000000000000011001110
000000000000110011110000
000000000000001111100010
111111111111011110011000
111111111111110100100010
000000000000110010111100
111111111110010101101111
000000000001110100000100
111111111111001010100110
000000000000101001001111
111111111110011010100010
000000000010011111111100
000000000000101101111101
000000000001000100000101
000000000001100001110000
000000000000000100100101
111111111110110101111010
111111111111100111001010
000000000000110110110110
111111111111111000101011
111111111101101111100010
111111111110100101101101
111111111110100011010111
111111111101000001011001
111111111100101110110011
000000000000100101010000
000000000001010001010010
111111111111011100000101
111111111101100111111110
000000000000000010110011
000000000010001111011101
000000000000111110011110
111111111111110000101011
111111111110001001011011
000000000000000001010011
000000000010111001110011
000000000000100110101010
111111111111001010110100
111111111111010101000010
111111111110001110011111
111111111110011110111010
111111111111010000000101
000000000010000110111010
000000000000110010000100
111111111110010011111011
000000000001100101101110
000000000000101010001010
111111111101110001110100
111111111111010000110110
111111111111010101010100
000000000001010000001000
111111111111111100111110
111111111110110011100001
111111111111111011111101
111111111110101101101010
111111111111011011111010
111111111110011101011010
111111111111010110110001
111111111111001000001000
111111111111000111011100
111111111110101001101010
000000000010001001011000
111111111110000011011001
111111111111100010101100
111111111111111001101001
111111111111001000000010
111111111110110001101010
000000000001100110000011
000000000001101110010100
111111111101100011111101
000000000000001011100011
000000000001011010011101
000000000001111010000010
000000000010011001000111
111111111111010001010001
111111111111010111110001
111111111111010000100110
000000000001110110001000
111111111100110110100111
000000000001010100100010
000000000000001111001110
111111111110100001100101
000000000001001100001011
000000000001001101111100
111111111101000000011011
111111111101101100011101
111111111111001010111101
111111111010001011101010
000000000001010101111111
000000000001100001110100
111111111111001111100010
000000000001010111101110
111111111111100010110011
000000000001111111101010
000000000001101010111011
000000000001001100110101
111111111111110000101110
111111111110010100010111
111111111111011001100100
000000000000000111101001
000000000001011100100110
000000000000010001101011
000000000001000101101010
000000000000001100010111
000000000001011100101100
000000000001000000010111
000000000011001111111100
111111111111111001000101
111111111110001001001010
000000000000100111000010
000000000000010001101100
000000000000101011010011
000000000010100101010010
000000000000001001111010
000000000010100000010100
111111111101010111011001
000000000001111000100001
000000000001011111100000
000000000000100010011100
111111111111111001010111
111111111100100111110000
111111111110110010101101
111111111110001111111101
000000000000100100111000
111111111111011111010000
000000000000001011101100
111111111111110110000101
000000000001001010101011
111111111100101011111101
111111111110001111001001
111111111110110011110101
111111111110010000000111
111111111110010100011010
111111111110111000101110
000000000000110001110101
111111111110001010100011
111111111111110100001010
111111111101100010000000
000000000000011100100011
000000000010010110100001
000000000011011110011111
111111111101100011010010
000000000011011110001010
000000000001001101111010
000000000000111010010101
000000000000101110010011
000000000001000000110111
111111111101110100111011
111111111101111010111101
000000000000101001001100
111111111100100110010000
111111111110111101110001
000000000010101000110010
111111111111101100100011
111111111111111111001100
000000000000011000010001
111111111011111110101101
111111111100110011010010
111111111100110001111010
111111111010100101110001
000000000000010001001011
000000000000110101000011
000000000010101101111011
000000000001111010111000
111111111011100000001110
000000000010110111101000
000000000100001001010100
000000000001011011000011
111111111110101101111111
111111111110111011001101
111111111101011111110001
000000000000100111110001
000000000011100000010001
000000000000110100000101
000000000000010011100111
111111111111101001000110
000000000001000110101000
111111111101001101001000
000000000001110011100110
000000000000110011110101
111111111111000111011110
111111111111100000010101
000000000001111000001001
000000000011111011000110
000000000000100100000110
111111111111111110101100
111111111111101101101110
000000000000011000011010
000000000000010011011101
000000000001100110011110
000000000001100011011000
000000000010110000001010
000000000000111001011101
000000000000011011011001
111111111101111110000111
111111111110111001111010
111111111110000100010011
000000000001010101000011
000000000010011101001000
000000000010000111010000
000000000001010100100011
000000000001010010001110
000000000000000001111000
000000000001000011101110
111111111111110000110111
111111111111011010111101
000000000001010001001000
000000000010000010011001
000000000010011110001100
000000000010001011000100
000000000000001001101101
111111111110011111010010
111111111110101010100111
111111111111010100011101
000000000000100110001001
111111111111010110101100
111111111110101111110000
000000000001010110011011
000000000000101100110101
000000000001010010100001
111111111111000100100000
111111111110101111101011
000000000000110100011011
111111111110101111010111
111111111110110111110111
000000000000001111101101
000000000000000100101110
000000000000010100100100
000000000001001010101011
000000000001010110110001
111111111111101000011001
000000000010111000011110
111111111111110011110001
000000000001101000001100
000000000010111110001011
111111111111101011100110
000000000001000011010110
111111111101000111000111
111111111111110111110001
000000000000001100100001
111111111111000101101000
111111111111100101000001
000000000000000000011010
111111111110000111100010
111111111110111001111111
111111111111110111111101
000000000010000110100111
111111111110111110011100
111111111111001110011110
111111111110100001010111
111111111101111010001111
111111111101110101100011
000000000001001001000110
111111111110110001001110
111111111111001010001011
000000000000001111110101
111111111110010010110010
111111111111101101101010
111111111101010101111001
111111111100010010000001
000000000010011001100001
111111111111011110101001
111111111111111001111011
000000000010010010011010
000000000000011000101100
000000000001110101010101
111111111101010001000110
111111111101111101011100
000000000000001010001001
111111111111100100111000
000000000001110101010000
000000000000011101001101
111111111111011110001010
111111111110011101100000
000000000001110001011011
000000000000111101000011
000000000010111100001010
111111111111010110010100
000000000010000110011011
111111111110101110011100
111111111111110111001011
000000000000000011101011
000000000000100011000001
000000000000011110101010
111111111111111111101000
000000000001011100111110
000000000000011001001111
111111111100101100000000
111111111101111011001010
111111111111010101100011
000000000010011100110000
111111111111011110000010
000000000010011011110011
111111111111101100100011
000000000001001001001101
111111111100010100101111
000000000001101001110100
000000000011010000101000
111111111110001000001001
111111111111011101111111
000000000011010110010110
111111111111000010110010
111111111111010100001000
000000000010100010100111
000000000001101111000111
111111111110100101001111
000000000010101010100101
111111111101100000100011
000000000010100100110111
000000000010011100000010
000000000001110111010000
000000000010110010101100
000000000011100000101010
000000000001010111010100
111111111111111010111000
111111111111010110011110
111111111111111101000001
111111111110011010100000
111111111100100011111110
000000000001011010100011
000000000000001100101000
111111111111110001101111
111111111100111001111010
111111111110000111100101
000000000001001011010001
111111111111100011001000
111111111111100111010010
111111111111011001010101
111111111111000001001011
111111111111100110010011
000000000010001110000111
000000000010110110111101
111111111111110000101110
000000000010000110110101
000000000001100001011100
000000000001011111111000
111111111110100110011011
000000000000100000111001
000000000000010111010100
000000000001010010000101
000000000001011011011110
000000000001001010010111
111111111111101000111111
000000000001010100001010
000000000001000010000101
000000000001100000011100
000000000000010010010001
111111111111001010010110
111111111110111110000000
000000000000011011111101
111111111111001111111101
000000000001110000010000
000000000010100111010100
000000000001011111011010
000000000000000110000101
111111111111110001000100
000000000000100001011000
111111111110011110111110
000000000001011010110100
000000000011111111010110
000000000001111010101011
111111111111111001010101
111111111110111100011011
000000000000001100110111
111111111111000011000011
000000000010110010100000
111111111111100011000011
000000000011001010100101
000000000000001101010010
111111111010111010111101
000000000000010001001001
111111111110111100000111
111111111100111010100010
000000000000110011110011
000000000001100110111001
111111111110101111001111
111111111100110011101100
000000000011001101000001
000000000001101011100011
000000000011000110101101
111111111110100011111010
111111111110101110110100
111111111111001011001100
111111111110110010000111
111111111100110011111010
111111111101011011110101
000000000000101110100010
000000000000110010101000
111111111110101111010101
000000000000111110000010
000000000010001000011011
111111111111100111010001
111111111111000011001111
000000000000010111010010
000000000010111101011101
000000000000010111010011
111111111110011000000111
111111111110101010000000
000000000000001000111111
000000000010001000110110
111111111110101011100110
111111111110011111111100
000000000010000011111011
000000000000101111010100
111111111110110011001110
111111111111100110101010
000000000000010101011001
111111111111001111101000
111111111111111011011000
000000000000110011101010
000000000000110010100000
111111111111010001111010
111111111111111101101111
000000000001001001111001
000000000001011000000011
000000000000000100010001
000000000001011001000011
000000000001000001011001
000000000001000010110010
000000000000110110100100
111111111111011101010110
111111111111011001000110
111111111110100000101100
000000000000110110001011
111111111111001010110110
000000000001100011111110
000000000000000011011100
111111111110111100101111
111111111110010011111001
111111111110100111100110
000000000000011110101011
000000000001100010100010
111111111111010000001000
111111111111110000000110
111111111101001000010000
000000000000110100101100
111111111111010101010011
111111111111000100010001
000000000001100111001011
111111111111101101100011
111111111110001011100001
111111111101011100110000
000000000011101001000110
111111111111000110001011
111111111110100110000000
000000000000110001001000
000000000000010110010010
000000000000101010001000
111111111111100000001111
111111111111110010010011
111111111100100001101011
111111111110111100001110
000000000010000001100000
111111111110110101011111
111111111101110011110110
000000000010000001110100
000000000010010111010001
111111111110100110110000
111111111110101100001111
000000000000101001001111
000000000000101010100111
111111111111000000000011
000000000000011011011000
111111111110000000000101
111111111110101111100110
000000000001100001101011
111111111111100101100100
111111111101111101011100
111111111110110011000100
000000000001011000111111
000000000001011010001110
000000000010000000100110
000000000010010110011101
000000000000000001011000
000000000001000010101100
111111111111110100001000
111111111111000111110001
000000000001100100000011
111111111101100111010101
000000000010011010011011
111111111111110111111100
000000000001000010010110
000000000000010000111000
000000000000001100111000
000000000000110100101100
111111111111001110111000
000000000000001010101001
111111111111001011000111
000000000001100001011111
111111111111011010010010
000000000001010110001011
000000000000101111010111
000000000000001011000111
111111111110001111000100
111111111111110100000000
111111111100110101110110
000000000001110010101110
000000000000010000010101
000000000010101101010100
000000000001101010010111
111111111111100111100011
000000000010000111111100
111111111101101101001001
111111111101010011100010
111111111101011111101110
000000000000011101111000
000000000001110110010011
000000000001110010011101
000000000001100111001100
111111111110110110000000
000000000000111001111100
111111111111000011001001
000000000011100011101111
000000000010100100101000
111111111100101001100111
111111111111110110001010
000000000011010010111100
000000000000101011111111
111111111111001000101000
000000000001001010111011
000000000010010100110101
111111111110000101101010
111111111110001111101111
000000000000001010110100
000000000000101100111111
000000000010010101100011
111111111111100011111010
111111111110111001111101
000000000000111000001011
111111111111100001000111
000000000001101110011011
111111111110000011011001
000000000000000001101101
111111111111011001011111
000000000000010100101100
000000000001110010011000
000000000000011100110100
000000000000110011101111
111111111101000010001100
000000000001011101110010
000000000000100101100001
000000000011000000001000
111111111111111011101010
111111111111000101110000
111111111111110100001010
111111111111110000111001
000000000001010001111100
111111111111010011110000
111111111111111101011111
111111111110110011110100
000000000001011110001110
000000000010111001011100
111111111110000000111100
000000000010100011111010
111111111111101010011000
111111111101010110010000
000000000001110001100001
000000000000110011111110
000000000000010101100011
000000000001110001010101
000000000000101111110010
000000000001011101011101
000000000001010111111011
000000000010010001101010
000000000011101111001010
000000000001001100110110
000000000001100111101111
000000000000000101001100
111111111111001101100110
000000000011010110010110
000000000000100110101001
000000000000111010001110
000000000000000111100000
111111111111010101101010
000000000000000000100000
000000000010010101110111
000000000001101010010001
111111111101011001100101
111111111111101000100001
000000000010000000001001
000000000011010001010001
000000000101011101000100
111111111111110001010011
111111111111100001110110
000000000001100101111111
111111111110100100110100
111111111111011101110010
111111111110001011000011
111111111111100010010100
111111111110010101100010
000000000001011100111111
111111111110110110010111
111111111110011100101111
000000000001101110101111
111111111111001010100101
000000000000001100011100
000000000010100100001110
000000000010010000011011
111111111110111111011111
000000000001011001110000
000000000000111000010011
111111111110111010100101
111111111110101010101111
000000000010101101000000
111111111111000100111111
111111111110100110000000
111111111110001000011101
000000000010010101100111
000000000000111001000001
000000000000101000000011
000000000000011101011010
111111111101000110011101
111111111100001010101001
111111111101011010010111
000000000000010101001001
000000000010111101111001
000000000010001111001000
111111111110100011011001
000000000001101000100010
111111111110111111101000
111111111111101100011011
000000000000111110101100
000000000000101110011111
000000000000001000010111
111111111110101111110101
111111111111110111111011
000000000000000100001100
111111111111101010110101
000000000000110001111111
111111111111010110101101
000000000000111101001110
000000000001011110010001
000000000001001101001001
000000000000110010100011
000000000001101110010001
111111111110100100001100
000000000000100010001111
000000000001001111101010
111111111111010011001101
111111111111111111010010
000000000001001001100010
111111111111100010110011
111111111111111110010011
000000000001000011101011
000000000000101010000100
111111111111110001011110
000000000001000001000100
000000000001010011000011
000000000000011100100111
111111111111101011000011
111111111110110110100011
111111111111111110100000
000000000001001000100011
000000000001100100000000
111111111110100100000000
000000000000010000111011
000000000000110110010100
111111111110101000010101
000000000000011110101001
000000000000111011110111
111111111101001001111011
111111111111000101001100
000000000000000100100011
111111111101110010011110
000000000000011001001011
111111111111101101101011
111111111111000011100011
111111111111101011100100
111111111110101100011001
000000000001100111011010
111111111111110010001111
000000000000111100110000
000000000000100010111011
111111111110110111000111
111111111111101110101011
000000000001110111010001
000000000000101101111100
111111111111010101100101
000000000000010000010000
111111111111110010101100
000000000000110101011111
111111111111001111111010
000000000000011111001001
000000000000000110101000
111111111110101000101100
111111111111111010100010
111111111111110010010011
000000000010001010011111
000000000001100101000101
000000000010010101001110
111111111110011101000111
111111111110110101101010
000000000010001011110010
111111111101111000010111
111111111100100011100101
111111111111111001011111
111111111111001100100100
111111111110001110010001
000000000000101111100111
000000000011010111110100
000000000001110000000100
111111111111001110110001
111111111101101001011010
111111111100001101110011
111111111110011011001110
111111111101111011001011
111111111111011100010101
111111111110111011001101
111111111101101111010111
111111111101011011100010
000000000000100101101011
111111111101110010110000
111111111110111001001001
111111111101100011000000
000000000011001111000010
111111111110101001001111
000000000001010010101101
000000000011011011000010
111111111110010101111011
111111111110010000001101
000000000000010011101001
111111111101101001111010
000000000000001101010111
000000000000101010100010
000000000000100001000000
111111111101110011101111
000000000011010110000111
000000000001110010111010
000000000010111010001000
000000000001111110111010
111111111101011000001101
111111111101001011110000
000000000001101011000100
000000000001010000101011
111111111110111000111011
000000000010100111111010
000000000001000101000001
111111111101011110001110
111111111110001011110010
000000000001111101111000
111111111101010110110010
111111111111111110001100
111111111111110001101101
111111111011111101011111
111111111111011100101100
000000000010000001111111
000000000001011100101100
000000000000101111010010
111111111111111001110111
000000000001101111111000
111111111110010111111111
111111111111011001110000
000000000000000111101110
000000000001010001101001
000000000000010110101000
000000000100000000001101
000000000010010100111011
000000000010100010000100
111111111111111111001111
111111111110000010101101
111111111110000111011001
111111111111011110001000
000000000000110000101001
111111111110110101000110
000000000010001000011001
000000000000010101011111
111111111100100101100011
000000000001100100000100
000000000000111000111100
111111111110111111101110
000000000000010010001010
000000000010010010110111
000000000010011001101111
111111111111011101111111
000000000001111100101001
111111111110100000101001
000000000000000110100110
111111111110110101000110
000000000001100000101110
111111111111010000000110
111111111110001111011111
111111111101110101010101
111111111110111111011000
000000000000001000011010
000000000001110110011000
111111111110101001100011
000000000001001010111111
111111111111100101101000
000000000000010110110001
000000000001000101111010
000000000000100110111110
111111111110101100001110
111111111110010111010100
111111111110001111111001
000000000000111111001100
000000000000100111001110
111111111111011001110000
111111111100000101110100
000000000011010011011111
000000000000001101101101
000000000001011111100100
111111111111100001101111
111111111110100100000010
111111111111001010000011
111111111110111011011000
000000000010000000001010
111111111111101011010100
000000000011011111111101
111111111111110101011001
111111111110010010001101
111111111110101100100111
000000000000101000111100
111111111101101110110000
000000000000000011111010
000000000000000001110101
111111111110000101101100
000000000000001110011000
111111111111110010010000
000000000001100001010101
000000000000000001110010
000000000001111000001010
000000000001010001010001
000000000000000010100111
111111111110111111011001
000000000000001010101110
000000000000001010000011
111111111110010000100011
000000000001100111100101
000000000001100101110001
000000000011000001111111
111111111110110010111010
111111111111110011110111
111111111101110010100101
111111111111111000011011
111111111101111010000100
000000000010100001100101
111111111111111001110110
111111111111101000011100
111111111110001110110010
111111111101101011101000
000000000011000011001011
000000000001010011010011
000000000010011011101010
000000000000110101001010
000000000001111001001111
111111111111101001101111
111111111101001000000111
111111111011110010010100
111111111100010101010101
111111111100110101100100
111111111110110001110101
000000000000111101110001
000000000000110111000000
000000000010011100100001
111111111101101101100111
000000000000010101100010
111111111110100100110001
111111111111010011111101
111111111100011011001010
000000000001011000110101
000000000001100000011000
111111111110101011001001
111111111110110111100111
111111111111101011011100
000000000010000010010110
000000000000101001001011
000000000010100110100101
111111111101110000001000
000000000000000001111101
000000000001110110100111
000000000000000101001110
000000000010010011001011
111111111111010110000000
111111111110001111001000
111111111110101001001000
111111111111011100010110
000000000000101110100011
111111111110111100110100
000000000010101110111110
111111111110001110100101
111111111110100110100100
000000000001111111111000
000000000001001100010100
000000000001011100100011
000000000011000111110100
000000000010101111011001
000000000010011110101000
000000000000010111101000
000000000000011010111100
111111111111110011000101
000000000010001010001000
111111111110110000111111
111111111111110100001100
000000000001000110110100
111111111101001100111111
000000000011010111111001
000000000000101100110110
000000000100111000011101
000000000011111101101011
111111111111111001101110
111111111111000011110111
000000000000101100011100
111111111110101101011001
111111111011011011100001
111111111110100100000001
111111111111100010101111
111111111110011110101100
000000000100010011000000
111111111100111110001110
000000000000000000111001
000000000001110000011001
111111111101100000011001
000000000010010000010111
000000000000110101101001
000000000001111111001001
111111111111111110011001
111111111111101011001001
000000000000110111100000
111111111101111101101001
111111111111001111101000
000000000000010011001001
000000000000010101001101
111111111110011011100111
000000000000011001110001
000000000000110001000011
000000000010010111010110
111111111111000011100111
000000000001111001101010
111111111111001001010100
000000000000110110101101
111111111100101101101100
111111111111110001011001
111111111111010011110011
111111111111010101011001
111111111111001100001100
000000000001001111000100
000000000001011110010010
000000000001001110101001
111111111111000010011101
111111111110110011101010
111111111111010110000011
000000000010001011011110
111111111111011111110000
000000000010100001100100
111111111100100001001101
111111111101110011011001
000000000001011010011101
000000000001000110100100
000000000000000111010001
000000000000010000000101
000000000011001001111111
111111111111010011001010
111111111101101001001110
000000000001100010111100
111111111111111101000110
111111111111100011110011
000000000010000111111101
111111111110100111001111
111111111110101101010010
111111111111110011100111
111111111111001010010001
111111111111110001000001
000000000000010010111100
111111111111100100001000
111111111101011101000000
111111111111100011000011
000000000000100000000011
000000000001000010001010
111111111111001011001000
000000000010000100000101
000000000010101001010111
111111111111101111011101
111111111110110100000010
111111111111010010100011
111111111111111110010011
111111111101011101010110
000000000000000000001000
000000000000001111111111
000000000000011010101111
000000000001101001001100
111111111110011100000000
000000000001011000100100
000000000001001101001110
000000000011101001110000
000000000000110111000111
000000000001110000100010
111111111111101110101000
111111111101111101000000
111111111110110111010001
000000000001111110001100
000000000000100101110001
000000000000011010100000
000000000000001110101010
000000000000011111101101
111111111111011101100110
000000000011000011110100
000000000001001111010110
000000000001011000011010
000000000001010101101110
000000000001010000110001
000000000001101110010000
000000000011110110110101
111111111111111100011110
111111111111111110010000
000000000000000100110001
111111111110111000111100
111111111110011110110001
111111111111101010100100
000000000000111110101111
000000000001000100110101
000000000001010100100100
000000000011010100011001
000000000001011001111010
000000000010111110101100
000000000000101000010011
000000000000010100100010
000000000000110000100110
111111111111111111111010
111111111110001101110011
111111111111011100011001
000000000001010111111101
111111111111011100010101
000000000000101111000111
000000000000010001110011
000000000000001000100100
000000000011001100001000
000000000000110010011110
000000000001000111100101
000000000011011101100010
000000000000001001000101
000000000000000010001011
111111111111100110100111
111111111111010111001100
111111111110100110010000
111111111111111110101101
111111111110111011100111
111111111110001010010010
111111111111011111000101
000000000001001011100011
000000000010001010000000
000000000001011010110000
000000000001011100101011
000000000000000101011001
111111111100110111010100
111111111101111110110010
111111111111001111111000
111111111110100110101100
111111111111011111001100
000000000000011110001100
000000000001010100110000
000000000000101111010010
000000000000100011001000
111111111111010100111001
000000000000000111111110
111111111110110101000100
000000000000000110010010
111111111111100101101110
000000000000001110101110
000000000000001111110111
111111111111110101011100
111111111110100001101010
000000000000000011111010
111111111110110011000111
111111111110101101010110
111111111111100010110100
111111111111110000101111
111111111111000001111100
000000000001011011011110
111111111110110001101010
111111111110100110000001
111111111111101100101011
111111111101111011110111
111111111111011001001010
000000000000110000011100
000000000001111111001010
111111111111111110001000
111111111111001111101010
111111111111111101001100
111111111101110100011111
111111111110110101100011
111111111111001011101000
000000000001100001110011
000000000000101000100011
000000000001010010100010
111111111111100101101000
111111111110110010110010
111111111111111101100001
111111111111010001011111
000000000001001010111110
000000000010000000111011
111111111111010111100000
111111111111000000011100
000000000011000111100011
000000000000010000100111
111111111110010010111010
111111111111101100100011
000000000010000100111000
000000000000000001011001
111111111111000111110111
000000000001000101000100
000000000001100111101110
111111111111110111110010
000000000000000101000001
111111111111101001010011
000000000000000010000000
000000000000000010101011
000000000000011101110110
111111111101101010111110
000000000000001001101110
000000000000010111011010
000000000000101001000100
000000000000001101011011
111111111111101101110001
000000000001000111101011
111111111111001001011001
000000000000000011001111
000000000000110000000011
000000000001001010100011
000000000000110101010100
111111111111000110000101
000000000000100101001110
111111111110100000100100
111111111110111001100110
111111111111011101101011
111111111111101011001110
000000000000101110101011
000000000001101101001010
111111111111101011010010
111111111111101110000100
000000000000100011010110
111111111111011011001100
000000000000000110011111
000000000000110111001011
000000000000011000100010
000000000000001110000000
000000000000101010100001
000000000000010000001010
111111111111000001111100
000000000000110111111011
111111111110001111101111
000000000001001100000110
000000000000111000001101
000000000000101111011100
000000000000001001011011
000000000000011000000100
111111111110101101001100
111111111110110001100001
000000000000110010001111
000000000001010111111010
000000000000110011010111
000000000001110111010011
000000000000000011111101
000000000000001111010100
111111111111100111011000
111111111111001101111010
111111111110001011010010
000000000000111001011110
000000000001110110000101
111111111111111010111000
000000000000100011111000
000000000000000010111010
111111111110111001001100
000000000000010001100010
000000000000110111101001
111111111110000100000001
111111111110110010110100
000000000001000100000111
111111111111010101001100
111111111111001110010001
111111111111001001010001
000000000000110100101111
111111111110100000011011
111111111111000001001001
000000000001101001010011
000000000000010111001001
000000000001010001101101
000000000001010100100010
111111111111110010010010
111111111111000010000001
000000000001101010110100
111111111111001110110100
111111111110100001000101
111111111110110110101111
000000000000010000011101
000000000000000010011011
111111111111110011100111
000000000000111110010011
000000000000011111100011
111111111111001011111111
000000000000001101010110
000000000000100000011100
000000000000101100001010
000000000000000101000011
111111111111101101000010
000000000000000000011001
000000000001110110100101
111111111110101101111001
000000000000101100000011
000000000000101111100101
111111111111011100001011
000000000001001001100011
000000000000101100011011
000000000000011010111001
111111111111001100011111
111111111111000010100001
000000000000000011100011
111111111111111111100101
000000000000011111010110
000000000000111001110110
000000000001000011010011
111111111111110011110010
000000000000110000101010
000000000000010010101010
000000000000111001110100
111111111111000000111111
000000000000110110110001
000000000000011011000010
000000000001010001110111
111111111110111011111110
111111111111110100100111
111111111110100010011011
111111111111000100000000
111111111111001111100110
000000000000011001000010
111111111111101110100111
000000000001100011000000
000000000000000000110000
111111111111111110000110
111111111111011110101011
000000000000000101000111
111111111111001001011100
111111111111111110111101
111111111110010000011100
111111111111011010111010
000000000000110110011100
000000000000101111001101
000000000001000111111010
000000000000101001110100
000000000000110101001111
111111111111111001100000
111111111111110000000101
000000000001001010101000
000000000000100100111000
111111111111101111000110
000000000010000011100100
111111111110110010110011
111111111111011001111000
000000000000101100000101
111111111111101011101100
111111111111100001010111
000000000000101110111111
111111111110011111000110
111111111111001010010000
111111111111110110101110
000000000001000000001010
000000000000001100001011
111111111111010000010110
000000000000100110000100
111111111111111011110010
111111111110111011111110
000000000000000000110000
111111111111010001101010
111111111111101110011110
111111111111000000110011
111111111111111110100101
111111111110110011100100
000000000010011100111111
000000000001101101011010
000000000000100110101101
000000000010000101011011
111111111110101111011010
111111111111101100000011
000000000000110111100011
111111111111111010011011
000000000000110011110010
000000000001011010110110
000000000000110111110111
000000000000010010100001
000000000001000001100100
111111111111010110000100
111111111111010011111000
111111111111100111111101
000000000000010011100010
111111111111101010101000
111111111101101000000001
111111111111100011011000
111111111101000000011010
000000000001010100101100
000000000001110110100100
111111111111111110010100
111111111110111010101100
000000000000001101010000
000000000000000000110110
111111111101001011000001
000000000001011101110100
000000000001101000101110
111111111111110000110000
000000000001001100100111
000000000000011111010001
111111111111000110001000
111111111101001011010010
111111111110000001011101
000000000000001000010001
000000000001000000101011
111111111111001110110010
111111111100001011101001
000000000001001101100001
111111111111110001110111
111111111101011100101111
000000000001000110001001
000000000000001111101000
111111111111010100100001
111111111110100010100011
000000000001111011000000
000000000000110010110010
000000000001111111111111
111111111111100101111001
111111111111011011111001
000000000001000001011101
000000000000100000010100
111111111111000011011110
111111111101101011010001
000000000001001100101101
111111111110100000000010
000000000001111110101111
000000000001100110001110
000000000001100110111010
111111111110111101000011
111111111111001100001100
000000000001001101101010
000000000001010000011000
111111111111101100011100
000000000000000010100110
000000000001010001111011
111111111111101111001000
000000000000100001100001
111111111110100110111111
111111111111011010110100
000000000001001111001100
000000000000111111011010
111111111111011111011111
000000000001000000000100
111111111110101001001011
000000000000011010100101
000000000000001000101111
000000000000010101000000
000000000000111101101111
000000000001001010100111
000000000000011110010110
000000000000101000011111
000000000000000101110010
111111111101111111110011
000000000000100100100011
111111111111011000001101
000000000000111111101100
000000000000000001110110
111111111110000010100101
111111111111000001011100
111111111110010100110011
111111111111100000111100
000000000001000111010100
000000000000011011010000
000000000001100100111011
111111111111001010000010
111111111111101101111001
000000000000001111111010
111111111111000011101111
111111111111110000111011
111111111111011011011111
000000000000100001001100
111111111110111001010111
000000000001010101110110
111111111111111101100100
111111111110101100101110
000000000010011101101111
000000000001010011110101
000000000000111101101011
111111111110100010100110
000000000000010100100001
111111111110010110111100
000000000000000110011100
000000000001001100100010
111111111111110011011010
000000000001000100110000
000000000001000101110111
111111111111101111011101
111111111101101011101100
000000000001000011101011
000000000001000111011100
111111111111111000000000
111111111111000001111011
111111111111101011001110
000000000001010011011100
111111111110101011100001
000000000001000100000001
111111111111010111011000
111111111111111110010100
000000000000001001000010
000000000000100001100001
111111111110111010011100
111111111111011110101001
000000000010111000110111
000000000000010000101111
000000000000001111011101
000000000000001110101001
000000000011000111010110
000000000000001100100011
111111111111101011110001
000000000000010000011011
111111111111110000001011
111111111110110011000100
000000000000001110110110
111111111111101010100110
000000000000110011101111
111111111111111111100000
111111111111111001001000
111111111111101100110111
111111111111110001111100
111111111111111000100100
000000000001100111111010
000000000001001011010100
111111111111001111011100
111111111111010101101100
000000000000001110100000
000000000001100010110010
111111111111101011011001
000000000000101110110010
111111111101110010101110
000000000000000101010000
111111111111001010001101
000000000000011110111011
111111111110110001001111
000000000001001001101001
111111111110000101001010
000000000000101011010011
000000000000100010110011
000000000000010010010100
000000000010110010101101
000000000000001011100111
111111111111000101001001
111111111110111001110101
111111111111100110111010
111111111111111001000010
111111111110101010010100
000000000000100001000101
111111111111101001011110
000000000000010001111100
000000000000110110111000
000000000000111011111110
000000000000100110010000
111111111110100011101111
000000000000110101010100
000000000000100100110100
000000000000110011111000
000000000000100111100001
000000000001001010011111
111111111111101101100100
111111111101101110111000
000000000000011000011101
111111111111010000101101
111111111101100110110111
000000000000010110000111
111111111111001011100101
111111111110100110000111
111111111111100100110101
000000000000101000111110
000000000000111011001011
000000000000001110001010
111111111110101011001110
111111111111011100001000
111111111111111111011011
000000000000000111111110
111111111111001100111101
111111111111000101001111
111111111111010101011010
000000000011001101110000
000000000001001111011011
000000000001000000110001
000000000000011010010011
111111111111010011110111
111111111110011000110110
111111111111010110011110
111111111111011100110011
111111111111110110100111
111111111111110110100111
000000000010000101011011
000000000000111011011001
111111111111110011101101
111111111111000011111010
111111111111101010110100
111111111111100011111011
000000000001011110100010
000000000000001010000100
000000000000001110010000
111111111111000011100110
111111111111011100111000
111111111111011011010111
111111111110010001100100
000000000000010010001101
111111111101011100100101
111111111110111110010001
000000000000011110100111
000000000000001000100001
111111111111000101100001
000000000001100110000011
111111111101111010100000
000000000000001110001001
000000000000101110110110
000000000010010110100100
000000000000111011100110
000000000001000010100010
111111111111101001000101
000000000000101100111000
000000000001000101111010
111111111111101011011111
111111111110100111110000
000000000000010110011001
000000000001010101110101
111111111111100100001111
000000000001110001111001
000000000001110010001110
111111111111010000001011
111111111111000010101100
000000000000010110011000
111111111110010111100100
111111111110110111000100
111111111111101100011101
111111111110001000111000
000000000000110110001111
111111111111101100100010
000000000001011110000110
000000000000101100010101
111111111101111011101000
000000000001110000011010
000000000001010111110011
111111111111111010100001
000000000000000100100101
111111111111010110111010
000000000000001100001000
000000000000100000011011
111111111111010100010111
111111111111101010010100
111111111111111101011011
111111111111111010110010
000000000000011000111100
000000000000011111100101
000000000010000101100000
000000000001111110011000
000000000000000111010010
000000000001010101011011
000000000000010001110100
111111111111111100110101
111111111111011011000000
000000000000010110011010
000000000000100001100110
111111111110100101111000
000000000000111010100000
111111111111110110000011
000000000000010110011000
111111111110101001010110
111111111110010000010001
111111111111001001111010
111111111111001101100100
000000000000010101100111
111111111111110100000011
111111111111001111101011
111111111111010111110000
000000000001000001011000
111111111110110101100111
111111111111101001110101
111111111111010010011110
111111111110100111100101
111111111111101100010011
111111111111010000110111
000000000000011010010000
111111111110101001111011
111111111110111001101100
111111111110000010101000
111111111111111111100110
000000000001001111100001
000000000000111111000111
111111111111011110100101
000000000001101000010100
000000000000101001110101
000000000000000000101111
000000000000000001011110
000000000000010000010001
111111111101110110000001
111111111110110100111111
111111111111110110101000
111111111101100001100010
111111111111000000100010
000000000000011110110111
000000000000100110000101
000000000000011011000111
000000000000110001111111
111111111110110001011001
111111111110101110000010
111111111110100110111001
111111111101011101011001
111111111111110011100101
111111111111010111001000
000000000001010110000000
000000000000000011000111
111111111101010001110001
000000000000111100101011
000000000001011111111010
000000000000101111010101
111111111111001101101010
000000000000011100010100
111111111110110011100000
000000000000011000101111
000000000001100100010011
000000000000010001000100
111111111111110000011101
111111111111101101000011
111111111111110101101000
111111111101101011010101
000000000000010110111111
000000000001010010111101
000000000000001110010110
111111111111000000111100
000000000001011011001001
000000000001101001101001
000000000000001000101010
000000000000101110000100
111111111110001111100110
000000000000011100110000
000000000001101101000010
000000000000000001110001
000000000000011110010000
000000000001001011010110
000000000000110110100011
111111111111110000100110
111111111110100111110100
000000000000111100011010
000000000000000010110001
000000000000110110100011
000000000000101001010111
000000000000011110100110
111111111111101000100110
111111111111110110000110
111111111111001110001001
111111111111110111110011
111111111111011110010110
111111111110101111101101
000000000001010111110101
000000000001101101100101
000000000000111000100011
000000000000000100001110
111111111111100110100101
111111111110011110110100
111111111111110100001111
000000000000010000101110
000000000001010101101010
111111111111110001010011
111111111111101000010001
111111111111100010001001
000000000000111110011011
111111111111001100101010
111111111110011100010110
111111111110100101110011
000000000001100100011101
000000000000001000010111
111111111110111000010000
111111111111100101111110
111111111111100100010101
111111111111011110011001
000000000000100010001111
000000000001011110110111
000000000000011111110001
000000000011010001011100
111111111101111000001111
000000000000110001110011
000000000011011011000001
000000000000010101100011
111111111110111110010100
111111111101011001111011
000000000000010111100000
111111111110110101111110
111111111110010001010110
000000000000101110110001
000000000000010001001111
111111111111001101001001
111111111111000000001000
000000000000110110100011
000000000000010110110110
111111111111001100111101
111111111110101101110010
111111111110110011111111
111111111111100100100000
000000000000001011010100
000000000001101110001110
111111111110110100000000
111111111111101001010000
111111111111010101110010
111111111100100100011100
111111111111111110011011
000000000000000110110100
111111111110001000100111
000000000001110010011101
000000000000100111100001
111111111111010100100000
000000000010000100011100
111111111111000110011011
000000000000011000100101
111111111110100110010101
000000000000000111000110
000000000001000001011100
111111111111011110011001
000000000001000100010111
000000000000101111111101
000000000000001011010101
111111111111100110010010
000000000001010000110011
111111111111100111000100
000000000000100000101010
111111111110110001100001
000000000000110011100000
111111111110111101000000
000000000001010000000010
111111111111100101011100
000000000001010111100000
000000000000101010110001
000000000000011101101100
000000000000110101101011
000000000000110000000110
111111111111001010100111
111111111110111000111110
111111111111001110000111
000000000001011010101111
111111111111111001011100
000000000000101110110000
111111111111100011000101
000000000000010010110001
111111111110110001001101
000000000010001010101000
000000000000110101101100
111111111110001110101101
111111111111100010011010
000000000000100010000111
000000000000000001110100
111111111111001111100100
000000000000111101001001
000000000000010110010001
111111111111010101000000
000000000001100010000010
000000000000000111101001
111111111111000010010111
000000000001010001110100
000000000000111010001011
000000000000001001011111
000000000000001110001110
000000000000000000011010
000000000000011111000101
111111111111111001000110
000000000000100011110110
111111111111111110011111
111111111111010011000000
000000000000011010011111
000000000000000011000001
111111111110111011110100
111111111110011110000001
000000000000011101101100
000000000000101100110010
000000000000000000110010
111111111111110111101110
000000000000111001101010
111111111110101100110111
