000000000011001001100000
000000000010101110001101
000000000010101000010010
000000000011111110110101
000000000101011010010101
000000000010111001110011
000000000011001111111100
000000000100001001010100
000000000010111110001011
000000000011100000101010
000000000011111111010110
000000000011101001000110
000000000011100011101111
000000000101011101000100
000000000010001010011111
000000000100000000001101
000000000011011111111101
000000000100111000011101
000000000100010011000000
000000000011110110110101
000000000010111111000110
000000000001110010001111
000000000001111100110001
000000000010010011000101
000000000010111001110110
000000000011000100010001
000000000010010101111111
000000000001100001011000
000000000011011110010101
000000000010001000111001
000000000011010100000010
000000000011100111010101
000000000010101111101100
000000000011011011001101
000000000011111111101101
000000000100010111010110
000000000011010111010110
000000000101000101111111
000000000011000111001010
000000000100111011011011
000000000011110101110110
000000000011100000001001
000000000100101111101110
000000000100001101000001
000000000100001111111100
000000000011100111100100
000000000011101101111111
000000000011110111110010
000000000011100010100100
000000000101010011010010
000000000010101011100010
000000000011001001101110
000000000010111111101110
000000000010101101110001
000000000101110010111010
000000000100100111110001
000000000011001111001010
000000000101000011011000
000000000011010001100011
000000000100001110001011
000000000010100010110010
000000000010000111001110
000000000001101110100110
000000000010001011111101
000000000011100100111001
000000000010011110111011
000000000010010101111101
000000000010101101100110
000000000001110000011100
000000000010011111011001
000000000100011101101000
000000000011101010101000
000000000011011000010111
000000000100000101000100
000000000011110101001100
000000000100001010001000
000000000011001011111101
000000000011010110100001
000000000100101000100110
000000000100001001100100
000000000010100010110001
000000000010110001000011
000000000011100010010000
000000000011100001001010
000000000011100001011000
000000000010100110010101
000000000010100010011100
000000000100001000111000
000000000100100010110001
000000000100000001100001
000000000011001110101011
000000000011001101011110
000000000010111101110110
000000000011001011110110
000000000011001001011011
000000000100010110100000
000000000010111110010000
000000000010101001100000
000000000011100110011100
000000000011101000101100
000000000010010010110011
000000000010111011100110
000000000011000001110011
000000000010111111101101
000000000010101010010001
000000000011001001100010
000000000001111101110100
000000000010101111110111
000000000011111100111110
000000000011010101011011
000000000100111111101000
000000000011001001010011
000000000011000001110111
000000000100101100011101
000000000100001111001100
000000000010110101010010
000000000011100111001110
000000000011000001010000
000000000010110100011111
000000000011011100000011
000000000011011001111101
000000000011000100101011
000000000011010000101100
000000000011011000011110
000000000001111110000010
000000000011010001100000
000000000001111010001001
000000000010011110101010
000000000010011101101110
000000000010010000111101
000000000010100100101111
000000000010010000100011
000000000001111101000111
000000000001011110011100
000000000001011110011010
000000000010010100010011
000000000010010101100111
000000000011001110100110
000000000010100111111001
000000000001111010001010
000000000100001111100010
000000000011001101000100
000000000010000011100110
000000000010111111100010
000000000100100100101110
000000000101000111111010
000000000011100101011000
000000000100101011010011
000000000011001000001111
000000000100100111000110
000000000011100001111101
000000000011000111100001
000000000100010001110110
000000000011110010010011
000000000101011100010010
000000000101010101001111
000000000011110100110001
000000000011001110111101
000000000010100011101100
000000000011001110111101
000000000011010110011100
000000000011001110011000
000000000100101001011111
000000000100000000010011
000000000100101100101001
000000000010000011110010
000000000010101101001010
000000000011100110110010
000000000011100110000111
000000000100001110000111
000000000011101010111111
000000000100000111001011
000000000100111111011000
000000000101000011010101
000000000101011110110100
000000000100000100010111
000000000011110110010100
000000000101000000100011
000000000101011110100011
000000000101010000111000
000000000010101110110010
000000000100111110111100
000000000011001011101010
000000000010111101100110
000000000101000111111010
000000000110001100111000
000000000011010011111110
000000000100111011110001
000000000011011001101110
000000000100000110100110
000000000010001111011000
000000000010110110110000
000000000001110101101100
000000000010101010010000
000000000010011101010010
000000000010010111101111
000000000011100100111011
000000000010010011101110
000000000010011100110010
000000000011010010101101
000000000011101011001000
000000000010111010001100
000000000100000100011110
000000000100010101000101
000000000010111000110001
000000000010100100100001
000000000010001101100000
000000000011101101110101
000000000011110100100101
000000000011101111101011
000000000011111101001001
000000000011000001101111
000000000011001001110101
000000000011001101101110
000000000011100011010011
000000000011111111010110
000000000011001100100000
000000000011000110001111
000000000100111000010100
000000000011011000000101
000000000011000110111000
000000000011010011011011
000000000011111000111110
000000000011101111010101
000000000010110011001110
000000000010000011101001
000000000011100000110001
000000000010010111001010
000000000011011001011101
000000000010100110100000
000000000010111001000111
000000000100111010011011
000000000010001110011110
000000000011101101100000
000000000010000000100101
000000000001100001111101
000000000010010101111011
000000000011010001001100
000000000011011101101101
000000000010111100101111
000000000011000010010101
000000000010110000010110
000000000010000010101110
000000000011011001101101
000000000010100000111001
000000000010111100111101
000000000010001100011011
000000000011000110000100
000000000001110101001101
000000000010011000000011
000000000011001101011011
000000000011010010100010
000000000100000110000001
000000000101110100011111
000000000100110000010011
000000000100110011101011
000000000010110101100100
000000000011010110111100
000000000100110011111011
000000000100110100110101
000000000100001111110111
000000000011011001111010
000000000010110101010000
000000000010100100110111
000000000011010111110101
000000000010101000000111
000000000011011000010111
000000000011001011000110
000000000011011010000100
000000000010111110110000
000000000011100000110011
000000000010001100100101
000000000011001100001011
000000000011011010011011
000000000011100011111100
000000000010010101011101
000000000010001101000011
000000000010101001011111
000000000010010111011110
000000000011101000110101
000000000001100100100011
000000000001100010100010
000000000001110100100010
000000000011001000101000
000000000001110101101000
000000000001010000101010
000000000001111100110110
000000000001110011010010
000000000010011101010001
000000000001110000101110
000000000010000001110101
000000000010100100111011
000000000011010110100000
000000000010111110100100
000000000010001110001001
000000000010001010000010
000000000010011101011100
000000000001010101000110
000000000010011101101100
000000000010001111001001
000000000011010011001001
000000000010011010010001
000000000101010111111010
000000000100000101010100
000000000011010000110101
000000000011010010000110
000000000100101010100011
000000000100001110101010
000000000011011111101001
000000000011011110011001
000000000100101001110000
000000000011111000100100
000000000101010101011010
000000000011100000001111
000000000011111011000011
000000000011100010100101
000000000010111010101111
000000000011010100001111
000000000011101111001100
000000000010101011100001
000000000011011010011111
000000000010101001111101
000000000010110010010010
000000000100001000110101
000000000011011000010101
000000000100001101000000
000000000001101010100111
000000000010010101011111
000000000011111100000000
000000000011011001101101
000000000100011001001011
000000000100100110001110
000000000010000101110000
000000000100101001100111
000000000010100100010001
000000000010001001001101
000000000010100010111011
000000000011101111110100
000000000100000100000000
000000000101100010100000
000000000011010000110001
000000000011111011001000
000000000101011101101001
000000000011100010101110
000000000010110011100000
000000000010111000011010
000000000011010000111111
000000000011100010010010
000000000010001100101101
000000000101000000110000
000000000010011100010100
000000000011101011101000
000000000100001000010110
000000000100000101011010
000000000010010111111110
000000000010111011111110
000000000100001001000001
000000000010111000101001
000000000011111111110100
000000000010110100010010
000000000011101110010001
000000000010111011110100
000000000011011010010000
000000000011100110100011
000000000011000011010011
000000000011010111101001
000000000011010100010011
000000000011011011111001
000000000100011010111000
000000000011100010000000
000000000011001000101111
000000000010010111010111
000000000011001111111100
000000000011110110101101
000000000011010000111011
000000000011010110110101
000000000100001110110001
000000000100001000110110
000000000011111101101010
000000000011011010001100
000000000010111110111111
000000000011101100011000
000000000100100001011111
000000000011111011110001
000000000100101111000000
000000000010100100000111
000000000011101001100011
000000000100100010000000
000000000100000110001110
000000000100100110100000
000000000101100010001000
000000000010000110101000
000000000101100111000111
000000000100000100000101
000000000101010010100110
000000000011011010011011
000000000101110010000000
000000000100010011000011
000000000011101110001010
000000000100100000101001
000000000011110100001001
000000000010000000010111
000000000101001001000010
000000000100011000110010
000000000100010011011110
000000000011010100000011
000000000011100110011001
000000000100011101100110
000000000011110001000101
000000000011010011101011
000000001000000101100010
000000000101001000111101
000000000100101001100100
000000000100001011110011
000000000101111111111101
000000000100110110111011
000000000100110000110011
000000000100001110101101
000000000100110100011111
000000000101101001000010
000000000010101110001110
000000000100010101100000
000000000011100010010010
000000000011100110011111
000000000010010111011110
000000000011000111111010
000000000011001011111000
000000000011011101101010
000000000010110111011111
000000000100000010010011
000000000001100100001000
000000000001111010111010
000000000010100100001111
000000000001100001100100
000000000010010000001100
000000000010001101111001
000000000001011000001100
000000000001111001001101
000000000001011000101111
000000000010011111100000
000000000001111011111000
000000000010010111101011
000000000001100001011000
000000000010010101111111
000000000010010010000010
000000000010111101110100
000000000010000100011111
000000000010010111101011
000000000010001000010100
000000000001111101010000
000000000010011000111111
000000000011001000111111
000000000001110110010101
000000000011011010010001
000000000100011100111000
000000000101110110010011
000000000001110100100110
000000000011001111000010
000000000011001110010110
000000000011000111100100
000000000010100010000000
000000000011001011011100
000000000011101000100001
000000000010100111001101
000000000010010000001001
000000000100000001111000
000000000010001101111100
000000000010110011000101
000000000011000010000101
000000000010110101100111
000000000100101111100110
000000000010101111100100
000000000010100101001100
000000000100001011000111
000000000011111111101111
000000000011100110000110
000000000100001011001101
000000000100101011110100
000000000011011011110101
000000000011111010100101
000000000010001100011100
000000000010100001010001
000000000010000111001001
000000000001110111100010
000000000011011011111000
000000000100010011000100
000000000001111100001010
000000000011011000000111
000000000010011110000000
000000000011110100011101
000000000011100110110110
000000000011111000000111
000000000100101011000000
000000000100100011001110
000000000100000100001001
000000000011110111101001
000000000100101001111001
000000000100001011000101
000000000101000011001001
000000000100010101100011
000000000010110110000000
000000000011010010101010
000000000011010000001001
000000000100001101100111
000000000100111101010111
000000000110001110011111
000000000011101010000101
000000000011011000011011
000000000011010011110100
000000000100000001000000
000000000011010000100100
000000000011100101001110
000000000100000000010100
000000000100011011010000
000000000011100010011011
000000000011110010100110
000000000100010010010000
000000000011101010010000
000000000100011110001001
000000000100000011101001
000000000011101011101000
000000000010111111110000
000000000100101100001100
000000000100111001100100
000000000100100011101110
000000000110000000110100
000000000101101101101011
000000000100101010001010
000000000011111010100000
000000000110100011100110
000000000011011110101001
000000000011111000111010
000000000100110111000001
000000000100011010011001
000000000101000000000001
000000000011001110001101
000000000010111101001010
000000000101010101111011
000000000011010010000011
000000000100100001111110
000000000000111011001100
000000000010001000010110
000000000001101011100011
000000000001100111001011
000000000001010110100100
000000000010001011001000
000000000010000111001010
000000000001011100001011
000000000001110001110001
000000000001101111111001
000000000010011100111010
000000000011010001001100
000000000011010001110011
000000000100001110110101
000000000011010010101110
000000000011010001011000
000000000010111001011101
000000000010111000010110
000000000100000000010011
000000000100000100101101
000000000011100100110010
000000000011111100101101
000000000101101101101111
000000000011101110000100
000000000101000011101010
000000000100000111001111
000000000010110111101011
000000000101110000000001
000000000011111011111111
000000000100011001011000
000000000011010111011111
000000000011001011110110
000000000010000110110100
000000000011111111100011
000000000100101101110010
000000000111010001110110
000000000011000111000000
000000000100011001100101
000000000010111011111101
000000000010100110001011
000000000010001101111011
000000000010010001100000
000000000100001001110111
000000000011011000101100
000000000011110101100111
000000000011110110100100
000000000010100100000101
000000000100001000001110
000000000011100000111111
000000000100101011001000
000000000001111000001011
000000000011000010001111
000000000011000110110100
000000000100001001110110
000000000100100001100100
000000000100000000000010
000000000011001110101000
000000000100000101111001
000000000100111001100111
000000000011100111111010
000000000010111101001101
000000000011110111111101
000000000010010110000001
000000000100001011001001
000000000010010111110101
000000000010101011101011
000000000011001101111100
000000000100010100000010
000000000100010111001001
000000000100000000010110
000000000011101111011111
000000000100100111001111
000000000011101101101101
000000000011101110100001
000000000100010110110111
000000000110110010000110
000000000011100000000111
000000000100011000100111
000000000011111111111011
000000000100101101100100
000000000011101010110001
000000000011101011100011
000000000010110101001010
000000000101000011101101
000000000100101001111010
000000000101010000000001
000000000010010101010110
000000000011010100000100
000000000011010001101010
000000000011110101001101
000000000011001110111010
000000000010100110110010
000000000011101000111010
000000000100001110100010
000000000011010110011011
000000000110100010110100
000000000010110100101001
000000000101001010001001
000000000011110100101000
000000000100101001011011
000000000101110000110111
000000000100110011111010
000000000110101010000011
000000000100101010000110
000000000100110110100001
000000000100001001101011
000000000100110010010111
000000000011101110101111
000000000100101000101110
000000000100100000010110
000000000011010000100000
000000000001111101001000
000000000011011010001010
000000000010101110001011
000000000010111010011101
000000000010000110010010
000000000010011000010011
000000000010010100010001
000000000011011101100110
000000000010011011111001
000000000010010100101111
000000000011101010001111
000000000011000011011110
000000000101011100101000
000000000100101101010100
000000000010101010001110
000000000011101001000001
000000000011101010110111
000000000100010100000110
000000000101001011111010
000000000010111100111110
000000000011110000011010
000000000010011001111110
000000000001110011000000
000000000100011111101101
000000000101110110100001
000000000010100111110000
000000000100000011100011
000000000010011110000111
000000000011101110000001
000000000011110100010111
000000000010011001011101
000000000010011010101001
000000000010001111100110
000000000100100001101111
000000000100100011111111
000000000011110101100100
000000000011001000011000
000000000010001100011101
000000000010101010010101
000000000101101111110111
000000000010011101011010
000000000110101101100101
000000000100110001100001
000000000100100110111001
000000000011011100000001
000000000011111100001100
000000000100011000000000
000000000011101111111100
000000000010111001110000
000000000011010000100011
000000000010101111100010
000000000011001001110011
000000000100100111001000
000000000010101010000011
000000000010101101111110
000000000010110100111011
000000000100001101000111
000000000011001101110111
000000000100100110111010
000000000010111111100001
000000000010100001110011
000000000001110000001101
000000000011000010010011
000000000010110100110100
000000000011100110001010
000000000001101001000010
000000000010110000110011
000000000010010100000111
000000000001101011110101
000000000010110110000010
000000000010001010001111
000000000011011111101110
000000000001101110110111
000000000011101101101110
000000000010011001110101
000000000010111010010001
000000000010011001010100
000000000010000101001000
000000000010010101110000
000000000010101000001001
000000000011101001000100
000000000011101011000100
000000000010110000111000
000000000011001101110100
000000000001111000110011
000000000010111001000110
000000000010110001100011
000000000010110101001110
000000000010100001000110
000000000011001100001001
000000000011000011010100
000000000010011111111001
000000000011101101111011
000000000100101001110001
000000000001101101101110
000000000011101110101100
000000000100101110010111
000000000011001000010100
000000000101010100011011
000000000100100111110111
000000000101001000001110
000000000100101110011111
000000000101100010111111
000000000100011000100010
000000000011000110110110
000000000100001001100000
000000000100000011111011
000000000110100001001001
000000000011101111000111
000000000010010000111011
000000000001100010000011
000000000001011001011011
000000000010000000011100
000000000001001100111011
000000000001101001111001
000000000001100001111010
000000000001011110110011
000000000001010000111000
000000000001000110001001
000000000100110100011010
000000000100011001010001
000000000011101100011111
000000000111000101110010
000000000100000111111101
000000000011110110000100
000000000101011011100001
000000000100100100001101
000000000100111011111010
000000000100011011101100
000000000100110001001110
000000000011000011110011
000000000011000001110010
000000000010101010100100
000000000010101110111111
000000000011011110001110
000000000010110111111011
000000000010110010010001
000000000011110001001010
000000000011110101101000
000000000011000010000100
000000000011001011000011
000000000010010100111100
000000000011110100101001
000000000011000100111010
000000000010100111001000
000000000001101011011100
000000000011011000101110
000000000011010011010110
000000000010010010100010
000000000011001100010100
000000000011011010000011
000000000010011010101100
000000000011010110110011
000000000010011100110000
000000000100001011000010
000000000010110111101100
000000000011000111111011
000000000010011101101000
000000000010010100110000
000000000011110001110110
000000000010101001000100
000000000010100001111000
000000000100111101010001
000000000101001110100111
000000000100010010100111
000000000011111111000110
000000000011100000110110
000000000011110011001110
000000000010000101100110
000000000010100001001101
000000000011010100110111
000000000100010010111111
000000000001001001101000
000000000001101111000100
000000000100001011010011
000000000010110010010101
000000000011110100000011
000000000010000001111010
000000000100001011101111
000000000011101001010111
000000000010000110011010
000000000011001011101010
000000000100001001011111
000000000011110010100011
000000000010101000110011
000000000010100100011101
000000000010111100000111
000000000010010100010100
000000000010101000011011
000000000100101011010001
000000000101000010000100
000000000100011011001011
000000000110000000110011
000000000100110110010001
000000000001111100000000
000000000101010100110001
000000000100101110110001
000000000101000111010111
000000000100000010100100
000000000011000101110111
000000000010101000101100
000000000100101001011111
000000000100111100100010
000000000011110110000111
000000000011010111111010
000000000010111010100110
000000000011000011011011
000000000011110110100110
000000000010111100000000
000000000100011011101011
000000000100110111010011
000000000100011100100110
000000000101011000110010
000000000100101110000110
000000000100011000110111
000000000011010011010000
000000000100101001011010
000000000101110101110101
000000000100101110111100
000000000001110100011011
000000000001111000001101
000000000001010001100110
000000000001111110010111
000000000010110000010000
000000000001100010000110
000000000001100100100100
000000000010011010100111
000000000001100111011101
000000000001100110100101
000000000011110011110110
000000000011001001111101
000000000100011101100011
000000000100100010110100
000000000100101111100101
000000000110001010000101
000000000011000000001101
000000000101010001000111
000000000011101001101011
000000000101000110110111
000000000011111001010111
000000000010110101000101
000000000010001111000000
000000000011111110110101
000000000011100100010110
000000000011001100111001
000000000010000100001111
000000000011110011011110
000000000100100100000110
000000000011010010110101
000000000011101110101001
000000000010001100100001
000000000011001000111011
000000000011100010011111
000000000101000111110110
000000000100001011110000
000000000010010101000110
000000000011001111010001
000000000011000000001100
000000000011111010011001
000000000011101000011101
000000000011000000010010
000000000011001001011111
000000000010100100101100
000000000100100111111001
000000000100010001010110
000000000011010001011000
000000000100010010010011
000000000010011011100111
000000000011101100110010
000000000011000101010100
000000000001111100001001
000000000001011110111001
000000000001101111111010
000000000010110101000111
000000000001111101110111
000000000010010101100111
000000000010010000110101
000000000001101100100010
000000000001110101011101
000000000101100111001010
000000000011011110001101
000000000011000011000100
000000000011001010110111
000000000101110111010000
000000000010010000101101
000000000100011011101100
000000000011100111100010
000000000010011110000101
000000000011010101001101
000000000011001101111111
000000000101111111010010
000000000011111010110000
000000000101010000101001
000000000010111010101110
000000000011011010000111
000000000010110011001011
000000000100100101111010
000000000100101000100110
000000000110010010110110
000000000010110011010000
000000000010111001100000
000000000001110010110110
000000000010001001101101
000000000010101101011000
000000000100110011000010
000000000010000000000100
000000000010010111000110
000000000001110111110101
000000000001110100011001
000000000011100111110110
000000000010111000101011
000000000011110011111010
000000000011101011101110
000000000100101110000100
000000000100000100001100
000000000011101010101011
000000000100101011001100
000000000100010000111101
000000000100101001010101
000000000011111000100011
000000000010101111010011
000000000101100000000011
000000000101101001100000
000000000100001101101100
000000000100010000100111
000000000011011000100110
000000000011100100011010
000000000100011100000111
000000000011101000101000
000000000011001000101111
000000000011011000000000
000000000010001010010010
000000000011011110011101
000000000001001001001010
000000000010100110100111
000000000010000100011011
000000000010100110000111
000000000010010001101011
000000000011100011110111
000000000100000000010011
000000000010100011010110
000000000010111100110010
000000000100011001111111
000000000100101001111010
000000000011011100001010
000000000011000000101001
000000000011101011110101
000000000010110011110010
000000000011101001011101
000000000010101010011101
000000000011010000011001
000000000010011101100100
000000000011110001000000
000000000100001101101010
000000000100110110010110
000000000010101110100101
000000000011111110001100
000000000011110001010100
000000000100001100010101
000000000011110111010011
000000000100000000101110
000000000100101111000111
000000000010011001000010
000000000011011011001010
000000000110010101110001
000000000101011111100100
000000000100101010110101
000000000011110001101000
000000000100101000011001
000000000011000111101100
000000000010111010110011
000000000011011010110110
000000000100000010111000
000000000011010011000001
000000000011110100100011
000000000010101011100110
000000000010111110101100
000000000010011010010110
000000000100011101011010
000000000100001110001001
000000000100111000010000
000000000011110110011101
000000000010111111011111
000000000010101111000011
000000000101111101110110
000000000011111011111110
000000000011011110000011
000000000011111111010111
000000000011101010110101
000000000010110001101100
000000000011010011100111
000000000010111100001001
000000000100111111110101
000000000011010011101110
000000000011010111010101
000000000010000000101001
000000000011110110100010
000000000010110101000100
000000000100000111111000
000000000011101110100101
000000000100000111111001
000000000101010001100010
000000000011100101000111
000000000100110001011100
000000000011111100010011
000000000011011101011001
000000000100100001010001
000000000100110010000011
000000000111000010110010
000000000011100001001010
000000000100000100000101
000000000110000010000010
000000000100110100101010
000000000100110110010111
000000000011011111101011
000000000100111011011100
000000000011110111000010
000000000101100000100111
000000000011110111100101
000000000011111110100000
000000000011010111110000
000000000001111100010000
000000000011010101100000
000000000100111111111110
000000000011110010111100
000000000100001100101101
000000000010001011101000
000000000010100001001111
000000000011010101110001
000000000011111001010101
000000000100110101100010
000000000101001011001101
000000000100110100111110
000000000101110001101001
000000000010010010000101
000000000011011001001001
000000000101011001100001
000000000100101110001111
000000000100101011101000
000000000100001011000001
000000000100111101010000
000000000010010011111010
000000000011010110100110
000000000100011110001101
000000000100101110110101
000000000011101010110000
000000000101000100100011
000000000010111100001111
000000000100101111000111
000000000001110111100011
000000000010110010001110
000000000011001100010000
000000000010111110001100
000000000010111100111111
000000000011101100100100
000000000011011000001100
000000000011111111110110
000000000011101000111000
000000000100110010100001
000000000010010001101110
000000000011111010000111
000000000010111001001101
000000000011001100011110
000000000100010110101010
000000000011000110100101
000000000011000101101000
000000000011100001010000
000000000011101011010010
000000000100110011011101
000000000010011101000011
000000000010101010101011
000000000001111100011000
000000000010001010001010
000000000011101011101001
000000000001111100000101
000000000011000110110000
000000000010000001110001
000000000001110111110011
000000000010101001100101
000000000010111101100111
000000000011000111001110
000000000011110110111011
000000000100101001000101
000000000100010111110111
000000000011100101101101
000000000011110000101110
000000000100101010000110
000000000100000101001011
000000000101001111101110
000000000100011001001101
000000000011001101000100
000000000101110000101100
000000000010111111011000
000000000010110010011111
000000000100010000110100
000000000011011111101001
000000000011010000000100
000000000011010000110001
000000000011010010101110
000000000011000101100001
000000000001110110001010
000000000010101100000000
000000000010011001011100
000000000010100011111011
000000000011011001110000
000000000001111110000100
000000000001110001010010
000000000010111000101100
000000000001110000100011
000000000011100010011101
000000000011010001010110
000000000011001010001000
000000000100001001011011
000000000100110010010110
000000000011000100110110
000000000011001111000010
000000000100000111010010
000000000100110011010000
000000000100001101010000
000000000010101011111110
000000000010001001100000
000000000001101010001010
000000000011010101111101
000000000010111001010111
000000000011010100000101
000000000010011111000011
000000000010101000000111
000000000001100110111000
000000000010000110000111
000000000011111110101101
000000000100111111111110
000000000100100001100011
000000000010010001111010
000000000100001000000011
000000000111011100011000
000000000100011001101101
000000000110001100110000
000000000100110000001001
000000000110011011001010
000000000100111111100000
000000000100111001110110
000000000010100101100001
000000000100001011000011
000000000011101001100000
000000000011110001111111
000000000011110001010111
000000000101010000111111
000000000100011101011100
000000000100000111001001
000000000011010101100001
000000000011101000111010
000000000011110001100000
000000000011111111010010
000000000011011110110111
000000000011010011101111
000000000011011110011011
000000000100000101001001
000000000100110101000111
000000000011111100101000
000000000011010001001101
000000000010101100011000
000000000011001111111001
000000000010000100111010
000000000100001110000110
000000000010011111111100
000000000011000000001110
000000000010110101000110
000000000010000101001111
000000000011000001101111
000000000011101000011111
000000000010110000001110
000000000011110010111001
000000000100111000000111
000000000011011110100100
000000000101000111001011
000000000010010011000110
000000000100001101001110
000000000011010001001011
000000000011100001000110
000000000010111010000100
000000000011110100000000
000000000101100000110001
000000000100111101010111
000000000100100111001111
000000000011111111000001
000000000011010000100110
000000000101000110111000
000000000100100000000001
000000000100100111011001
000000000100010000011101
000000000100100010111110
000000000100010001011011
000000000011101001001010
000000000100001010110111
000000000101101010000010
000000000011010110111000
000000000100100100010111
000000000011111010010010
000000000110100010110011
000000000100010000001010
000000000010100110011010
000000000100111100111010
000000000100001110101010
000000000100111010110000
000000000010111100000110
000000000010011010110100
000000000010000100011101
000000000010110010011010
000000000011010101100010
000000000010111110110010
000000000010001001100011
000000000010111101010110
000000000010011111101100
000000000010011100100010
000000000010100000101100
000000000011011100110001
000000000001111100101001
000000000010000110101010
000000000001010101101110
000000000010000000111000
000000000001111011000100
000000000001100001000011
000000000011000110001000
000000000010110111101011
000000000011010100100000
000000000010000110110001
000000000011000010011101
000000000011010001011001
000000000011011001111011
