0.2811163365840912
0.6411430835723877
-0.5193753838539124
0.020615044981241226
0.5444580912590027
0.7273770570755005
-0.506283164024353
0.8200557827949524
-0.20370623469352722
-0.5551004409790039
0.803646445274353
-0.7547972798347473
-0.4707803428173065
0.5378118753433228
0.1760273575782776
-0.593344509601593
-0.30473747849464417
-0.19562451541423798
-0.5518443584442139
-0.03826911747455597
-0.21619173884391785
-0.023684510961174965
-0.828846275806427
0.6592200398445129
-0.4015747308731079
0.5848737955093384
-0.9091383218765259
-0.38182002305984497
0.5645725727081299
-0.3193666338920593
0.5219093561172485
0.3523355722427368
-0.44140058755874634
0.30928608775138855
0.6054733395576477
-0.5835793614387512
-0.14981737732887268
-0.5794597268104553
0.6470867991447449
-0.5271176099777222
0.5752631425857544
-0.613692045211792
0.19845472276210785
-0.46135613322257996
-0.5817688703536987
0.45070359110832214
-0.46295639872550964
0.4302368760108948
-0.49984851479530334
-0.5763202905654907
-0.7230089902877808
-0.8130919933319092
-0.8461129665374756
-0.66164630651474
-0.19544284045696259
-0.1832636594772339
-0.5732176303863525
-0.34474697709083557
-0.32298946380615234
-0.37805652618408203
-0.5943172574043274
0.7525826096534729
-0.805899441242218
-0.38712990283966064
0.5812713503837585
-0.7295803427696228
-0.05321723222732544
-0.39584383368492126
-0.3609408140182495
0.5574307441711426
-0.6409336924552917
0.1226048618555069
-0.5088913440704346
-0.36360833048820496
-0.5735219717025757
0.5623247623443604
-0.20058989524841309
-0.4315822720527649
-0.4625221788883209
0.21626852452754974
-0.1736060231924057
-0.36455395817756653
-0.5186585187911987
0.44776302576065063
-0.3799287676811218
-0.3135010600090027
-0.21071526408195496
-0.7266315221786499
0.43357229232788086
-0.33706986904144287
-0.525348424911499
0.006338206585496664
-0.30011484026908875
-0.7275100350379944
-0.3209880292415619
-0.7502795457839966
0.5061922669410706
0.6430808901786804
0.38271069526672363
-0.3459075093269348
-0.3570637106895447
-0.64131098985672
-0.35601621866226196
-0.34302306175231934
-0.2750804126262665
0.2022811323404312
0.5402156114578247
-0.2908455729484558
0.6347616910934448
-0.09494084864854813
0.31714627146720886
0.0540841706097126
-0.4462515115737915
-0.25911056995391846
0.253877729177475
-0.7593435049057007
-0.15432611107826233
0.02519720420241356
0.42481309175491333
-0.26615995168685913
-0.38729941844940186
-0.1450851410627365
0.16869038343429565
0.5959540605545044
-0.5688106417655945
0.15517814457416534
-0.1101173534989357
-0.61839759349823
-0.2556949555873871
-0.22128020226955414
-0.5300743579864502
-0.42097800970077515
-0.20131362974643707
-0.37825918197631836
0.2039133459329605
-0.4836825132369995
-0.3875274360179901
-0.5275276303291321
-0.5326917171478271
-0.3599032163619995
-0.4574621021747589
-0.6897569894790649
-0.24183788895606995
0.31391358375549316
-0.2672119140625
-0.4562746584415436
-0.10022403299808502
-0.14052116870880127
-0.2903096079826355
0.14820323884487152
-0.5337696671485901
-0.021928874775767326
0.04830857738852501
0.5366834998130798
0.4501698911190033
-0.39786046743392944
-0.620017945766449
-0.5430967807769775
-0.2136429101228714
-0.35588741302490234
-0.574850857257843
-0.048972249031066895
-0.47903627157211304
-0.5091825723648071
-0.5407577753067017
0.0016342363087460399
-0.3898492455482483
-0.22963811457157135
0.5036946535110474
0.3865046799182892
0.2205491065979004
0.047833316028118134
-0.01968616060912609
-0.32944637537002563
0.009950557723641396
0.30966949462890625
-0.34682920575141907
-0.3596978783607483
-0.16915763914585114
-0.4026049077510834
0.049021970480680466
-0.17359046638011932
-0.4089964032173157
-0.24437598884105682
0.1617424339056015
0.12714311480522156
-0.2923526465892792
0.11844778060913086
0.4006202518939972
0.2878379821777344
-0.4155668616294861
0.1071847453713417
-0.37894731760025024
-0.2917386293411255
-0.22617605328559875
-0.258859783411026
-0.0633142814040184
-0.09818287193775177
-0.2644845247268677
0.13994437456130981
-0.1691141128540039
0.7026183605194092
-0.16481056809425354
0.5035580396652222
0.8675581812858582
-0.6886633634567261
0.5474379062652588
0.7781112194061279
-0.564346969127655
-0.14882323145866394
0.6034423112869263
-0.30323562026023865
-0.08258804678916931
0.3831028938293457
0.6812003254890442
-0.5023012161254883
0.3631538450717926
-0.11708948016166687
0.8290601372718811
0.15149514377117157
0.43285250663757324
0.8239478468894958
-0.6599429845809937
-0.03933659940958023
-0.1577855944633484
0.11880002915859222
0.5247396230697632
-0.6528260111808777
-0.34413570165634155
0.5743855834007263
0.3668384850025177
-0.3234103322029114
0.1748727262020111
-0.46545371413230896
0.21505974233150482
0.23743747174739838
0.26569879055023193
-0.1914815753698349
-0.33271512389183044
0.13860498368740082
0.1684705764055252
0.46870675683021545
-0.2550378143787384
-0.1316339373588562
0.31359219551086426
-0.42911842465400696
-0.21811683475971222
0.040465567260980606
-0.28325650095939636
0.17168407142162323
0.5247155427932739
-0.11236916482448578
0.7177573442459106
-0.13685251772403717
-0.5078176259994507
-0.26250478625297546
-0.3606225252151489
0.344407320022583
-0.5230343341827393
-0.6853007674217224
-0.08013597130775452
-0.1393500119447708
0.0753808543086052
0.5081867575645447
0.5558791160583496
0.35984838008880615
0.3213520348072052
0.3070375323295593
0.3247033655643463
-0.12197209149599075
-0.11266908794641495
0.24911677837371826
0.07146895676851273
0.2272346019744873
0.25410938262939453
0.17567764222621918
-0.8333396911621094
-0.2054826319217682
-0.04112256318330765
-0.1022784635424614
-0.3839380741119385
0.3025057017803192
-0.5572002530097961
0.5351495146751404
0.5737148523330688
-0.4933692216873169
0.5991612672805786
0.0009936419082805514
-0.1306159347295761
-0.47505155205726624
-0.6864309310913086
-0.45587030053138733
-0.22407177090644836
-0.1075434461236
0.06493076682090759
-0.06891113519668579
-0.2351009100675583
-0.4002593457698822
0.4495597183704376
0.27528107166290283
0.45714911818504333
0.16970206797122955
0.5714598894119263
-0.03638652339577675
0.6271365880966187
0.02325349487364292
-0.3056507408618927
-0.3188648521900177
0.020239539444446564
-0.11333417147397995
-0.18216820061206818
0.2270953506231308
0.0027125459164381027
-0.3511962592601776
0.563983678817749
0.4262152910232544
-0.32601258158683777
0.009252367541193962
0.3760140836238861
-0.05860179662704468
-0.5738106966018677
-0.029351480305194855
0.44259878993034363
-0.05668912082910538
-0.0681781992316246
0.13543765246868134
-0.21103587746620178
-0.186930313706398
0.5382196307182312
0.4157611131668091
0.08014535903930664
-0.3796094059944153
-0.23734785616397858
-0.03864690288901329
0.3874698877334595
0.5725782513618469
-0.31564074754714966
0.27183637022972107
-0.015837067738175392
-0.6377339363098145
-0.3850722908973694
0.12235371023416519
-0.004448328632861376
0.33572837710380554
-0.16457697749137878
-0.00965191051363945
-0.33890387415885925
0.2612009644508362
-0.4745504558086395
-0.26012808084487915
-0.5201295614242554
0.23249562084674835
0.3654659390449524
0.6873169541358948
-0.10676038265228271
0.6870566606521606
-0.2960987687110901
-0.22351664304733276
0.03406226634979248
0.4385015368461609
-0.34188392758369446
-0.1215115413069725
0.04349297285079956
0.06677393615245819
-0.4493096172809601
-0.06177128851413727
0.04758002609014511
-0.011934048496186733
0.29415786266326904
0.14875289797782898
0.10316547751426697
-0.09988907724618912
-0.3646072447299957
0.04262116551399231
-0.36418506503105164
0.5148040652275085
0.005965093616396189
-0.3072049021720886
-0.18825314939022064
-0.19402293860912323
-0.043216489255428314
-0.06637278199195862
-0.06947410851716995
-0.08978737890720367
0.11245013773441315
0.08683786541223526
0.01611999422311783
0.5861502289772034
-0.06871969252824783
0.2080092579126358
-0.09320443868637085
0.5917478799819946
-0.450302392244339
-0.4775192141532898
0.5133706331253052
0.04456906020641327
-0.31030693650245667
-0.3492816388607025
-0.32816123962402344
0.3982257843017578
0.5069786310195923
0.5615608096122742
-0.7333713173866272
0.4959797263145447
0.48212069272994995
-0.5943526029586792
0.017655737698078156
0.663544774055481
0.49536022543907166
-0.719782829284668
0.8567991256713867
-0.5387670993804932
-0.6558855175971985
0.4653026759624481
0.4848441481590271
-0.5240644216537476
0.11581641435623169
-0.8024795055389404
-0.7536972761154175
-0.31532803177833557
-0.381570428609848
0.3569861352443695
0.0740734189748764
-0.668209969997406
-0.8317924737930298
0.6321246027946472
0.39561352133750916
-0.5809308886528015
0.513748824596405
-0.5059571862220764
0.5541264414787292
0.5179129242897034
0.2599867284297943
-0.9226407408714294
0.4027717411518097
-0.8530871272087097
-0.29560014605522156
-0.8644314408302307
0.6191686391830444
0.08814755082130432
0.5031126141548157
0.09338590502738953
0.7539360523223877
-0.007756494916975498
0.3206893801689148
0.20489780604839325
-0.15334799885749817
0.5754663944244385
-0.6245878338813782
-0.533308207988739
0.2772124409675598
-0.3071255087852478
-0.845637321472168
-0.3344453275203705
-0.31464827060699463
-0.7295944690704346
-0.8018552660942078
0.32062873244285583
-0.9434041976928711
-0.28866228461265564
-0.21858543157577515
0.4384673535823822
-0.22548235952854156
-0.710358202457428
0.501541018486023
0.36298999190330505
-0.049451034516096115
-0.4998592436313629
0.4856240749359131
0.5426206588745117
-0.5519586801528931
0.26358920335769653
0.30655303597450256
-0.3503553867340088
0.32115283608436584
0.47293463349342346
-0.7320004105567932
-0.7085422277450562
-0.4050035774707794
0.37703990936279297
-0.5829831957817078
0.4997885823249817
-0.6053303480148315
0.6255271434783936
-0.3542538285255432
-0.46207988262176514
0.2202729433774948
-0.8220059275627136
0.23626191914081573
-0.868478000164032
-0.6284990906715393
-0.21416909992694855
-0.9666789174079895
-0.46402421593666077
-0.6263325214385986
-0.6388105750083923
0.40077996253967285
0.013768196105957031
0.10415909439325333
0.4050745666027069
-0.49245819449424744
0.4791250228881836
0.634394645690918
-0.547572672367096
0.21856077015399933
0.43159234523773193
0.44681841135025024
-0.2533106207847595
0.40576401352882385
0.23078615963459015
0.3855220079421997
0.6263865828514099
-0.860014021396637
-0.23618902266025543
0.46572116017341614
0.031280651688575745
0.0381980799138546
-0.11561882495880127
0.2479163408279419
0.23772679269313812
-0.6839187741279602
-0.4024561941623688
-0.4735970199108124
0.5945665240287781
-0.2802581489086151
0.20012207329273224
-0.018668480217456818
-0.5526782870292664
0.4424425959587097
-0.49270209670066833
-0.3097682297229767
0.3300056457519531
0.15379740297794342
-0.28378981351852417
0.6097974181175232
-0.6635346412658691
-0.5995973944664001
-0.3274369239807129
-0.5631628036499023
-0.720795750617981
-0.5095851421356201
-0.13215236365795135
0.554283618927002
0.39125901460647583
-0.33015283942222595
-0.2707030475139618
0.13131111860275269
-0.29496312141418457
0.16784849762916565
0.6447584629058838
-0.18280000984668732
-0.5825343132019043
0.08295013010501862
0.34234845638275146
0.3106798827648163
-0.04246324300765991
-0.1952754110097885
-0.2799551784992218
0.002480726456269622
-0.3501775562763214
-0.3979951739311218
0.26694467663764954
-0.7913452386856079
-0.4272056519985199
-0.0358162447810173
0.34310150146484375
-0.6009643077850342
-0.5044960975646973
0.5247325301170349
0.5063632130622864
-0.5450040102005005
-0.525267481803894
0.5009118914604187
0.2114422768354416
-0.6186477541923523
0.35415956377983093
0.17523415386676788
-0.6592730283737183
0.38815343379974365
-0.22030854225158691
-0.3717593848705292
-0.5267236232757568
-0.5618913769721985
-0.4825821816921234
-0.3428536057472229
0.18272912502288818
-0.005903405603021383
0.3002017140388489
0.4559394121170044
0.44095712900161743
-0.7183390259742737
0.3937510550022125
-0.37960949540138245
-0.5319394469261169
0.14451539516448975
-0.42907199263572693
-0.3192485570907593
-0.2649121582508087
0.12145131081342697
-0.5487542748451233
-0.7081589102745056
0.32505497336387634
-0.6951912045478821
0.3708835542201996
0.3362690508365631
0.5347738265991211
0.07665324211120605
0.5170672535896301
0.22899024188518524
0.027788443490862846
0.17885415256023407
-0.055875957012176514
-0.5575618147850037
0.4655178487300873
0.5517862439155579
-0.058955710381269455
-0.03031274303793907
-0.02922392636537552
0.25337088108062744
-0.32065895199775696
-0.3902909755706787
0.1194184198975563
0.2771889865398407
0.05624444782733917
0.06906609237194061
0.37809398770332336
-0.15395194292068481
0.1525769829750061
0.44370371103286743
0.12578147649765015
0.2522429823875427
0.6126814484596252
0.05007687956094742
-0.18375375866889954
0.41763386130332947
-0.24812184274196625
0.28919604420661926
0.24249623715877533
0.36016127467155457
-0.2843411862850189
0.3287310004234314
0.007684443611651659
-0.0012293319450691342
-0.5097262263298035
0.17927300930023193
0.5326831936836243
-0.24016770720481873
-0.061983656138181686
0.3708391487598419
-0.13206595182418823
0.03736387565732002
-0.010603748261928558
0.7323430180549622
-0.2551615238189697
-0.10504112392663956
-0.3200839161872864
-0.18516720831394196
-0.007476673927158117
-0.4079037308692932
-0.7555367946624756
-0.19326911866664886
0.6238783001899719
0.16392868757247925
0.5044758915901184
0.4412331283092499
0.38490480184555054
0.028184674680233
-0.007902842015028
0.4452137351036072
0.2551927864551544
-0.27262431383132935
0.11447300016880035
-0.14308372139930725
-0.04895573481917381
0.19139830768108368
0.4555581212043762
-0.4794378876686096
-0.21375736594200134
-0.29431578516960144
0.23638205230236053
-0.2826630771160126
0.48235324025154114
-0.5277085304260254
0.02202390506863594
0.5943272113800049
-0.19074757397174835
0.22796174883842468
0.1346721351146698
0.4996967613697052
-0.35643044114112854
-0.3594345450401306
-0.06767727434635162
-0.11574018746614456
-0.4243064224720001
-0.12463358044624329
-0.16176912188529968
0.41522982716560364
0.43389812111854553
0.45937731862068176
0.15157555043697357
0.345469206571579
0.2110561728477478
0.39069926738739014
0.1596919596195221
0.31176257133483887
0.2730763256549835
0.3055013120174408
-0.008473909460008144
0.4886009991168976
0.5080917477607727
0.14063626527786255
0.4182658791542053
-0.1661680042743683
-0.12806585431098938
0.37351682782173157
0.3493002653121948
0.01859309710562229
-0.5808976888656616
0.03327321261167526
0.07676806300878525
-0.23680083453655243
0.058100029826164246
0.3522518277168274
0.6864469051361084
0.4748597741127014
0.5562343597412109
-0.4860682189464569
0.04066433385014534
0.3649255037307739
0.061243996024131775
-0.08097773790359497
0.05763288959860802
0.3092368543148041
-0.15437637269496918
0.5783054828643799
0.4388646185398102
-0.30032700300216675
0.19127830862998962
-0.06361234188079834
-0.4783042073249817
-0.2376062422990799
0.41097286343574524
0.4219065308570862
0.3951513171195984
0.12190579622983932
-0.5814006924629211
-0.3581329584121704
0.4259507656097412
0.15026167035102844
0.0548095628619194
0.02205456793308258
-0.12044502049684525
0.31254443526268005
0.8283969163894653
0.3980264961719513
0.4449630677700043
-0.1332027018070221
-0.03665294498205185
-0.09103291481733322
0.05920356884598732
-0.19308258593082428
-0.14033333957195282
-0.14944349229335785
0.25899505615234375
-0.0659167468547821
0.43073755502700806
-0.4342712163925171
0.039387937635183334
0.3763517141342163
0.11790642142295837
0.3555605709552765
0.06615868210792542
0.26943492889404297
0.2554868161678314
-0.45299360156059265
0.5491561889648438
0.2731243371963501
-0.18978165090084076
0.4644971787929535
-0.07759657502174377
-0.42322173714637756
-0.38381972908973694
-0.006507543381303549
-0.09715890884399414
-0.015876147896051407
0.08744020015001297
-0.3811042308807373
0.5594983696937561
0.1464262753725052
0.4551454782485962
-0.10935007780790329
0.4649185538291931
-0.49564045667648315
0.017371296882629395
0.6605730652809143
0.08887497335672379
-0.4577997624874115
-0.5352716445922852
0.3056880831718445
-0.021234532818198204
0.5915422439575195
-0.3168068528175354
0.6597047448158264
-0.39786097407341003
-0.44502440094947815
0.038627833127975464
-0.07577811181545258
-0.42295780777931213
-0.5170416831970215
0.022816414013504982
-0.02006619982421398
-0.19969072937965393
-0.10417421162128448
-0.7365019917488098
-0.31080392003059387
-0.08800692856311798
-0.6618942618370056
0.4487273395061493
-0.5624787211418152
-0.11348586529493332
-0.5491174459457397
-0.9187136292457581
0.03069615364074707
0.2067953646183014
0.6133707165718079
-0.3895707428455353
-0.23450975120067596
0.03496076539158821
-0.4277644157409668
-0.49949508905410767
-0.061844225972890854
-0.5110556483268738
0.4001231789588928
0.15906454622745514
-0.10873930901288986
-0.501278817653656
-0.31793659925460815
-0.3751254975795746
-0.27463898062705994
-0.4014119803905487
-0.07855498045682907
-0.47460100054740906
-0.418031245470047
0.143122598528862
-0.19065873324871063
-0.5750490427017212
-0.1994938999414444
-0.37439051270484924
-0.0034481598995625973
-0.532480776309967
-0.2647673487663269
-0.2333807498216629
-0.5303511619567871
0.0676284208893776
0.2952839136123657
0.5348260402679443
0.31658706068992615
0.3449879288673401
0.322974294424057
0.23888275027275085
-0.21706770360469818
-0.43682539463043213
-0.02113986201584339
-0.3016364574432373
-0.42124879360198975
-0.02162567898631096
-0.3825318515300751
-0.20446130633354187
-0.060165297240018845
-0.3872055411338806
0.15789827704429626
0.06967727839946747
-0.09930016845464706
-0.41231769323349
-0.26306504011154175
0.004026658833026886
0.8972769975662231
-0.496940553188324
-0.03470375016331673
0.22912344336509705
-0.07878581434488297
-0.1695917695760727
0.3304821252822876
-0.4664248526096344
-0.646257221698761
0.44501999020576477
-0.5208179354667664
-0.31149551272392273
-0.11776237934827805
0.7029566764831543
0.4030015468597412
0.6208241581916809
0.3344504237174988
-0.2910105884075165
-0.14399269223213196
0.22705675661563873
-0.2707541882991791
0.028515633195638657
-0.33602872490882874
-0.41640621423721313
-0.6459805965423584
-0.46614497900009155
-0.21589256823062897
-0.1965569704771042
-0.3090633451938629
-0.34880003333091736
-0.3118639290332794
0.32961463928222656
-0.5573660135269165
-0.25116240978240967
-0.2943682372570038
-0.4381490647792816
-0.06117184832692146
-0.14329148828983307
-0.5005781650543213
-0.280317485332489
-0.08560509979724884
0.2326515018939972
-0.3330405652523041
-0.6766341924667358
0.3631635308265686
0.03939637541770935
-0.2454754263162613
-0.24804319441318512
-0.006479185074567795
-0.6580730080604553
0.22320668399333954
-0.4677231013774872
-0.375262051820755
-0.5843167304992676
-0.0007333442335948348
-0.09147506207227707
-0.3910207450389862
0.12360244989395142
-0.3021151125431061
-0.7024165987968445
-0.021964170038700104
-0.2847837507724762
-0.11705148220062256
0.27079322934150696
0.4547121226787567
-0.2537039816379547
-0.4274289011955261
-0.2155521959066391
0.004382492043077946
0.0870826244354248
0.13058999180793762
-0.4550745189189911
-0.2004091590642929
-0.08839848637580872
0.24274589121341705
-0.4305504262447357
-0.1931183934211731
-0.5363390445709229
-0.25189584493637085
-0.2793733477592468
-0.09949541836977005
0.019551770761609077
-0.32014939188957214
-0.3747723698616028
0.18061703443527222
-0.16997112333774567
0.04077485576272011
0.05969103053212166
0.5435381531715393
-0.2650204598903656
-0.03690283000469208
0.40098825097084045
-0.5568587779998779
-0.23429644107818604
-0.05215849727392197
0.13188177347183228
-0.23955924808979034
0.11726562678813934
0.26010701060295105
-0.4426552355289459
-0.19480642676353455
0.34954068064689636
-0.46707892417907715
0.23200763761997223
-0.36854076385498047
0.30121171474456787
0.1332012563943863
-0.12079419940710068
-0.22140425443649292
0.1246526911854744
-0.2950441539287567
-0.1450084149837494
0.18898750841617584
-0.21563149988651276
0.026576269418001175
-0.0777125358581543
-0.03584493696689606
0.17277537286281586
-0.5507065653800964
-0.20921921730041504
0.24090878665447235
0.4810958802700043
0.16909998655319214
-0.14991433918476105
-0.33885300159454346
0.09953376650810242
0.5974546074867249
-0.07436512410640717
-0.30918270349502563
-0.4979234039783478
0.47013336420059204
0.03811798617243767
0.4146968424320221
-0.6738002896308899
0.299933522939682
-0.42298129200935364
-0.42556825280189514
-0.028158515691757202
0.09704611450433731
0.6199226379394531
-0.2334488183259964
-0.28984132409095764
0.6068543791770935
-0.3134192228317261
0.08693796396255493
-0.09664784371852875
0.4854358732700348
-0.7162306308746338
-0.33617082238197327
0.5422029495239258
0.7902430295944214
-0.316952109336853
0.5900980830192566
-0.027564940974116325
-0.7199004888534546
0.5657837390899658
0.27261751890182495
-0.8582436442375183
0.39708924293518066
-0.1486426442861557
-0.25403913855552673
-0.09914116561412811
0.44696107506752014
-0.3261827826499939
0.20402619242668152
0.6197033524513245
0.4040282666683197
-0.5764434337615967
-0.007408525794744492
0.5611435770988464
0.16378521919250488
0.7874628305435181
-0.4462030529975891
-0.23725804686546326
-0.05381522700190544
-0.38630732893943787
-0.7369067072868347
-0.4783431589603424
-0.12425511330366135
-0.6589378118515015
-0.6634847521781921
-0.5733866691589355
-0.4442451298236847
-0.5969502329826355
-0.4705193340778351
0.7147935032844543
-0.9514617323875427
0.16793599724769592
-0.6425715088844299
0.42166388034820557
-0.08846728503704071
0.051746394485235214
-0.0911264643073082
0.5474709272384644
-0.4694885313510895
-0.1360255777835846
-0.09286847710609436
-0.1294165998697281
0.025287296622991562
0.08098646998405457
-0.719939649105072
0.09455235302448273
0.027627892792224884
0.2133224457502365
-0.5139573812484741
-0.02624712511897087
-0.29981815814971924
0.023193558678030968
-0.14260518550872803
-0.5355097651481628
0.3143244981765747
-0.2522883713245392
0.309020459651947
-0.009861364960670471
-0.8186179995536804
-0.4080503582954407
-0.49850645661354065
-0.03708883747458458
0.02662723697721958
0.030969657003879547
0.48349234461784363
-0.2917793095111847
0.01708390563726425
0.09594646841287613
0.32293036580085754
-0.06960589438676834
0.09948443621397018
-0.05760916322469711
-0.19979926943778992
0.148548886179924
0.5016310214996338
-0.6848156452178955
0.628930926322937
0.07399861514568329
0.5297771096229553
0.22333268821239471
-0.5346817970275879
-0.11073914915323257
-0.08954302966594696
-0.10985496640205383
0.2821043133735657
-0.4087309241294861
0.3668491244316101
0.5913323760032654
-0.4453149437904358
-0.3535903990268707
-0.04771269112825394
0.5864730477333069
-0.7332104444503784
0.3844604790210724
-0.5799993276596069
0.7838854789733887
0.2813591957092285
0.2862941026687622
-0.16008533537387848
0.18930810689926147
0.2642117738723755
-0.08830927312374115
0.10378119349479675
0.27388057112693787
-0.48636263608932495
0.2543552815914154
-0.23171813786029816
-0.338217169046402
-0.2668386399745941
-0.3260025978088379
0.3516685664653778
0.0015812700148671865
-0.3208325505256653
0.019808001816272736
-0.10747169703245163
0.025974756106734276
0.14370734989643097
0.40449121594429016
-0.23386254906654358
-0.16029475629329681
0.08199324458837509
0.09301035106182098
0.6219817996025085
-0.17563048005104065
-0.05600278079509735
-0.7097138166427612
0.5714869499206543
0.23346427083015442
-0.18864212930202484
0.38110053539276123
-0.7242484092712402
-0.7969454526901245
-0.08906431496143341
0.35014602541923523
-0.3753378391265869
-0.40902620553970337
0.4977172315120697
0.08183085918426514
-0.09445292502641678
-0.5956075191497803
0.4979478418827057
-0.004291454330086708
-0.5168530941009521
-0.056427568197250366
0.4030874967575073
-0.6068154573440552
0.3957116901874542
-0.49085962772369385
-0.5121549367904663
-0.11003855615854263
-0.1600978523492813
-0.26484978199005127
-0.4013715386390686
-0.36656418442726135
-0.13291990756988525
-0.041035957634449005
-0.1793256253004074
0.4682638645172119
-0.254409521818161
-0.07719263434410095
-0.32929328083992004
-0.3661395013332367
0.0813048779964447
-0.022453738376498222
-0.6004830598831177
-0.2583348751068115
0.1896464079618454
0.3018682897090912
0.3890703618526459
-0.16426733136177063
-0.4265480935573578
-0.012216015718877316
-0.07267723232507706
0.6613200306892395
-0.4118475914001465
0.8328564167022705
-0.8674480319023132
-0.6085667014122009
0.7229119539260864
-0.654137134552002
-0.3393194377422333
-0.06453166902065277
-0.5014633536338806
-0.6706348061561584
-0.48516374826431274
-0.5594649910926819
-0.3468332588672638
0.11282087862491608
-0.02504950575530529
-0.08026468753814697
-1.0715014934539795
0.5761616826057434
-0.7962130904197693
0.24399679899215698
-0.6708809733390808
-0.893215537071228
-0.38134875893592834
0.03295152261853218
0.3096839189529419
-0.59430330991745
-0.8127158880233765
0.3086543381214142
0.21188855171203613
-0.5715546011924744
-0.1689462810754776
-1.1457695960998535
-0.08480197936296463
-0.36107489466667175
0.14557841420173645
-0.6554543972015381
-0.43112507462501526
0.1005607545375824
-0.722506046295166
-0.44118553400039673
-0.8930883407592773
-0.434979647397995
-0.7454954385757446
-0.4821772873401642
-0.9661110043525696
-0.690631091594696
-1.0585832595825195
-0.31693461537361145
0.045626185834407806
-0.10230764746665955
-0.5142285227775574
-0.1392730176448822
-0.6005483269691467
0.16605326533317566
-0.3885181248188019
-0.11675472557544708
-0.9790090322494507
0.06955400109291077
0.24623900651931763
-0.6205533742904663
-0.10994543880224228
-0.3302944004535675
-0.6032523512840271
-0.07657801359891891
-0.4229564070701599
-0.17162001132965088
-0.4031235873699188
-0.5667569041252136
-0.7101538777351379
0.4804656505584717
-0.15635663270950317
-0.35866761207580566
-0.44273003935813904
-0.4204506576061249
-0.10148780047893524
-0.6425298452377319
-0.24098779261112213
0.43449386954307556
0.07626526057720184
-0.26174044609069824
-0.47884872555732727
-0.40691685676574707
-0.049149464815855026
-0.04296283423900604
-0.4617030918598175
-0.4309348464012146
-0.4484042823314667
-0.47380951046943665
-0.19460122287273407
-0.5772877931594849
-0.36913540959358215
-0.23949649930000305
-0.18552902340888977
-0.6556671857833862
-0.14692941308021545
-0.7052003145217896
-0.4847889840602875
-0.46314194798469543
-0.38284534215927124
-0.31807780265808105
-0.21862782537937164
-0.33643752336502075
-0.2737951874732971
-0.022767869755625725
-0.23155827820301056
-0.30967822670936584
-0.40860503911972046
-0.353148490190506
-0.07595372200012207
-0.5820715427398682
-0.5253751277923584
0.14206337928771973
-0.04948600381612778
-0.7786897420883179
-0.12673233449459076
-0.41910097002983093
0.1857398897409439
-0.17846933007240295
-0.4317469894886017
-0.49654874205589294
-0.06913408637046814
-0.6900089979171753
-0.37354764342308044
-0.1565055102109909
-0.3988434672355652
-0.571706235408783
-0.5564505457878113
-0.27177491784095764
0.20529457926750183
-0.4374624192714691
-0.350741446018219
-0.3906896412372589
-0.7274579405784607
-0.21492332220077515
-0.11302930861711502
-0.6378964781761169
-0.3446476459503174
0.2879783809185028
-0.3675033450126648
-0.2654426693916321
0.00485971150919795
-0.25656312704086304
-0.6667284965515137
-0.49723324179649353
-0.6426964998245239
-0.15142343938350677
-0.26194995641708374
0.059913408011198044
0.2151692807674408
-0.3244742453098297
-0.33002036809921265
-0.49654334783554077
-0.48990097641944885
-0.5530798435211182
0.009779087267816067
-0.15240973234176636
-0.5991684198379517
-0.4076245129108429
-0.6777498722076416
-0.5622398853302002
-0.060337215662002563
-0.28609275817871094
-0.14251315593719482
-0.12493591010570526
0.021340448409318924
0.09782722592353821
-0.3344455361366272
-0.5433365702629089
-0.21390888094902039
-0.3416087329387665
-0.8739364743232727
-0.5059757828712463
-0.8398695588111877
-0.31518372893333435
-0.014287445694208145
-0.07687673717737198
-0.45540302991867065
-0.44492942094802856
0.04470501095056534
0.040430136024951935
-0.17114324867725372
0.07835795730352402
0.010141811333596706
-0.13064827024936676
-0.41204798221588135
0.003764573484659195
0.1524316966533661
-0.38042163848876953
0.16459013521671295
-0.17782185971736908
0.002409155247732997
0.016824454069137573
-0.554092526435852
-0.11154638230800629
-0.2407546043395996
-0.6280060410499573
0.5123740434646606
0.4277046024799347
-0.4212076961994171
-0.6924831867218018
0.6207275986671448
-0.8230878710746765
0.4230155348777771
-0.5615208745002747
0.35005226731300354
-0.7406772971153259
-0.8086730241775513
-0.4566578269004822
0.24037517607212067
0.47523874044418335
-0.7736334204673767
0.442787230014801
-0.6970413327217102
-0.5238305926322937
-0.8502330183982849
-0.9242789149284363
0.7633196711540222
-0.7789026498794556
0.1888372153043747
0.5897544026374817
0.9866244792938232
-0.014958789572119713
0.4771285355091095
-0.6760718822479248
0.0056909844279289246
0.3821606934070587
0.6207656860351562
-0.8174769878387451
0.6752769351005554
-0.7848254442214966
-0.6201172471046448
-0.856654942035675
0.6295534372329712
0.5919208526611328
0.5470746159553528
0.6447113156318665
0.20743070542812347
-0.2963426113128662
0.5085052847862244
0.3734188973903656
0.5868058204650879
0.11438733339309692
-0.5429873466491699
-0.7074276208877563
0.6419424414634705
-0.5068469047546387
-0.05005786195397377
-0.32617953419685364
-0.24383632838726044
-0.35303163528442383
-0.3835836946964264
-0.09667529910802841
-0.9491695761680603
-0.7582539916038513
-0.13159386813640594
0.43831685185432434
-0.2611953318119049
-0.7815151214599609
0.11905775219202042
0.5369459390640259
-0.7560561299324036
-0.5191593766212463
0.6346810460090637
0.3394436538219452
-0.5312911868095398
0.4648241400718689
0.3827005922794342
-0.35989779233932495
0.5156480669975281
0.15070657432079315
-0.519328773021698
-0.28507593274116516
-0.42933085560798645
0.39891013503074646
-0.5326859951019287
0.6109822988510132
-0.46979448199272156
-0.5320059657096863
-0.5368252396583557
-0.5492752194404602
-0.039359964430332184
-0.485533744096756
0.30357664823532104
-0.36528608202934265
-0.35715141892433167
-0.2329842895269394
-0.5890321731567383
-0.20166485011577606
-0.6287111043930054
-0.3784705400466919
0.35240989923477173
-0.2334890067577362
0.7181004285812378
0.561202347278595
-0.6364409923553467
0.32791969180107117
0.7956052422523499
-0.5160216093063354
0.027440203353762627
0.5192648768424988
0.2233225256204605
-0.09707455337047577
0.26536211371421814
0.3310863673686981
0.25340622663497925
0.47333115339279175
-0.8126346468925476
0.2565825283527374
0.16040925681591034
0.3395162522792816
0.1426524966955185
-0.44045549631118774
-0.2166876643896103
0.5583499073982239
-0.4883894622325897
-0.36119648814201355
-0.39887022972106934
0.3262585997581482
-0.669958233833313
0.06101332604885101
-0.6918352842330933
0.2465054839849472
-0.05660245940089226
-0.813480794429779
0.059777386486530304
0.3661746084690094
0.4236794412136078
-0.501124918460846
0.30955764651298523
-0.5034921169281006
-0.7449387311935425
-0.4204121530056
-0.45499637722969055
-0.35016709566116333
-0.1883896291255951
-0.10656256973743439
0.4749623239040375
0.40058115124702454
-0.5807263255119324
-0.5263450145721436
-0.38159993290901184
-0.3708917796611786
0.485788494348526
0.6250935196876526
0.437997043132782
-0.6450828909873962
-0.3420391380786896
-0.15908342599868774
0.702235758304596
-0.3783026337623596
0.080546535551548
-0.14122086763381958
0.26424863934516907
-0.48362383246421814
-0.38104695081710815
0.3165965676307678
-0.3472420275211334
-0.6232364177703857
0.5049768686294556
0.2846810221672058
-0.6631914973258972
-0.6838064789772034
-0.1111762672662735
0.21630354225635529
-0.2586083710193634
-0.6935520172119141
0.3890250623226166
0.41112327575683594
-0.46902090311050415
0.005904065445065498
0.5452708601951599
-0.4572192430496216
0.4262608289718628
-0.20439496636390686
-0.6638191342353821
-0.6486610770225525
-0.48680466413497925
-0.37623339891433716
-0.6539221405982971
-0.06313574314117432
-0.05043698102235794
0.20118048787117004
0.28505200147628784
0.25445637106895447
-0.5698015689849854
0.21004487574100494
-0.3144652545452118
-0.3729749619960785
0.43266627192497253
-0.26917028427124023
-0.6195747256278992
-0.2537916600704193
0.5138021111488342
-0.5351012945175171
-0.44793832302093506
-0.6438700556755066
0.514035165309906
-0.36809754371643066
-0.7990419864654541
0.8214167952537537
0.3370234966278076
-0.7096492052078247
0.9170874953269958
0.17005598545074463
-0.2483682483434677
-0.05107780545949936
-0.35614264011383057
-0.20646612346172333
-0.5803043246269226
0.8103675246238708
-0.5579914450645447
0.8649154901504517
-0.6651481986045837
-0.45284712314605713
-0.9035966992378235
-0.9905083775520325
1.089404821395874
-0.7733355164527893
0.7986322045326233
0.534339427947998
-0.0433671772480011
0.7857376933097839
0.8873591423034668
-0.7929722666740417
-0.7587342262268066
0.7260529398918152
0.9298169612884521
-0.9985324740409851
0.3939876854419708
-0.40280091762542725
-0.8042172789573669
0.16061954200267792
0.7124119997024536
0.16188167035579681
0.15382885932922363
0.28294509649276733
0.6231580376625061
-0.0709703117609024
-0.02867084927856922
0.6967659592628479
0.7661107778549194
0.536160409450531
0.47217920422554016
-0.552098274230957
-0.29357895255088806
-0.33445674180984497
0.7339595556259155
0.11684072017669678
-0.13851967453956604
0.2575667202472687
0.5214208960533142
-0.7182924747467041
0.10093511641025543
0.3082274794578552
-0.18450503051280975
0.5818066596984863
-0.4677746593952179
-0.624375581741333
-0.7724263072013855
0.6281301975250244
-0.43026697635650635
-0.5113846659660339
-0.018216747790575027
0.45252373814582825
0.20260776579380035
-0.001788277761079371
0.031245635822415352
-0.14448119699954987
0.20666511356830597
-0.04830886051058769
0.42338013648986816
0.2221377044916153
0.08083213120698929
0.5377989411354065
0.049160659313201904
0.003139474196359515
-0.07968239486217499
-0.756981372833252
-0.4981592893600464
-0.012003469280898571
-0.22070544958114624
-0.29837268590927124
0.5111982822418213
0.7207295298576355
0.5853877663612366
0.595402181148529
-0.1144334003329277
-0.15227246284484863
-0.22283302247524261
0.35463157296180725
0.429520845413208
1.082022786140442
0.2452874481678009
0.34386229515075684
-0.7004057765007019
0.36929917335510254
-0.14481957256793976
0.3268328607082367
-0.48772600293159485
0.5502402186393738
0.5785155892372131
0.05006728321313858
0.7614737749099731
0.4809846580028534
0.3582785427570343
0.42632585763931274
-0.31870412826538086
0.07998144626617432
-0.5384268164634705
-0.09279141575098038
0.5109381079673767
-0.4399136006832123
-0.47378966212272644
0.613664984703064
-0.1386551707983017
-0.18264037370681763
-0.6876022815704346
0.6795948147773743
0.17854659259319305
0.3533231019973755
-0.009114297106862068
0.6701748371124268
-0.3410201072692871
-0.822352409362793
0.5595882534980774
0.6636364459991455
0.4982944428920746
-0.18120422959327698
-0.05524454638361931
-0.3254319727420807
0.09513139724731445
-0.36206185817718506
0.11334627121686935
0.4424271285533905
-0.01432332769036293
-0.727315366268158
0.29023927450180054
0.017199313268065453
0.04180189222097397
0.27490484714508057
0.26038092374801636
-0.2656957805156708
0.5148022174835205
0.5201379656791687
0.5709146857261658
-0.6084737181663513
-0.28746557235717773
0.023432673886418343
0.7011794447898865
-0.345088928937912
0.41543230414390564
0.041881754994392395
0.3945413827896118
-0.4676034152507782
-0.10068519413471222
0.3164190649986267
-0.16538576781749725
-0.32185888290405273
0.7906774878501892
0.5132502913475037
0.10681930929422379
-0.1541922688484192
-0.13236796855926514
0.4042380452156067
0.0989806205034256
-0.2822052836418152
0.7017466425895691
0.3183973729610443
0.17277120053768158
-0.20692108571529388
0.30579814314842224
0.22103576362133026
0.5412466526031494
0.5528215169906616
-0.10333593189716339
-0.07606787979602814
-0.29938697814941406
-0.21860530972480774
-0.4208003580570221
0.010199331678450108
-0.2332032173871994
-0.4236963987350464
0.37453752756118774
0.46324944496154785
-0.4101409316062927
-0.36371028423309326
0.1193842962384224
-0.002738203154876828
-0.10290718823671341
0.010521993041038513
0.012774847447872162
0.1465226411819458
0.5840995907783508
-0.3051445782184601
0.7406775951385498
0.8124978542327881
-0.5503925681114197
0.3618958294391632
0.37804654240608215
-0.02436722256243229
-0.1215214654803276
-0.07573670148849487
0.6137134432792664
-0.42690199613571167
0.583753228187561
-0.2568467855453491
0.011768655851483345
0.4567909836769104
0.11176684498786926
-0.1897331178188324
0.30730941891670227
-0.9952860474586487
-0.7616659998893738
0.3395256996154785
-0.30252593755722046
0.048965804278850555
0.5904706716537476
0.27893689274787903
-0.7484956383705139
0.6947277188301086
0.746616005897522
0.30237317085266113
0.5984725952148438
-0.4610799551010132
0.9557690024375916
0.6014083623886108
-0.3087170422077179
0.5354124903678894
0.7955600023269653
0.018821632489562035
-0.42410826683044434
-0.36791887879371643
0.66995769739151
0.7151700854301453
0.40924930572509766
0.14829953014850616
0.7064672708511353
0.7960740327835083
0.07487277686595917
0.6836760640144348
0.4224102199077606
0.9036040902137756
-0.10528269410133362
-0.2689674198627472
-0.05673656985163689
-0.34148114919662476
-0.8371647000312805
-0.04671545699238777
0.38157233595848083
-0.2354142963886261
-0.13593274354934692
0.07883940637111664
-0.04003168269991875
0.7116861343383789
0.257878839969635
0.7120404243469238
-0.5171555280685425
-0.7270923256874084
0.615386426448822
-0.5205438137054443
0.47426897287368774
-0.6108730435371399
0.0370342954993248
0.35032567381858826
-0.3597564101219177
0.17625923454761505
0.810720682144165
-0.16881781816482544
0.1958054155111313
0.6156154870986938
0.02149483934044838
0.20845463871955872
0.1832219660282135
0.44679510593414307
-0.19249631464481354
0.12367316335439682
0.33195167779922485
0.4818536937236786
-0.558003306388855
-0.026808064430952072
-0.04170428588986397
-0.4901037812232971
0.47971290349960327
-0.1574278473854065
0.2276739627122879
0.09238198399543762
-0.09870638698339462
0.41592779755592346
-0.1372755616903305
-0.4257902503013611
0.5451210141181946
0.6634160876274109
0.2606363594532013
0.05379541963338852
-0.49903038144111633
0.2609564960002899
0.021366188302636147
-0.5205920338630676
0.08724891394376755
0.4977281391620636
0.5515158772468567
0.3364993631839752
0.6688708066940308
0.17710763216018677
0.7115320563316345
0.39421921968460083
-0.2629956007003784
0.316992849111557
0.06288328766822815
-0.1804802119731903
0.07358768582344055
-0.18005000054836273
0.04869489371776581
0.18851305544376373
0.0484599694609642
0.1959320604801178
-0.09815903753042221
0.754869818687439
-0.12597620487213135
0.5974848866462708
0.7021306753158569
0.08269578963518143
-0.2345530241727829
-0.3032122552394867
-0.19272151589393616
0.6066439151763916
0.5423378348350525
-0.1263948380947113
0.008800603449344635
-0.5311874151229858
-0.008297339081764221
-0.5391966700553894
-0.2302534431219101
-0.1921221911907196
-0.15445375442504883
-0.1761237531900406
0.2770534157752991
0.011042901314795017
-0.044286955147981644
0.32020020484924316
0.5594573616981506
-0.4050145447254181
0.23734703660011292
0.4590098261833191
0.09301798045635223
-0.0020647170022130013
-0.37882518768310547
0.48577675223350525
0.6705197691917419
-0.48212796449661255
0.04445332661271095
-0.4338710606098175
0.4913785457611084
-0.35099127888679504
-0.16655884683132172
0.5212131142616272
-0.5452755689620972
-0.35129445791244507
0.5867757201194763
0.675560474395752
0.07793568819761276
0.08172246813774109
0.5135064125061035
0.5840209126472473
-0.10765247792005539
-0.05960472673177719
0.297488808631897
0.16277453303337097
0.11372020095586777
0.28045257925987244
0.3897758722305298
-0.2372860610485077
0.3146144449710846
0.06770440191030502
-0.004701787605881691
0.2147723138332367
-0.19183151423931122
-0.2701497972011566
-0.06471056491136551
0.3729580342769623
0.46482226252555847
-0.074303038418293
0.34403523802757263
0.44977161288261414
-0.051630113273859024
-0.1642499417066574
0.03496259078383446
-0.19936884939670563
-0.3333723843097687
-0.4348790943622589
0.5602470636367798
0.3674224317073822
0.4275430738925934
-0.3576032817363739
-0.3647889196872711
0.2184426188468933
0.5016218423843384
0.6753695607185364
0.26951050758361816
-0.6044241786003113
0.20128755271434784
-0.12963245809078217
0.24495643377304077
0.08590299636125565
-0.11393087357282639
-0.3404920697212219
-0.542602002620697
0.06999336928129196
0.6319373846054077
0.1723707616329193
-0.35688647627830505
0.36738651990890503
-0.6731002330780029
-0.033912014216184616
-0.4221205711364746
-0.46195128560066223
0.22923289239406586
-0.4070141315460205
0.11752563714981079
-0.09053570032119751
0.9102271199226379
0.45651742815971375
0.4350239634513855
-0.33575984835624695
0.44509273767471313
0.541094183921814
0.33400940895080566
-0.354432612657547
0.254749059677124
-0.656264066696167
-0.014660460874438286
0.22443440556526184
0.32325711846351624
0.36583051085472107
0.215230330824852
0.11300985515117645
-0.055055566132068634
0.14855630695819855
0.45270100235939026
0.4257664680480957
0.44049450755119324
0.2230113297700882
-0.10574296116828918
-0.5489163994789124
0.13362166285514832
-0.08870546519756317
-0.5279058218002319
-0.03242800384759903
-0.17894911766052246
0.06633613258600235
0.015357201918959618
0.3858599364757538
-0.10143811255693436
-0.11627737432718277
0.20964482426643372
0.5346128344535828
0.3500034511089325
-0.2755071818828583
0.44472846388816833
0.4399544298648834
-0.1843382865190506
-0.23317845165729523
0.531814694404602
0.47262272238731384
-0.33759984374046326
0.006877944804728031
0.10953107476234436
-0.5312740206718445
0.4075266122817993
0.36098039150238037
-0.12147902697324753
-0.3548906147480011
0.13817879557609558
0.3474239706993103
-0.17276211082935333
0.48820582032203674
-0.16390250623226166
-0.30391886830329895
-0.3957938849925995
0.012734180316329002
0.17387226223945618
-0.16316111385822296
0.2612408399581909
0.05908268690109253
0.00670626200735569
0.12064654380083084
-0.06960714608430862
-0.15874788165092468
-0.42627331614494324
-0.4884468913078308
0.4164687693119049
0.459274560213089
0.3530047833919525
0.2650735676288605
-0.4378775358200073
0.21365857124328613
0.5445029139518738
-0.26864027976989746
0.39629432559013367
0.2301921248435974
0.35195302963256836
0.3228914737701416
0.5076106190681458
0.24183547496795654
0.4769700765609741
0.26811403036117554
-0.28227105736732483
0.1010129451751709
0.2077721208333969
0.10740657150745392
0.3377094268798828
-0.5270967483520508
0.07286147773265839
0.14521999657154083
-0.040551602840423584
-0.13758864998817444
-0.5198929905891418
0.6608636379241943
0.42626553773880005
0.31762540340423584
-0.12369859963655472
0.25662609934806824
0.5281000137329102
-0.40952250361442566
-0.10085595399141312
0.033148374408483505
0.43057501316070557
-0.10428338497877121
0.2571036219596863
-0.36545881628990173
0.0996231809258461
-0.3099202513694763
-0.056966833770275116
-0.40031105279922485
-0.2591851055622101
0.25429245829582214
0.5077353119850159
0.2613412141799927
-0.22506123781204224
0.3373810052871704
-0.07013167440891266
-0.13016493618488312
0.4862758219242096
0.5492632985115051
0.3418295681476593
-0.0732615739107132
0.2992543876171112
0.6675835251808167
0.5999811887741089
0.19480328261852264
0.21302983164787292
-0.0673266053199768
0.11829632520675659
-0.5718199014663696
-0.48808643221855164
0.24853068590164185
-0.21137183904647827
0.039775386452674866
0.3508118689060211
0.06168729439377785
-0.5244356393814087
-0.01802169159054756
0.5459295511245728
0.3178015649318695
-0.006345897912979126
-0.3916053771972656
0.5252946615219116
0.29554638266563416
-0.08088675141334534
0.29376164078712463
0.5426977276802063
-0.19193623960018158
0.31410494446754456
0.39473745226860046
-0.14516796171665192
-0.10611635446548462
-0.3347572386264801
-0.21034777164459229
-0.669059157371521
0.0706438347697258
-0.2398785501718521
0.36633092164993286
0.3356318473815918
0.29047080874443054
-0.037974584847688675
0.30595165491104126
-0.17169761657714844
-0.481624037027359
0.17010793089866638
-0.19431933760643005
-0.2803846299648285
0.16480568051338196
0.313280314207077
-0.4494227468967438
-0.3819483518600464
-0.7884348630905151
0.5958392024040222
-0.49204736948013306
-0.7362305521965027
0.5913905501365662
-0.24786493182182312
0.893944263458252
-0.38497376441955566
0.6353365182876587
-0.37382838129997253
0.2845194935798645
-0.14833682775497437
-0.3075656294822693
-0.5245380401611328
-0.2739233076572418
-0.22668540477752686
-0.25464922189712524
0.5928018093109131
0.13235031068325043
-0.054687220603227615
0.10101890563964844
-0.5530530214309692
0.8015461564064026
-0.0015221150824800134
-0.6362020969390869
-0.7956186532974243
-0.5214810371398926
-0.5527734160423279
0.8593147397041321
-0.32730159163475037
-0.3784574568271637
-0.6771050095558167
0.7307225465774536
-0.6382513642311096
-0.2591704726219177
0.4398306608200073
0.4947943687438965
-0.5083162784576416
-0.8104233741760254
-0.19483764469623566
-0.29044002294540405
-0.49469467997550964
-0.7440721988677979
-0.4479760229587555
-0.5364934802055359
-0.6577128767967224
-0.5861465930938721
0.5634841322898865
0.16050595045089722
-0.5822185277938843
0.2696385979652405
-0.4979100227355957
0.01300861220806837
-0.4797676205635071
0.5007559657096863
0.06430286169052124
0.17242322862148285
0.5419298410415649
-0.9177071452140808
-0.7227989435195923
-0.6121182441711426
0.24491363763809204
0.9497515559196472
0.10780438780784607
-0.7083898782730103
0.05181507021188736
0.6492975950241089
-0.5691305994987488
-0.23628699779510498
0.4431363344192505
-0.6216036677360535
-0.7741531133651733
0.1911134272813797
-0.42061328887939453
-0.05791342630982399
0.6313692331314087
-0.008887628093361855
0.12296547740697861
-0.49504029750823975
0.45248544216156006
-0.6078356504440308
0.09244165569543839
-0.01929391734302044
0.6391116976737976
0.007398565765470266
-0.28468936681747437
0.5964081287384033
-0.316826730966568
0.42184725403785706
0.30110305547714233
0.11139363050460815
0.702667772769928
-0.4345801770687103
0.38143211603164673
0.6411818265914917
-0.4136202037334442
-0.27001500129699707
-0.4066321551799774
-0.5423736572265625
0.43814390897750854
-0.216536745429039
-0.5820936560630798
0.5571840405464172
-0.4576285481452942
-0.5988688468933105
-0.4698636531829834
-0.06458068639039993
-0.5281826257705688
0.2892380356788635
-0.26858627796173096
-0.4986346960067749
0.2990054488182068
-0.4738745391368866
-0.5463248491287231
0.0452626571059227
-0.21064291894435883
0.20322319865226746
-0.08981925249099731
-0.45473146438598633
0.7666969299316406
-0.41735929250717163
0.68093341588974
-0.3355678617954254
0.19605746865272522
-0.3052965998649597
-0.441471129655838
-0.3179005980491638
-0.29124897718429565
0.35630983114242554
0.026996489614248276
-0.659575343132019
-0.3989458680152893
0.12142904847860336
-0.06166808307170868
0.7057511210441589
0.04938580095767975
0.5028494000434875
0.41790771484375
0.20721256732940674
0.14675313234329224
-0.07809257507324219
-0.48127281665802
-0.18843984603881836
0.6590484380722046
-0.317609965801239
-0.3278602361679077
0.6344459056854248
-0.3133361041545868
-0.41731947660446167
-0.5156810283660889
0.30859246850013733
-0.23307551443576813
-0.45845115184783936
-0.5151097178459167
0.5817592144012451
-0.5321181416511536
0.5349549055099487
-0.3195601999759674
0.417314738035202
0.2745739817619324
-0.5308348536491394
0.2804965078830719
0.7697897553443909
-0.6008782386779785
-0.5094613432884216
0.14053624868392944
0.4917806386947632
-0.25834134221076965
-0.6077881455421448
-0.05168195813894272
0.6249978542327881
-0.36803749203681946
-0.4449301064014435
0.03768736124038696
-0.27655211091041565
-0.6065894365310669
0.5266589522361755
-0.31501466035842896
-0.14921677112579346
0.19568976759910583
0.02846868894994259
0.36901360750198364
0.13876672089099884
0.31179162859916687
-0.3885878622531891
-0.5268355011940002
-0.18124230206012726
-0.2755495011806488
-0.14620453119277954
0.23268964886665344
-0.307405561208725
-0.01791970804333687
0.37415581941604614
-0.23195049166679382
0.43004029989242554
-0.09194104373455048
-0.2198026031255722
-0.6320298910140991
0.2983481287956238
-0.37962669134140015
-0.21736477315425873
0.46801841259002686
0.32508280873298645
-0.08999084681272507
-0.6472352743148804
0.1534075289964676
0.4384373724460602
0.4309436082839966
-0.535079836845398
-0.09918714314699173
-0.7129252552986145
-0.79472815990448
0.0625147670507431
0.4247807562351227
-0.20760729908943176
-0.3178264796733856
-0.48269426822662354
-0.2246122509241104
-0.5787413120269775
-0.3950720727443695
-0.3512423634529114
-0.14349836111068726
-0.19400645792484283
-0.7140499353408813
-0.10538264364004135
0.7052760124206543
-0.36884596943855286
0.46366041898727417
-0.14465869963169098
0.4089502990245819
0.2804955542087555
-0.25819289684295654
-0.34972867369651794
0.07878443598747253
-1.043887734413147
0.0915134847164154
-0.5781250596046448
0.09357977658510208
-0.3528299033641815
0.24211536347866058
0.42400413751602173
-0.0025727220345288515
-0.7681851983070374
0.37654492259025574
0.33273372054100037
-0.2444572001695633
0.04278750717639923
-0.46609970927238464
-0.7244190573692322
0.35450977087020874
-0.42157697677612305
0.30539265275001526
-0.37622278928756714
-0.5111986398696899
-0.3810788691043854
-0.5894135236740112
0.047158610075712204
-0.9396915435791016
-0.6025213003158569
-0.7101821303367615
0.420049250125885
-0.03655309975147247
0.16203227639198303
0.4619361162185669
-0.061951082199811935
-0.6339884996414185
-0.1709020882844925
0.6245546936988831
0.37517741322517395
-0.5353590846061707
-0.05626369267702103
-0.4961523115634918
-0.22338537871837616
0.2647002041339874
0.23627133667469025
-0.585019588470459
-0.7348602414131165
-0.4941633939743042
-0.10335805267095566
-0.7118463516235352
0.44031986594200134
-0.5966440439224243
-0.1925896257162094
0.10976453870534897
-0.37945646047592163
0.165369912981987
-0.4980584383010864
0.1604204922914505
-0.44551989436149597
-0.5266934037208557
-0.7895238399505615
-0.4760276973247528
-0.9089050889015198
-0.5327239036560059
-0.579403817653656
0.35690444707870483
-0.3289768099784851
0.4253499209880829
0.5070814490318298
-0.10066521167755127
0.47736498713493347
0.22516870498657227
0.09732281416654587
0.5184668898582458
0.6252265572547913
0.25097084045410156
-0.21545079350471497
0.4717497229576111
-0.1251058429479599
0.4536997973918915
0.5580413341522217
-0.4376428723335266
-0.47754889726638794
0.5490944981575012
0.2578166425228119
0.12842079997062683
-0.5350045561790466
0.0621212013065815
0.10850246250629425
-0.5096663236618042
-0.5698943138122559
-0.3868021070957184
0.5820440649986267
-0.05870155617594719
0.4300624430179596
-0.6622252464294434
-0.1025758683681488
0.21959371864795685
-0.1128641664981842
-0.06542467325925827
-0.116994209587574
0.19744838774204254
-0.5514492988586426
0.4455757141113281
-0.3985704183578491
-0.6582464575767517
-0.22847425937652588
-0.047770384699106216
-0.627251386642456
-0.3171555995941162
-0.055834412574768066
0.41298574209213257
0.3800853192806244
-0.2040122002363205
-0.6276710629463196
-0.6522520184516907
-0.1848648190498352
0.12443012744188309
0.2741960287094116
-0.13361269235610962
-0.27804163098335266
0.41223883628845215
0.08374371379613876
0.21802644431591034
0.34563031792640686
-0.12542305886745453
-0.4234994053840637
0.09508310258388519
-0.30568811297416687
-0.6052486300468445
-0.10969599336385727
-0.37064918875694275
-0.19528955221176147
0.22510994970798492
0.10032031685113907
-0.7714627385139465
-0.4105469286441803
0.46951282024383545
-0.253038227558136
-0.20032919943332672
-0.4764443635940552
0.38510915637016296
-0.07284213602542877
-0.5467537641525269
0.3280947804450989
0.10951604694128036
-0.5140412449836731
0.2414134293794632
-0.5348324775695801
-0.4986360967159271
-0.8659526109695435
-0.4024616777896881
-0.5310540795326233
-0.3232634365558624
-0.2299775332212448
-0.37519145011901855
0.4893709719181061
0.25991296768188477
0.2685241997241974
-0.3259320557117462
0.41563478112220764
-0.8214432597160339
-0.4219781756401062
0.24370381236076355
-0.11898190528154373
-0.4878068268299103
-0.5300715565681458
0.32707205414772034
-0.1360224485397339
0.2775299847126007
-0.20474135875701904
-0.5207585692405701
0.43563446402549744
-0.040413279086351395
0.42630887031555176
0.20063617825508118
-0.17657136917114258
-0.750232994556427
-0.11282249540090561
0.16714875400066376
-0.2665434181690216
-0.15699104964733124
-0.1355450451374054
0.2386593073606491
-0.1955820471048355
-0.445954293012619
0.03284812718629837
0.30829599499702454
-0.16780582070350647
-0.20265039801597595
0.0183099377900362
-0.4250543713569641
0.02920091338455677
0.048076532781124115
-0.48616981506347656
0.28474655747413635
-0.19826368987560272
-0.8006401062011719
0.15929874777793884
-0.1750553995370865
-0.8255590796470642
0.5319207906723022
0.08188562840223312
-0.2646953761577606
-0.31985077261924744
0.6903006434440613
-0.5516234040260315
-0.6157290935516357
-0.4662568271160126
0.3598003089427948
0.6830307841300964
-0.633658766746521
-0.5034975409507751
0.26861807703971863
-0.7375868558883667
-0.5458822250366211
-0.6441299319267273
-0.5008735656738281
-0.22407013177871704
0.13755734264850616
-0.2070186883211136
0.35677582025527954
-0.4807280898094177
-0.11135655641555786
-0.02441793866455555
-0.06366843730211258
0.16181932389736176
-0.08524768799543381
-0.6349368095397949
0.05625614523887634
-0.5602949857711792
0.020773889496922493
0.3039805293083191
-0.11234406381845474
0.8477702736854553
-0.20528632402420044
0.04475697875022888
0.05725027620792389
-0.21599312126636505
-0.15180604159832
0.07568679004907608
-0.4876992404460907
-0.32711276412010193
0.34181874990463257
0.08014649897813797
-0.12174152582883835
-0.5152250528335571
-0.16037540137767792
-0.3506571650505066
-0.04130318760871887
0.18582108616828918
-0.4717898368835449
-0.1544802039861679
0.12236817926168442
-0.12795689702033997
-0.0032677599228918552
-0.1072530671954155
-0.17330889403820038
-0.1503344029188156
-0.24243992567062378
-0.11044047772884369
-0.06838773190975189
-0.4209963381290436
-0.06293818354606628
-0.02087511494755745
-0.25368744134902954
-0.5569429993629456
0.1605476588010788
0.20559923350811005
0.3766064941883087
0.2427709698677063
0.22255443036556244
-0.06866609305143356
0.2183552235364914
-0.5029372572898865
-0.6344109773635864
-0.05336679145693779
-0.6194981932640076
-0.4038790464401245
-0.48702824115753174
-0.25977909564971924
0.07385902851819992
-0.22826537489891052
0.2550468146800995
0.1373482048511505
-0.31953176856040955
-0.09092877060174942
0.008895131759345531
-0.19533519446849823
-0.09190765768289566
-0.06735287606716156
0.12650302052497864
-0.5808449983596802
-0.190016508102417
-0.5548822283744812
-0.08784503489732742
-0.41101697087287903
-0.1192552000284195
-0.1714574545621872
-0.002798054600134492
-0.5411727428436279
-0.42160627245903015
-0.09202060848474503
0.5237274169921875
0.2179497480392456
-0.21313297748565674
0.25318270921707153
-0.04438737779855728
-0.19141660630702972
-0.1253659576177597
-0.03703344613313675
-0.0019849371165037155
0.3016139268875122
-0.14387713372707367
-0.5693445801734924
-0.24263451993465424
0.22182387113571167
-0.43655216693878174
-0.6839452981948853
-0.5777882933616638
0.08067379146814346
-0.0018290458247065544
-0.03648033365607262
-0.32946714758872986
0.3411635458469391
-0.2673603296279907
-0.040470022708177567
-0.34885460138320923
0.11324446648359299
-0.34870031476020813
-0.5808659195899963
0.13175201416015625
-0.16379547119140625
-0.05418473109602928
-0.6224439740180969
-0.14471939206123352
0.10162632167339325
-0.0976317971944809
-0.24866479635238647
-0.132099449634552
-0.06914059072732925
-0.5139293670654297
0.016754180192947388
0.01853223331272602
-0.2707264721393585
-0.1753098964691162
-0.29985809326171875
-0.5129029154777527
-0.1148020327091217
-0.3006105422973633
-0.6686540246009827
0.08139313012361526
0.16643384099006653
0.09882626682519913
-0.16363351047039032
-0.3585996925830841
0.36558467149734497
-0.20196272432804108
-0.4233880639076233
0.0897345319390297
0.06066828966140747
-0.11083097755908966
-0.1484331488609314
0.5649266839027405
-0.13004636764526367
-0.19608038663864136
-0.2708784341812134
-0.0918140560388565
0.4223670959472656
-0.3770137131214142
0.7364621758460999
-0.7451047897338867
0.5802541971206665
0.708534300327301
-0.33459171652793884
0.45225515961647034
0.36211100220680237
0.5602169632911682
0.2092449963092804
0.7349392771720886
-0.48001036047935486
-0.4517168700695038
0.4954569339752197
0.5324996113777161
0.3465699851512909
0.3004148304462433
0.8293822407722473
-0.6322124600410461
0.4026925563812256
-0.45430824160575867
0.5562465786933899
0.8089790940284729
0.10157573223114014
0.6484684348106384
0.5546806454658508
0.41986897587776184
0.5901502966880798
0.3642600178718567
-0.16515043377876282
0.8107266426086426
0.5299848914146423
0.7376730442047119
-0.0997888594865799
0.6561943888664246
-0.21078313887119293
-0.035282839089632034
0.1493331789970398
0.421307235956192
0.425603985786438
0.43666958808898926
0.6873200535774231
0.3447932302951813
0.37977561354637146
0.4199770390987396
0.5655705332756042
0.29908454418182373
0.43904560804367065
0.19599297642707825
0.1777411252260208
0.3948577046394348
0.02935131825506687
0.2910906672477722
0.03592654690146446
0.11209405958652496
-0.17837151885032654
0.38939547538757324
0.14176876842975616
-0.23672735691070557
-0.3402266502380371
0.5296301245689392
0.27595874667167664
0.5836871862411499
-0.490701824426651
0.42819148302078247
0.6072426438331604
0.2836620807647705
-0.2164120376110077
0.6729241013526917
0.5248064994812012
-0.08826661854982376
0.1413085013628006
0.6802810430526733
-0.217069610953331
0.2762625515460968
0.4371037781238556
-0.16492947936058044
-0.49141034483909607
-0.2584032714366913
0.33669281005859375
-0.19892583787441254
0.5623369812965393
-0.3636848032474518
0.3492196500301361
-0.1303042620420456
0.23815575242042542
0.5060609579086304
0.14889366924762726
0.2391137182712555
-0.5881326198577881
-0.2198396623134613
0.36188170313835144
0.08881320059299469
-0.11000135540962219
-0.33712273836135864
-0.33237794041633606
0.2312946915626526
0.7818276882171631
0.6365357637405396
0.45034441351890564
-0.4819777011871338
0.49662667512893677
0.5030857920646667
-0.33685266971588135
0.5597680807113647
0.6428536772727966
0.4190293848514557
0.3391306698322296
0.46924713253974915
0.24141666293144226
0.3187413215637207
0.6321389079093933
0.029427073895931244
0.46893545985221863
0.4624224007129669
0.3096888065338135
0.058361753821372986
-0.31276217103004456
0.42105937004089355
0.6181460618972778
-0.7428319454193115
0.6203973889350891
-0.12153368443250656
0.28027012944221497
0.3827669322490692
0.55945885181427
0.32550033926963806
0.3794708549976349
0.45448821783065796
-0.2600802779197693
0.27253830432891846
0.407045841217041
0.549690842628479
-0.08569931983947754
0.4225132465362549
-0.4198911786079407
-0.07441097497940063
-0.18373934924602509
0.28104960918426514
-0.7686365246772766
-0.18349505960941315
0.3838663101196289
0.49460721015930176
0.2675270736217499
0.1134011521935463
-0.5474783182144165
0.2074255496263504
-0.07522576302289963
0.493856281042099
0.3418402671813965
0.6128146648406982
0.2457674890756607
0.3567556142807007
0.4133981168270111
0.534406304359436
0.11591943353414536
0.33887559175491333
0.11760606616735458
0.2855079174041748
-0.09371373802423477
-0.18415376543998718
0.33395713567733765
-0.011972297914326191
0.01559891365468502
0.3382129371166229
0.16918723285198212
-0.4210548996925354
0.14381831884384155
0.35333046317100525
0.4454401135444641
0.4838799834251404
-0.30992910265922546
0.43450361490249634
0.2792336642742157
-0.06923551112413406
0.5481775403022766
0.3913452625274658
-0.0034294016659259796
0.34900376200675964
0.45754343271255493
0.6713533997535706
0.19193129241466522
0.059094879776239395
0.2855144143104553
0.034154389053583145
0.3102251887321472
0.0431106798350811
0.5320799350738525
0.3886364698410034
0.39031633734703064
0.40821072459220886
0.2557976543903351
-0.42722946405410767
-0.32222506403923035
0.39161190390586853
-0.07887584716081619
-0.09080199152231216
0.19998598098754883
0.3238520622253418
-0.06769941002130508
0.8129557967185974
-0.0045165629126131535
0.6022692322731018
-0.08764427900314331
-0.12075187265872955
-0.6225615739822388
-0.08194945007562637
-0.12355314195156097
-0.5888635516166687
-0.18466734886169434
-0.06616248190402985
-0.39051124453544617
0.11231726408004761
-0.5993683934211731
-0.25515541434288025
-0.21156318485736847
-0.3867848217487335
-0.3279033899307251
-0.3677642047405243
0.31376516819000244
-0.046670712530612946
-0.3380700647830963
-0.4119420051574707
0.5761154294013977
-0.24031586945056915
-0.7131714820861816
-0.059172067791223526
-0.5319896340370178
-0.17455805838108063
-0.39559206366539
-0.0008540501585230231
-0.5362635254859924
-0.5268504023551941
0.46319380402565
-0.3612944185733795
-0.16618004441261292
-0.35935768485069275
0.062139809131622314
-0.34110403060913086
0.2528810501098633
-0.28342097997665405
-0.05871255323290825
-0.39613667130470276
0.20465607941150665
-0.19955366849899292
-0.4600985050201416
-0.5383243560791016
-0.16499894857406616
-0.20837371051311493
-0.2518835663795471
-0.4029049575328827
-0.23802688717842102
-0.5491408705711365
0.002257178071886301
0.27614256739616394
0.32375869154930115
0.08341716229915619
-0.19352978467941284
0.6345087289810181
0.6385175585746765
-0.3293800950050354
-0.6464087963104248
0.1079082190990448
0.04621857404708862
0.03976178914308548
-0.5322755575180054
-0.17201760411262512
-0.18751730024814606
-0.44026249647140503
-0.20921018719673157
0.04456654191017151
-0.1643027663230896
-0.3214491307735443
0.0541251078248024
-0.38957104086875916
-0.23684129118919373
0.5319094657897949
-0.051124341785907745
0.28075191378593445
-0.2884080111980438
-0.032775525003671646
-0.5021888613700867
0.49088484048843384
-0.12641271948814392
-0.2987414598464966
0.4341285228729248
-0.7173171639442444
0.01448383554816246
-0.5281118750572205
0.08430779725313187
0.4783349633216858
0.14846991002559662
-0.12410241365432739
-0.30783480405807495
-0.03523945435881615
-0.20807352662086487
-0.48627427220344543
-0.06317868083715439
-0.47707027196884155
-0.18856869637966156
-0.2591218054294586
-0.1583305299282074
-0.0031038965098559856
0.0016512000001966953
-0.15502454340457916
-0.6134529113769531
-0.5382145047187805
0.08198647201061249
-0.5770014524459839
-0.47969314455986023
-0.4893925189971924
-0.5551332235336304
0.20340274274349213
-0.21213336288928986
-0.7648056149482727
-0.2725152373313904
-0.5870118737220764
0.10442860424518585
-0.2629939615726471
-0.44231951236724854
0.5155928730964661
-0.0027478914707899094
0.21632108092308044
-0.39837899804115295
-0.4459783136844635
-0.21933776140213013
0.21358592808246613
-0.6422787308692932
-0.12635542452335358
-0.10140427947044373
-0.10911000519990921
-0.5107797384262085
-0.18710900843143463
-0.03816315531730652
-0.35095101594924927
-0.3436743915081024
0.10057706385850906
-0.35157784819602966
-0.13794200122356415
0.39050647616386414
0.18159009516239166
-0.5124739408493042
-0.5226304531097412
-0.3839578330516815
-0.07758080214262009
0.2878757417201996
-0.015353992581367493
-0.2795376479625702
-0.522341251373291
-0.3621295094490051
-0.23939645290374756
0.1483466923236847
-0.04417738318443298
-0.5808252096176147
-0.2574287950992584
-0.1126752570271492
-0.16704563796520233
-0.02348940819501877
-0.20951227843761444
-0.26183927059173584
-0.0681496262550354
-0.280743271112442
-0.27329325675964355
0.18530918657779694
0.2685515582561493
-0.4519655406475067
0.25768861174583435
0.22015658020973206
-0.4016004204750061
-0.45074838399887085
-0.3287682831287384
0.3456449508666992
-0.28988540172576904
-0.18054184317588806
0.19016210734844208
-0.26492103934288025
-0.14553189277648926
0.11201286315917969
-0.32901880145072937
-0.17234139144420624
-0.18735598027706146
0.3549613952636719
0.30211254954338074
0.20494839549064636
0.07347772270441055
-0.004051154479384422
0.15079112350940704
-0.23725730180740356
-0.11306720227003098
-0.38704222440719604
0.060807812958955765
-0.3706645667552948
0.16145198047161102
0.3505565822124481
-0.37863048911094666
0.07081013172864914
0.2785204350948334
0.7485442161560059
-0.04323652386665344
-0.06877434253692627
0.2703557312488556
-0.37071529030799866
-0.5506117939949036
0.4475620687007904
-0.29306352138519287
0.44981539249420166
0.21673332154750824
0.23337803781032562
-0.3780055642127991
-0.6339671611785889
0.6515693068504333
-0.756296694278717
-0.7431240677833557
-0.3661952018737793
0.652071475982666
-0.22436681389808655
-0.9407150745391846
-0.3923633396625519
-0.14872963726520538
-0.7313802242279053
-0.7216898202896118
-0.8876811861991882
-0.054594483226537704
-0.7076613306999207
-0.26130616664886475
0.5701982378959656
0.6011778116226196
-0.6578325033187866
0.1414603441953659
-0.6326699256896973
0.2685234546661377
0.08923501521348953
-0.25228771567344666
-0.7495778203010559
0.661597490310669
-0.7823684811592102
-0.15991106629371643
-0.986937403678894
0.37854281067848206
-0.02077321521937847
0.7242040634155273
0.28639334440231323
0.28828462958335876
-0.5732500553131104
0.30200451612472534
-0.09604670852422714
-0.05049018934369087
-0.12048256397247314
-0.9139527678489685
-0.6407873630523682
0.18627245724201202
-0.480432391166687
-0.41843050718307495
-0.6067619919776917
-0.4967200458049774
-0.7371199131011963
-0.7707595229148865
-0.1317310482263565
-0.8255847096443176
-0.5137831568717957
-0.30035069584846497
0.2601834833621979
-0.5395416021347046
-0.4939671456813812
0.7177882790565491
-0.19708575308322906
-0.7075091004371643
-0.4040437936782837
0.17923787236213684
-0.007711994927376509
-0.5260568261146545
0.3558267056941986
0.09058444201946259
-0.432400107383728
0.4070843756198883
0.47055789828300476
-0.500787079334259
-0.4499962031841278
-0.6572339534759521
-0.2159542590379715
-0.6622248291969299
0.14293469488620758
-0.6078200340270996
-0.3435032069683075
-0.5586224794387817
-0.5040518641471863
0.14576455950737
-0.6888846755027771
0.4298393726348877
-0.5433856248855591
-0.6523696780204773
-0.5227574706077576
-0.6452309489250183
-0.6260868310928345
-0.8622629642486572
-0.7660441994667053
0.18160434067249298
-0.047586943954229355
0.48845648765563965
0.49588510394096375
-0.17720600962638855
0.324367493391037
0.34853169322013855
-0.6782658696174622
0.2093113511800766
0.3266158998012543
0.05165684223175049
-0.538414478302002
0.2990435063838959
0.21325331926345825
0.19162270426750183
0.20236676931381226
-0.6863747239112854
-0.14274203777313232
0.30625784397125244
-0.0008949444745667279
-0.48064124584198
-0.4212079644203186
0.07934945821762085
0.021762622520327568
-0.6285279989242554
-0.542867124080658
-0.28580382466316223
0.38121750950813293
-0.6710058450698853
-0.4233100414276123
-0.4248526990413666
-0.08018199354410172
0.13614040613174438
-0.7492769360542297
-0.21659356355667114
-0.2621721625328064
-0.3319936990737915
-0.5026020407676697
0.7530197501182556
-0.11502362042665482
-0.6594743132591248
-0.2156141996383667
-0.5302468538284302
-0.5623526573181152
-0.6437438726425171
-0.5311026573181152
0.5314968824386597
0.4071308374404907
-0.47396644949913025
-0.6057448983192444
-0.46291112899780273
-0.1669115126132965
0.19255556166172028
0.08483009785413742
-0.23358750343322754
-0.509175717830658
0.3861870765686035
0.2921115756034851
0.400718629360199
-0.3315384089946747
0.05117810145020485
-0.5792661905288696
0.13511940836906433
-0.29651564359664917
-0.3206884562969208
0.022879639640450478
-0.7735932469367981
-0.5758602023124695
-0.38459259271621704
-0.1751670390367508
-0.5467926859855652
-0.6286953091621399
0.043214213103055954
0.2945471405982971
-0.6126854419708252
-0.6481166481971741
0.027591513469815254
-0.1040981188416481
-0.6560792326927185
-0.20442074537277222
-0.0019701747223734856
-0.5450566411018372
-0.25303131341934204
-0.32316380739212036
-0.3296282887458801
-0.6831138134002686
-0.49723130464553833
-0.5148472189903259
-0.30476072430610657
0.21717321872711182
-0.5166588425636292
0.49097681045532227
0.00919942744076252
0.08750803023576736
-0.4429110884666443
0.23063459992408752
-0.35272011160850525
-0.6686497926712036
0.6271604895591736
-0.4788386821746826
-0.5820286273956299
-0.4610961973667145
0.6952692270278931
-0.23813565075397491
0.4389205873012543
0.2456054836511612
0.0948217436671257
-0.13213182985782623
0.12483542412519455
0.39005354046821594
-0.5987405776977539
-0.03922298923134804
0.2881547510623932
-0.11262548714876175
-0.4413067400455475
0.5924096703529358
0.644182562828064
0.26930391788482666
-0.44346755743026733
-0.3329537808895111
0.4547136723995209
-0.6452861428260803
-0.002065576147288084
0.255158007144928
0.7148879766464233
0.5141875743865967
-0.46746525168418884
-0.28219830989837646
-0.39105334877967834
-0.008068813942372799
-0.9689204692840576
-0.324903666973114
0.23932769894599915
-0.07359436899423599
-0.5220797657966614
0.2196323722600937
-0.4650077521800995
-0.25488442182540894
-0.434465229511261
0.5757061839103699
-0.27979496121406555
0.40873584151268005
0.07542742788791656
0.2394987940788269
-0.6302375197410583
-0.3888743221759796
0.3186466693878174
0.7977065443992615
-0.4836413562297821
0.11138522624969482
-0.06563418358564377
0.23651084303855896
0.2684347629547119
0.06368094682693481
-0.49034130573272705
-0.23865947127342224
-0.2851141691207886
0.33181560039520264
0.28784406185150146
-0.10535447299480438
-0.03520512580871582
-0.4836413264274597
-0.05382130295038223
0.573418915271759
0.24482500553131104
0.06840343773365021
-0.36632034182548523
0.09523454308509827
-0.9103509187698364
-0.3922865688800812
0.5670961737632751
-0.14714594185352325
-0.5653427243232727
-0.3035699427127838
0.1385272741317749
0.003941514994949102
0.2800884544849396
0.2038472443819046
-0.35830220580101013
-0.5789043307304382
-0.06732755154371262
0.5596270561218262
-0.10227227956056595
0.028790216892957687
0.14614015817642212
-0.4002973735332489
0.3644435405731201
0.2294698804616928
0.13373349606990814
0.0325043722987175
-0.19389785826206207
0.12782102823257446
-0.17149470746517181
0.4783638119697571
-0.07496143877506256
-0.04817352071404457
-0.027368862181901932
0.799963116645813
0.3949422240257263
0.02905307710170746
0.2329602688550949
-0.31846916675567627
-0.5294645428657532
-0.4061545431613922
0.10281526297330856
-0.15007853507995605
-0.5541573762893677
0.17084701359272003
-0.3557819426059723
-0.12355464696884155
0.19330336153507233
0.06226162612438202
0.025515833869576454
-0.6217165589332581
-0.02042832411825657
-0.14847320318222046
0.29696083068847656
0.07658475637435913
-0.24320505559444427
-0.7215818762779236
0.1997148096561432
0.44133755564689636
-0.13592542707920074
0.023848747834563255
0.017583470791578293
-0.3879431188106537
0.03554139286279678
-0.028148474171757698
-0.039952352643013
0.23644289374351501
0.43698588013648987
-0.20456059277057648
-0.3051760792732239
0.5469889044761658
-0.13105539977550507
0.2259639948606491
0.05774173140525818
-0.05897314473986626
-0.7245806455612183
0.026183174923062325
-0.09619095176458359
-0.04970297962427139
0.13006636500358582
0.36677777767181396
0.12249819189310074
0.27489039301872253
-0.49789902567863464
-0.42838525772094727
-0.05329296737909317
0.620242714881897
0.5013038516044617
0.05688406527042389
0.268958181142807
0.17334727942943573
-0.151773601770401
0.00431580888107419
-0.7398088574409485
-0.1485820710659027
-0.16056756675243378
-0.029105283319950104
-0.19028030335903168
-0.1786525398492813
0.08435218036174774
-0.09880830347537994
0.04501551762223244
0.3319881856441498
0.10246536880731583
-0.03190978243947029
-0.29467469453811646
0.34193381667137146
0.5324792861938477
-0.12905171513557434
-0.0536935031414032
-0.1705668419599533
-0.1269713193178177
0.225824236869812
-0.12003550678491592
-0.25853314995765686
0.2577279210090637
0.38137364387512207
-0.01803065650165081
-0.0896541103720665
0.36917150020599365
-0.03216130658984184
0.2948492765426636
0.4308803081512451
0.0016707979375496507
0.14240461587905884
0.19286754727363586
-0.38505545258522034
0.2585920989513397
-0.21798883378505707
-0.006886380724608898
-0.061158087104558945
0.15679511427879333
-0.3041165769100189
0.3649474084377289
-0.13972614705562592
-0.4765471816062927
0.08103103190660477
0.22790858149528503
0.3888233006000519
-0.4354678988456726
0.00011461763642728329
-0.42708566784858704
0.5355710387229919
-0.5445665121078491
0.03410591930150986
0.06851693242788315
0.9328144788742065
-0.2515842318534851
-0.4279336929321289
0.624838650226593
0.19270484149456024
0.38857126235961914
0.18099722266197205
0.5042834877967834
0.36651700735092163
-0.5259154438972473
0.6552903056144714
0.15893393754959106
1.0401004552841187
-0.5152099132537842
0.09218920022249222
-0.40452656149864197
-0.36126846075057983
0.5475772619247437
-0.3610377311706543
0.9730048775672913
0.9134216904640198
-0.6848871111869812
0.55550616979599
0.8718693256378174
-0.5582383275032043
-0.2937997877597809
0.6539440155029297
0.7227791547775269
-0.7515660524368286
0.9130288362503052
0.5292027592658997
-0.5122884511947632
-0.07221689820289612
0.807404637336731
0.3783983290195465
0.5824670791625977
-0.4761456847190857
0.8292871713638306
0.4495038092136383
-0.33510738611221313
0.5638201236724854
0.5914633274078369
0.7212545871734619
0.47184836864471436
-0.03968382626771927
-0.2695756256580353
0.11305529624223709
-0.5334625840187073
0.16599543392658234
0.23795123398303986
0.20005474984645844
0.503726065158844
-0.03501209616661072
0.43186718225479126
0.9077028036117554
0.3620806336402893
1.011000156402588
-0.3101484477519989
-0.8263228535652161
-0.514600932598114
-0.027303611859679222
0.0798872709274292
-0.57692950963974
-0.11346137523651123
0.7946460247039795
0.5037567615509033
0.5635976195335388
0.46276047825813293
-0.4156217873096466
-0.38170477747917175
0.39845383167266846
0.2146580070257187
0.4946535527706146
-0.11916402727365494
0.5176312923431396
0.24103404581546783
-0.3451042175292969
0.2073982059955597
0.21679933369159698
-0.5530742406845093
0.3582976758480072
-0.17162427306175232
-0.20133808255195618
0.645374596118927
0.7354587912559509
0.570633590221405
0.760731041431427
0.059156134724617004
0.38391292095184326
0.22303372621536255
0.26087072491645813
0.638889729976654
0.8400728106498718
0.3121873140335083
-0.1539275050163269
-0.5359594225883484
0.014340689405798912
-0.21929366886615753
-0.3175950348377228
-0.6220355033874512
0.6252166032791138
0.5185233354568481
0.19198907911777496
0.788208544254303
-0.03111715242266655
0.45602935552597046
0.6550813913345337
0.03244655579328537
0.4722230136394501
-0.1657983958721161
-0.5249418020248413
0.483628511428833
0.23225516080856323
0.258846640586853
0.6649531126022339
-0.09630764275789261
0.2628595232963562
-0.3238371014595032
0.6808006167411804
0.32867705821990967
0.12688705325126648
0.2902066707611084
0.30571016669273376
-0.20674613118171692
-0.3745623528957367
0.108238086104393
0.7797738909721375
0.292578786611557
0.02202947624027729
0.08876550942659378
-0.6278136372566223
-0.020598402246832848
-0.19473710656166077
0.2140234261751175
0.3655282258987427
0.3933536410331726
-0.3067437410354614
0.34517934918403625
0.15536832809448242
0.0022784308530390263
0.4291967451572418
0.4812754690647125
-0.07589322328567505
0.4172322452068329
0.5858597755432129
0.7394265532493591
-0.18838326632976532
-0.3090400695800781
0.4125830829143524
0.4707902669906616
-0.24191325902938843
0.37403517961502075
-0.2914507985115051
0.4092785120010376
-0.15573330223560333
0.24787107110023499
0.6982067227363586
-0.020015114918351173
-0.15611203014850616
0.32539036870002747
0.7270746827125549
0.294644832611084
0.19023606181144714
0.44357410073280334
0.7326761484146118
0.1177259236574173
-0.08426650613546371
0.5492230653762817
0.5768579244613647
0.20912675559520721
0.036109235137701035
0.23953408002853394
0.23490074276924133
0.42805272340774536
0.4310643672943115
0.12103267014026642
0.6524150967597961
0.09763984382152557
0.050603028386831284
-0.14875423908233643
0.021762177348136902
0.19924430549144745
-0.131391242146492
0.4201866686344147
0.6886201500892639
0.0149177061393857
0.11646135151386261
0.7514222860336304
-0.2904875874519348
-0.03084462881088257
-0.11262649297714233
0.3971205949783325
0.33732593059539795
0.10488925129175186
-0.45089787244796753
0.3807578682899475
-0.5798802971839905
-0.3995552062988281
-0.5956911444664001
-0.7157678604125977
0.45635879039764404
-0.41959089040756226
0.5753635764122009
1.1438452005386353
-0.6173805594444275
-0.3512630760669708
-0.10071520507335663
-0.7721418738365173
0.3765183091163635
-0.805914580821991
-0.16633351147174835
-0.018522117286920547
-0.7332370281219482
0.2760225236415863
-0.4251526892185211
-0.26672598719596863
-0.07459118962287903
0.051546722650527954
-0.6243984699249268
-0.8003621697425842
0.05020202696323395
-0.6718441247940063
-0.46219250559806824
0.791394054889679
-0.40828925371170044
-0.4459702968597412
0.9457401633262634
-0.9503654837608337
-0.26259735226631165
-0.5100483298301697
-0.8309473991394043
-0.455059289932251
0.31381112337112427
0.6060182452201843
-0.4464636445045471
-0.4713473916053772
-0.42245981097221375
0.11193859577178955
-0.7018128633499146
-0.5466068387031555
0.7140226364135742
-0.4688151776790619
0.43490904569625854
0.0685572475194931
-0.5590283870697021
-0.6053025722503662
-0.3621448874473572
-0.5278987884521484
-0.3844606578350067
-0.4630064070224762
-0.3371054530143738
-0.7487224340438843
-0.7898038625717163
-0.37873339653015137
-0.8407236933708191
-0.5266560316085815
0.8582445979118347
-0.7892301082611084
0.05315324664115906
-0.2012246996164322
-0.7819575071334839
-0.281473845243454
-0.13377295434474945
-0.33247244358062744
0.5011881589889526
-0.7632516622543335
-0.35006004571914673
-1.032679796218872
-0.15007947385311127
-0.5612758994102478
-0.10774090141057968
-0.3285037577152252
-0.20999640226364136
-0.49040696024894714
0.05188862234354019
-0.622995138168335
-0.48998594284057617
-0.6196675896644592
0.12166371941566467
0.24709771573543549
-0.48303404450416565
-0.6069980263710022
-0.4131314158439636
0.3624081611633301
0.06483443826436996
-0.46817806363105774
-0.15786497294902802
-0.4652482271194458
-0.7453375458717346
-0.1990547776222229
-0.4472437798976898
0.33698126673698425
-0.059358298778533936
-0.2547864317893982
-0.12871067225933075
-0.15305060148239136
-0.0019553652964532375
-0.7158392667770386
0.05142440274357796
-0.3038541376590729
-0.06266546249389648
0.5824851393699646
-0.6635290384292603
0.8064723610877991
0.22138330340385437
0.6141980886459351
0.18855106830596924
-0.6987202763557434
-0.3237111270427704
0.06267977505922318
-0.27105867862701416
0.3971937894821167
-0.20691069960594177
-0.30380481481552124
0.41342854499816895
-0.3727554380893707
-0.8008087873458862
-0.06025600805878639
0.45128801465034485
0.19395047426223755
0.5906480550765991
-0.420298308134079
-0.007985956966876984
-0.41420575976371765
0.11618390679359436
-0.4489494860172272
0.17389674484729767
0.15770186483860016
-0.5150302052497864
0.0975867509841919
-0.005011322908103466
-0.7314539551734924
-0.2361082136631012
-0.35131576657295227
-0.3398159444332123
-0.38962823152542114
-0.602548360824585
-0.2831411361694336
-0.0952385812997818
-0.28877702355384827
-0.35126927495002747
-0.17385505139827728
-0.3308871388435364
0.13677924871444702
0.15295757353305817
-0.07566185295581818
-0.6271396279335022
-0.510709822177887
-0.013692274689674377
0.4567514955997467
0.24378737807273865
-0.5060282349586487
-0.5408462882041931
0.009239445440471172
-0.22258351743221283
-0.27711722254753113
0.0786970853805542
-0.5340537428855896
-0.24223604798316956
-0.41203948855400085
0.5320677161216736
-0.5749254822731018
-0.7478089928627014
0.5848618745803833
-0.10482672601938248
-0.44894862174987793
0.07878684997558594
0.15358209609985352
-0.5257466435432434
-0.5088200569152832
0.0632663294672966
-0.2907956540584564
-0.6105892658233643
0.6372511386871338
-0.3943673372268677
-0.6431837677955627
-0.22740225493907928
-0.5557478666305542
-0.4892599284648895
-0.1953335404396057
-0.5760363340377808
-0.5554237961769104
-0.3994850218296051
-0.284473180770874
0.7041804790496826
-0.7514751553535461
-0.35789111256599426
-0.25689002871513367
0.09677648544311523
-0.6843391060829163
-0.07976817339658737
-0.27858006954193115
-0.33934465050697327
-0.2162032425403595
-0.11659785360097885
-0.06453278660774231
-1.0555405616760254
0.7598291635513306
-0.17077010869979858
-1.07804274559021
-0.6713582873344421
0.41602984070777893
-0.8767420649528503
0.6601952910423279
-0.6528416275978088
-0.321327269077301
-0.11895495653152466
-0.08121585100889206
-0.7841041684150696
-0.22301635146141052
0.32997000217437744
-0.6746860146522522
0.0625373050570488
-0.6603701114654541
-0.5441786050796509
-0.24855780601501465
-1.069352388381958
0.7515708208084106
-1.0137972831726074
0.2669667601585388
0.4369071125984192
0.6562424898147583
0.1584489345550537
0.7080202698707581
-0.8796667456626892
-0.7170004844665527
0.6641122698783875
0.3109860122203827
-1.057237148284912
-0.30393001437187195
0.1944623738527298
-0.7482497096061707
-0.7687520980834961
0.46519872546195984
0.8248326778411865
-0.015722937881946564
0.5345572829246521
0.8866503834724426
0.5653448700904846
0.27713698148727417
0.4191746115684509
0.8346815705299377
0.511692225933075
-0.2696593105792999
-0.6448963284492493
0.32872357964515686
-0.5522893071174622
0.4856397807598114
0.007183255162090063
-0.12653151154518127
-0.33104225993156433
-0.3045077323913574
-0.4600616991519928
-0.5534318685531616
0.6308054327964783
0.2513223886489868
0.2998445928096771
-0.815705418586731
-0.8043234348297119
-0.732823371887207
0.23813390731811523
-0.6113452315330505
-0.6860275864601135
0.1081785336136818
0.4015066921710968
0.01863732561469078
0.27582982182502747
0.7546451091766357
0.07685001194477081
0.18608860671520233
-0.23731888830661774
-0.3246772587299347
0.23314112424850464
-0.17619816958904266
0.4176065921783447
-0.07961378991603851
-0.002779507078230381
-0.23689118027687073
-0.7306765913963318
-0.5523422956466675
-0.5053712725639343
-0.2141110897064209
-0.483625203371048
0.2819751799106598
0.3758915364742279
-0.3710203766822815
-0.27005770802497864
-0.8129184246063232
0.4779289960861206
-0.297489732503891
-0.2858634889125824
0.22807499766349792
-0.13240617513656616
0.2920418679714203
0.10583928972482681
-0.5638143420219421
0.3694125711917877
0.1970447450876236
0.15176543593406677
-0.3799433410167694
0.24011823534965515
0.2861139476299286
-0.3781750500202179
0.43084561824798584
0.4400745928287506
0.3062517046928406
0.3064274787902832
-0.6128036379814148
0.2412259727716446
-0.4927874803543091
0.13026724755764008
0.5371848344802856
-0.10535391420125961
-0.3038470447063446
0.6997533440589905
-0.2534595727920532
-0.5247843265533447
-0.6580515503883362
0.3154217302799225
-0.23475532233715057
-0.012215130031108856
-0.20210039615631104
0.6591907143592834
-0.1637139469385147
-0.6530484557151794
-0.12175364792346954
0.9087122082710266
0.5132884979248047
-0.22457073628902435
0.09538885205984116
-0.5171746015548706
-0.3022555410861969
-0.40892624855041504
-0.23666991293430328
0.3202246129512787
-0.01075766235589981
0.02831451967358589
0.28706347942352295
-0.07568316161632538
-0.3689584732055664
0.3047138750553131
0.2189236283302307
-0.2606675922870636
0.5481991767883301
0.543790340423584
0.11476331204175949
-0.6282751560211182
-0.6505418419837952
-0.46927928924560547
0.32975587248802185
-0.14928343892097473
0.27740687131881714
-0.3477255702018738
0.3254880905151367
-0.5663534998893738
0.22043871879577637
0.5672155618667603
-0.04015904292464256
-0.6156644821166992
0.31147366762161255
0.28999489545822144
-0.14061619341373444
-0.5340794920921326
-0.19478721916675568
0.15524373948574066
-0.3737083077430725
-0.42164531350135803
0.30642595887184143
0.22377008199691772
-0.3040618896484375
-0.36166325211524963
0.5216795802116394
-0.4148010015487671
0.49588048458099365
-0.04390135779976845
-0.25529247522354126
-0.17691271007061005
-0.36941662430763245
-0.43113842606544495
-0.27048158645629883
0.036841824650764465
0.24670666456222534
-0.2447759360074997
0.31420522928237915
0.2057948261499405
-0.44253528118133545
-0.4055359661579132
0.2465457320213318
-0.5573854446411133
-0.33097660541534424
-0.4347383975982666
-0.4020881652832031
-0.06550472974777222
0.4173205494880676
-0.5195863842964172
-0.4376883804798126
0.06126521900296211
0.4707695543766022
0.44066718220710754
0.1700396090745926
-0.7388169169425964
0.20017267763614655
-0.14130790531635284
0.09045423567295074
-0.4064289629459381
0.6443730592727661
-0.05169791355729103
0.003783472813665867
-0.2906865179538727
0.5809639692306519
0.17470957338809967
0.337207168340683
-0.12022936344146729
-0.022221684455871582
-0.022822493687272072
0.16980718076229095
0.03473687916994095
0.09003227949142456
-0.5390536189079285
-0.1284482181072235
0.4026312828063965
0.5344669818878174
-0.383877158164978
0.10751146078109741
-0.3010810613632202
-0.045725706964731216
-0.03017917089164257
0.6352404952049255
-0.866008996963501
0.10485876351594925
0.4998288154602051
0.17998862266540527
-0.7043271064758301
0.1758819967508316
0.23914632201194763
0.5928846597671509
0.1727672964334488
0.32864004373550415
-0.07323218137025833
0.6044134497642517
-0.1385866403579712
-0.029168564826250076
0.20625832676887512
-0.46625658869743347
0.08828525990247726
0.628284752368927
-0.09009376168251038
0.566992461681366
-0.04574189335107803
-0.22511602938175201
-0.20409511029720306
-0.5211793184280396
0.2558131217956543
-0.42732056975364685
-0.17174679040908813
0.09655740857124329
0.18303383886814117
0.08872407674789429
-0.11212844401597977
0.5920693278312683
0.5886761546134949
0.35750508308410645
-0.29614493250846863
0.2427929788827896
0.007604113779962063
-0.24367429316043854
0.3774564862251282
0.47792285680770874
0.23497621715068817
0.30991053581237793
0.1551891416311264
-0.377798855304718
0.4063647389411926
-0.0391082800924778
0.25106674432754517
0.18600021302700043
0.44421273469924927
0.08214348554611206
-0.0009802905842661858
0.19681432843208313
-0.28771305084228516
0.5482181310653687
-0.10148221254348755
0.03218021243810654
-0.17624329030513763
-0.47819051146507263
-0.3102731704711914
-0.3579441010951996
0.3330855667591095
-0.18575266003608704
-0.09947600960731506
-0.0012061024317517877
-0.15488892793655396
0.4181327521800995
0.29297447204589844
-0.07119593769311905
0.3987407684326172
0.7034300565719604
-0.12635478377342224
0.34085920453071594
0.07972285896539688
0.2565220892429352
-0.2632814049720764
0.09821192920207977
-0.18139447271823883
0.12479181587696075
0.10078587383031845
-0.24556726217269897
0.09606488794088364
0.2908063232898712
0.2705790400505066
-0.24371610581874847
-0.35072287917137146
0.05753570795059204
0.10164754837751389
-0.1334434151649475
-0.29427504539489746
-0.3372441828250885
0.056966960430145264
-0.2144816815853119
-0.05571834370493889
-0.30156105756759644
-0.19833438098430634
0.26201575994491577
-0.33552253246307373
0.14625398814678192
0.052167218178510666
0.05271248146891594
-0.1499369889497757
0.11015745997428894
0.11468134075403214
-0.26721593737602234
-0.007334527559578419
-0.266159325838089
0.027798878028988838
-0.49052637815475464
0.4834003448486328
0.28359082341194153
0.17501020431518555
-0.13404744863510132
0.24408170580863953
0.2502574324607849
-0.47046607732772827
0.2276613861322403
-0.022514708340168
-0.07558582723140717
-0.48931726813316345
0.27916184067726135
-0.004050056915730238
0.159414604306221
0.18052396178245544
0.6033892631530762
-0.026401367038488388
0.30841535329818726
-0.1793482005596161
-0.13948386907577515
0.1555132120847702
-0.09184977412223816
0.17177358269691467
0.13918541371822357
0.012855193577706814
0.177385151386261
-0.10715629160404205
0.08590644598007202
0.24281537532806396
-0.2043059915304184
-0.19966420531272888
-0.043573956936597824
0.3908231556415558
-0.21031484007835388
0.0791468694806099
0.49830615520477295
-0.5975968241691589
0.07410264015197754
-0.26259922981262207
-0.4579164981842041
0.043973229825496674
-0.4394562542438507
-0.14861707389354706
0.09396694600582123
0.42640700936317444
0.4294053018093109
0.3840659558773041
0.3038872182369232
0.037281185388565063
-0.2784809470176697
0.19324538111686707
0.016896523535251617
-0.44262808561325073
0.3482225835323334
-0.09044238179922104
-0.16820688545703888
-0.38339942693710327
0.30987465381622314
-0.21716630458831787
-0.599350094795227
0.5719819068908691
0.32592591643333435
0.35967782139778137
0.6163848042488098
-0.8020884990692139
0.546368420124054
0.36333808302879333
-0.5302151441574097
0.7546400427818298
-0.03942453861236572
0.1779821664094925
0.33253952860832214
0.154385045170784
0.2255970537662506
-0.007985801436007023
0.6267200708389282
0.8885993361473083
0.5838567614555359
0.5652807950973511
0.3807971775531769
0.6868801712989807
0.15758617222309113
0.6080337762832642
0.7255885601043701
-0.4223893880844116
0.9292850494384766
0.290393590927124
-0.3852819502353668
0.5429760217666626
0.444721519947052
-0.45584896206855774
0.11669634282588959
0.5507175326347351
-0.05373116955161095
0.40040743350982666
0.6901223063468933
0.7395641207695007
-0.4684491455554962
0.3264447748661041
-0.054473310708999634
0.7113745808601379
-0.5772659182548523
0.17017117142677307
0.33606651425361633
-0.40550175309181213
-0.1495133340358734
-0.4459197521209717
0.4955500364303589
0.7669892311096191
0.5920255780220032
0.5517535209655762
0.7068474292755127
0.15466813743114471
0.26865383982658386
0.0007724142051301897
0.6164032816886902
0.5459397435188293
0.5663406848907471
-0.32808753848075867
0.5140582919120789
-0.6862180233001709
0.8110628724098206
0.5762631297111511
0.48999154567718506
0.5356861352920532
0.48601239919662476
0.6540989279747009
0.26491284370422363
-0.20425641536712646
0.38853827118873596
-0.008042986504733562
0.3862648606300354
0.3553037941455841
0.2954958975315094
0.03146352246403694
-0.03865334019064903
-0.2710474729537964
0.22362694144248962
0.051964689046144485
0.1883852332830429
0.27055779099464417
0.06991715729236603
0.6766327023506165
0.47961050271987915
0.40400180220603943
0.4882632791996002
0.6961530447006226
-0.43778717517852783
-0.5703604221343994
0.08224688470363617
-0.23258757591247559
0.6954529285430908
0.0308294165879488
0.4748343825340271
-0.12810294330120087
-0.20474879443645477
-0.09753020107746124
-0.15783844888210297
0.1373797059059143
0.5329813957214355
0.1848686933517456
0.358920693397522
0.2617025375366211
0.4360799193382263
-0.3466695547103882
-0.348802775144577
0.16842931509017944
-0.42573946714401245
-0.23738828301429749
-0.21767407655715942
-0.28980186581611633
0.44959327578544617
-0.17492884397506714
0.07847747206687927
0.6068543195724487
-0.05395437777042389
0.2670470178127289
0.042591094970703125
-0.11121567338705063
0.37790897488594055
0.45571282505989075
0.608325183391571
-0.48975399136543274
0.23250313103199005
-0.019065534695982933
0.08966073393821716
0.26779645681381226
0.35072919726371765
0.5711793899536133
0.4868396818637848
-0.3742988109588623
-0.26353660225868225
0.3301215171813965
-0.28799504041671753
0.4481205940246582
0.7482203245162964
0.5720646977424622
0.39169642329216003
-0.28832316398620605
0.2469077706336975
0.6309481859207153
-0.08823052048683167
0.23500795662403107
0.42348405718803406
-0.30078190565109253
0.3464135229587555
0.3405938446521759
-0.0003569851687643677
-0.3683909475803375
-0.03797724097967148
0.48741257190704346
0.6240463256835938
-0.16336195170879364
-0.3282066583633423
0.3553094267845154
0.19476023316383362
0.3730213940143585
-0.18369503319263458
0.5845997929573059
0.28272655606269836
-0.10991010069847107
0.4588034749031067
0.4334500730037689
0.25331640243530273
-0.13689576089382172
0.11133676767349243
0.41490843892097473
0.002392129274085164
-0.08444394916296005
0.2663611173629761
0.3386763334274292
-0.036446698009967804
0.3050461411476135
0.014213360846042633
0.0467304028570652
0.09149057418107986
0.47554758191108704
-0.07074028998613358
0.35128486156463623
0.44633665680885315
0.21334558725357056
0.429861843585968
0.43107688426971436
-0.03135485574603081
-0.1450188308954239
0.26444047689437866
0.20614004135131836
-0.2805796265602112
-0.018550297245383263
0.46750184893608093
0.32929617166519165
-0.14492826163768768
0.3725450038909912
0.24653464555740356
0.36910825967788696
0.3098866939544678
0.06571052223443985
0.07838958501815796
0.35076606273651123
0.4922488033771515
0.6191628575325012
-0.7509867548942566
0.08418618887662888
0.384662002325058
-0.5524932742118835
-0.41750991344451904
0.060651492327451706
-0.676027238368988
0.06328007578849792
0.33980298042297363
-0.14603179693222046
0.4703950881958008
0.11623162031173706
-0.2726536989212036
-0.6056095361709595
-0.03820445388555527
0.4872705042362213
-0.9922231435775757
0.9265697598457336
0.13089989125728607
-0.4322526454925537
-0.3485170602798462
0.19199007749557495
0.3884245753288269
0.5077807307243347
-0.23008204996585846
0.024341974407434464
-0.14881180226802826
-0.537761390209198
0.7781779170036316
-0.3603515625
-0.07005159556865692
-0.12280675023794174
0.8133323788642883
0.16183921694755554
-0.1858397275209427
-0.4423750340938568
0.04499468952417374
0.3315095901489258
0.4269348978996277
-0.2677430808544159
0.41596198081970215
0.9732147455215454
-0.04403209313750267
-0.36283332109451294
-0.05208621546626091
0.4417043924331665
-0.18390078842639923
0.23883114755153656
-0.3038751482963562
-0.3682863116264343
-0.7881060242652893
0.13572213053703308
0.5883925557136536
0.1050826758146286
0.3594362735748291
-0.23531946539878845
0.47269195318222046
0.6409247517585754
0.37441399693489075
0.21182970702648163
0.03834877908229828
-1.013182520866394
0.21523776650428772
-0.37357646226882935
0.5880733132362366
-0.5576023459434509
-0.05365011841058731
-0.09744329750537872
-0.03603212162852287
0.10102729499340057
0.6832727193832397
-0.08867716789245605
-0.37745070457458496
0.1802043914794922
0.32513129711151123
-0.05747733265161514
0.19200901687145233
0.04108543321490288
0.06129610538482666
-0.0798121988773346
0.44575488567352295
0.250335156917572
-0.585708737373352
0.3112892508506775
-0.23531474173069
-0.2727331817150116
-0.05014541745185852
0.12265589833259583
0.3989178538322449
0.4367394745349884
0.2761894762516022
0.39188891649246216
-0.020526358857750893
-0.517580509185791
0.0011516045778989792
0.43275174498558044
0.20375697314739227
-0.34934014081954956
-0.5865792632102966
-0.5163674354553223
-0.04679596796631813
-0.5187880396842957
-0.5487369894981384
-0.1343647688627243
-0.3336259722709656
0.4745955765247345
-0.18600687384605408
-0.26984962821006775
-0.2077028602361679
0.02524070255458355
0.2979677617549896
0.03241989389061928
-0.33041882514953613
-0.35330870747566223
-0.44878843426704407
0.2017277330160141
0.12992538511753082
-0.3035801351070404
-0.3648619055747986
0.5510231852531433
-0.14804761111736298
0.04045389965176582
-0.524386465549469
-0.46538233757019043
0.7741551995277405
-0.7641018033027649
-0.16954641044139862
-0.39425817131996155
-0.25885918736457825
-0.6001152396202087
-0.3752197027206421
0.2021276354789734
-0.3815748989582062
-0.8678919672966003
0.46286317706108093
-0.5333330631256104
-0.4411916136741638
0.0072344825603067875
0.11107281595468521
-0.38840988278388977
-0.2460939884185791
0.1595979928970337
-0.09992410987615585
0.3590678572654724
0.4393388032913208
-0.4364771544933319
-0.5247251987457275
-0.09583079069852829
0.20427767932415009
0.12714098393917084
0.033569492399692535
-0.11233457177877426
0.26595446467399597
-0.9482163786888123
0.33957818150520325
-0.13557420670986176
0.13502877950668335
-0.3534107804298401
0.1793692260980606
0.23798033595085144
-0.34422963857650757
-0.24817366898059845
-0.27371686697006226
-0.08807673305273056
-0.018243785947561264
0.16292773187160492
-0.492540568113327
0.23271094262599945
0.22861835360527039
-0.031438544392585754
-0.09009846299886703
0.05970487371087074
0.35070040822029114
-0.009820106439292431
-0.12501326203346252
0.11167261749505997
-0.478943407535553
0.5265475511550903
0.6562777161598206
0.5196580290794373
0.040655650198459625
-0.17053627967834473
0.12546610832214355
0.2834499180316925
0.4571850001811981
-0.07174437493085861
0.04907999932765961
-0.10550006479024887
-0.09809666126966476
0.10156194120645523
0.20888914167881012
-0.10522700101137161
-0.17249193787574768
-0.29779988527297974
0.3664759695529938
0.5696527361869812
0.3814801573753357
-0.156889408826828
