-0.40810537338256836
0.38655054569244385
0.3422805964946747
-0.6557278037071228
0.31649044156074524
0.5216090679168701
0.1821790486574173
0.4553869962692261
-0.46152934432029724
0.5733170509338379
0.5363566875457764
-0.7031658887863159
0.04038389027118683
0.7133365869522095
-0.5768952965736389
-0.3809376060962677
-0.5780008435249329
0.3380599021911621
-0.0423048734664917
0.704582691192627
-0.3621865510940552
0.40045276284217834
-0.2171090543270111
-0.6945120096206665
0.41304701566696167
0.3405507802963257
-0.5999357104301453
0.4069552421569824
-0.37312963604927063
0.41170957684516907
0.22828024625778198
0.505591869354248
-0.46454763412475586
-0.6025282144546509
-0.48443111777305603
-0.299316942691803
0.3867996335029602
-0.40439698100090027
0.6670129895210266
-0.4625321328639984
-0.607933521270752
0.3050009608268738
0.3793768882751465
0.3378709554672241
0.7121864557266235
-0.07316173613071442
-0.46520790457725525
0.3836499750614166
0.2996809780597687
0.35616281628608704
-0.26684659719467163
0.38970479369163513
0.46957844495773315
0.41144272685050964
-0.6186099648475647
-0.7987411022186279
-0.40427595376968384
0.25866034626960754
0.8000942468643188
-0.47495871782302856
0.6012176275253296
-0.40869396924972534
-0.20983801782131195
0.3337284028530121
0.2202826589345932
0.567306399345398
0.24970947206020355
-0.4749746322631836
0.562491238117218
0.31838908791542053
0.25613275170326233
0.5315305590629578
0.3999568223953247
0.13163751363754272
0.2185533195734024
-0.5766140818595886
0.5689857602119446
0.2969038784503937
-0.18091721832752228
0.12943844497203827
-0.5069403052330017
-0.27877914905548096
0.5414829254150391
-0.702613353729248
-0.2869994044303894
0.6180809736251831
0.576036274433136
-0.2278405725955963
-0.8112169504165649
0.30381473898887634
-0.4901829659938812
0.5676289796829224
-0.5322597622871399
0.5821062922477722
-0.4119817912578583
0.6060055494308472
-0.3079601526260376
-0.3940237760543823
-0.5869460701942444
-0.11457691341638565
0.6768531203269958
-0.21589897572994232
0.49762579798698425
-0.23733431100845337
-0.45747169852256775
0.21876350045204163
0.43188825249671936
0.1735125631093979
-0.41278544068336487
-0.5990484952926636
-0.6262643933296204
0.3318497836589813
0.5005602240562439
0.2680187225341797
0.533585786819458
-0.45872020721435547
0.49348241090774536
-0.6789048910140991
0.20111076533794403
0.4119790494441986
-0.26491981744766235
0.5984013080596924
-0.1275130659341812
0.41905921697616577
0.5327789187431335
0.5972235202789307
0.3596958816051483
0.46716243028640747
-0.46108585596084595
0.37905481457710266
0.4533049464225769
0.900431752204895
-0.3954560458660126
-0.6222944855690002
-0.304989755153656
-0.7671109437942505
0.6338776350021362
-0.2626095116138458
-0.27430248260498047
0.3391447961330414
-0.3022724688053131
-0.7191419005393982
0.11080557107925415
0.09000721573829651
0.2560536563396454
0.24910543859004974
0.5248846411705017
-0.371715784072876
-0.7514097094535828
-0.7338004112243652
0.8096758127212524
-0.07403125613927841
-0.45685434341430664
0.4823852777481079
0.2774774730205536
-0.23676419258117676
0.22766517102718353
0.6059220433235168
0.6032282114028931
0.7348718643188477
0.6490012407302856
0.47345367074012756
0.4835178852081299
-0.7183966040611267
0.4516752362251282
0.43885481357574463
-0.28878217935562134
0.42928338050842285
0.33385223150253296
-0.3831491470336914
-0.3660259544849396
-0.4271160066127777
-0.4555259346961975
-0.33999598026275635
0.28353244066238403
-0.36008504033088684
-0.45008623600006104
0.37435978651046753
-0.5318794846534729
-0.6663764119148254
-0.36242997646331787
-0.34997671842575073
0.7539404630661011
0.554917573928833
0.5600811839103699
0.564179539680481
-0.3553807735443115
0.35876908898353577
0.5822282433509827
-0.4118700921535492
0.3373773396015167
0.24277620017528534
-0.20833389461040497
0.5830052495002747
-0.6145673990249634
-0.42496931552886963
0.6150519847869873
0.06248431280255318
0.7272156476974487
0.36579430103302
0.501876711845398
0.2613137364387512
0.1545945554971695
-0.49092644453048706
-0.4518894851207733
-0.3206598162651062
-0.5086458325386047
-0.2627725303173065
-0.6314584016799927
0.3696000576019287
-0.35498419404029846
0.29916298389434814
-0.5418969988822937
0.4317413866519928
0.6684530973434448
0.4543677270412445
0.25252312421798706
-0.4691176414489746
0.26859745383262634
-0.35547927021980286
0.6011607646942139
-0.2247534692287445
0.297944575548172
-0.6030877232551575
0.5216152667999268
-0.2840173840522766
0.5581722259521484
-0.4385294020175934
0.33569154143333435
0.4556996524333954
0.5382500886917114
0.45923659205436707
0.35979345440864563
-0.3292616605758667
0.4582729637622833
-0.29891395568847656
0.18363851308822632
0.678301215171814
0.25825247168540955
-0.5234134793281555
-0.29599708318710327
0.41311410069465637
0.5526967644691467
-0.690814733505249
-0.3684476613998413
0.25015127658843994
-0.20241442322731018
0.5522838830947876
-0.20960475504398346
0.37306806445121765
-0.3558558225631714
0.12673138082027435
-0.3895578384399414
-0.35341426730155945
0.6590213775634766
0.7645441293716431
-0.3468841016292572
0.5616456866264343
0.2476942241191864
-0.3089887797832489
0.5778563022613525
0.25164994597435
-0.28590163588523865
-0.4516105055809021
-0.4985344409942627
-0.09642540663480759
-0.5155979990959167
0.49340009689331055
0.513408899307251
-0.6304867267608643
-0.7375380992889404
-0.35381197929382324
0.5538202524185181
-0.2660359740257263
0.2754094898700714
0.30371397733688354
0.38009127974510193
0.5960596203804016
-0.30636948347091675
-0.5679119825363159
0.6871156096458435
-0.4672034978866577
0.4540307819843292
0.5506786108016968
-0.4902176260948181
0.7316204905509949
-0.5346003770828247
0.24777941405773163
-0.1826973408460617
-0.5589898228645325
0.6996486783027649
0.3325318992137909
0.6230056285858154
0.5792558193206787
0.6499286890029907
-0.1190585047006607
0.2607399821281433
-0.14186784625053406
-0.2604520618915558
-0.3422588109970093
-0.3563386797904968
0.31323161721229553
-0.7672847509384155
0.22485104203224182
0.47698721289634705
-0.7305681109428406
-0.23183786869049072
0.6614590883255005
-0.6337462663650513
-0.4931700825691223
0.14013786613941193
0.2201233208179474
-0.2627388536930084
0.21020857989788055
0.5630699396133423
0.13964521884918213
-0.42706048488616943
-0.48533400893211365
0.6621877551078796
0.579364001750946
-0.4792368710041046
-0.4104137718677521
0.44303402304649353
-0.6786227226257324
-0.3183445632457733
-0.5389735102653503
-0.30655670166015625
-0.20542138814926147
-0.5928360819816589
-0.5238641500473022
-0.3779323399066925
-0.7219823002815247
0.3522138297557831
0.6196121573448181
0.41461798548698425
-0.4480944573879242
0.1681438535451889
0.5221877694129944
-0.6820753216743469
0.2684585452079773
0.3498762547969818
-0.3713584542274475
-0.6740464568138123
-0.6322486996650696
-0.2892182171344757
0.47853943705558777
0.3369726240634918
-0.3756055235862732
-0.33052700757980347
0.4579067528247833
0.4957163333892822
-0.36450251936912537
-0.19893161952495575
0.1855246126651764
0.2241467535495758
-0.5412811040878296
-0.4032648801803589
-0.5348940491676331
-0.39986780285835266
-0.29141589999198914
0.3302028179168701
-0.4930081069469452
0.30076444149017334
0.3262697458267212
0.4827972948551178
-0.438066691160202
0.6327246427536011
-0.4394740164279938
-0.36615997552871704
-0.4062097370624542
-0.009202197194099426
-0.40673696994781494
-0.6769872903823853
0.5468592643737793
0.6231282353401184
0.25434255599975586
0.4465741515159607
0.4735766053199768
-0.24863038957118988
-0.5813087224960327
-0.6718382239341736
-0.12296479195356369
-0.40483883023262024
0.42278414964675903
-0.5736988186836243
-0.5849413275718689
-0.25174760818481445
-0.6431777477264404
0.7837457060813904
0.22637712955474854
0.3038349449634552
-0.3194245398044586
-0.4726204574108124
-0.3220996856689453
-0.5894112586975098
-0.2640584707260132
-0.4303692877292633
-0.3815048635005951
0.47925543785095215
0.31381112337112427
0.33323338627815247
-0.31738731265068054
0.46086975932121277
-0.6857312917709351
-0.33064958453178406
0.9890457987785339
-0.3717189431190491
0.45961993932724
-0.3403400778770447
0.5313180088996887
0.837584376335144
-0.4398387670516968
0.6418641805648804
0.1005626693367958
0.5765718221664429
-0.42166152596473694
0.6130812764167786
0.40492209792137146
0.4967304766178131
0.7383940815925598
0.4264827072620392
-0.5261635184288025
-0.13169556856155396
0.38040679693222046
0.4566907286643982
-0.4002453088760376
-0.19939705729484558
-0.19016368687152863
0.5031725168228149
0.6589152812957764
0.14596019685268402
-0.39844971895217896
-0.36033403873443604
0.5246644020080566
-0.44581547379493713
0.029714761301875114
0.40332934260368347
-0.45374736189842224
-0.7085515856742859
-0.49210506677627563
0.5183295011520386
0.5125980377197266
-0.4040480852127075
0.21535111963748932
-0.6298704743385315
-0.43486693501472473
-0.48436665534973145
0.29790323972702026
0.37835410237312317
-0.5627735257148743
-0.22845304012298584
0.4419504702091217
0.27135953307151794
-0.6591630578041077
0.41528451442718506
0.34696847200393677
0.3075569272041321
-0.37569472193717957
0.6204816102981567
-0.23975999653339386
0.38985660672187805
-0.161949023604393
-0.6450008153915405
0.792983889579773
0.6856919527053833
0.3419542908668518
-0.29371073842048645
0.21696998178958893
0.5698366165161133
0.4313046932220459
-0.7160799503326416
0.44315066933631897
0.28569939732551575
0.4639192521572113
-0.276010662317276
0.5948204398155212
0.2586425244808197
-0.2935429513454437
-0.1809394806623459
-0.326428085565567
0.3350362777709961
-0.4540140926837921
-0.3887617588043213
-0.25653383135795593
0.585788905620575
-0.5854085087776184
0.2571883797645569
0.24481287598609924
0.11381440609693527
-0.43340128660202026
-0.7072703242301941
0.454721599817276
0.42009595036506653
-0.3893320560455322
0.795062780380249
-0.40844881534576416
-0.5738108158111572
-0.37383341789245605
-0.5666422843933105
0.1898028701543808
0.3033183515071869
0.22416727244853973
-0.23148638010025024
-0.4875374138355255
0.5845175385475159
-0.6395503878593445
-0.5039237141609192
-0.45820918679237366
0.22454319894313812
0.7098656296730042
0.433891624212265
-0.34651046991348267
-0.6246776580810547
-0.43660756945610046
0.545768678188324
-0.4036625623703003
-0.5244211554527283
-0.4819745421409607
-0.6037903428077698
-0.360545814037323
-0.43503397703170776
0.3156929314136505
0.30753687024116516
-0.6839088797569275
-0.3966517746448517
-0.3744646906852722
-0.20755155384540558
-0.5388204455375671
-0.3798007667064667
-0.6061757206916809
0.2678682804107666
0.04892629757523537
0.34936317801475525
0.21824155747890472
0.4391828775405884
0.5141950249671936
0.37693876028060913
-0.44028711318969727
0.667265772819519
-0.23785601556301117
0.49886345863342285
0.413992315530777
0.693210244178772
-0.5278523564338684
-0.6005354523658752
-0.10279130190610886
0.3243040144443512
-0.17085738480091095
0.6205792427062988
0.4626463055610657
-0.3143869936466217
0.41188475489616394
-0.5196278095245361
-0.4441969692707062
-0.5572737455368042
-0.3674166202545166
-0.5269418358802795
-0.3474980890750885
-0.4115915298461914
-0.40638116002082825
-0.258136510848999
0.4735134541988373
0.654895544052124
0.6876499652862549
-0.4762125313282013
0.3274432122707367
0.5737043619155884
0.3385820686817169
0.3135841488838196
-0.15961278975009918
-0.3862610459327698
-0.6629914045333862
0.24559809267520905
-0.19720488786697388
0.4910688102245331
0.474185585975647
