0.0025039934553205967
-0.0015408073086291552
0.015870224684476852
0.0014330630656331778
0.01113725733011961
-0.0007610388565808535
0.0036908199544996023
-0.010026897303760052
0.01550293993204832
-0.020540419965982437
-0.008082795888185501
-0.0010609248420223594
-0.012269520200788975
0.006240093149244785
-0.0035127641167491674
0.0009202605579048395
-0.010708628222346306
-0.0046040392480790615
0.010950683616101742
0.006310359574854374
-0.012754909694194794
-0.007773966062813997
-0.0020577330142259598
-0.004776042886078358
