-0.19316460192203522
-0.014520869590342045
-0.19375045597553253
0.32182493805885315
0.09072776883840561
-0.08432793617248535
-0.269989937543869
-0.1318054497241974
-0.26963314414024353
-0.2597249150276184
0.3509792685508728
0.28048309683799744
0.19579660892486572
-0.32123106718063354
0.11538353562355042
0.3894127607345581
-0.044805318117141724
-0.22494268417358398
0.06666287034749985
-0.19963327050209045
-0.3602309226989746
-0.0689370334148407
0.10511340200901031
-0.1974908411502838
-0.09042565524578094
-0.0015260942745953798
0.3200320601463318
0.0020825995597988367
-0.03766403719782829
-0.23801067471504211
0.06629998981952667
-0.08826053142547607
-0.3160907030105591
0.4218442142009735
0.16440589725971222
0.18344764411449432
-0.15187455713748932
-0.10952214151620865
-0.14847137033939362
0.2995931804180145
0.6111518740653992
0.042149949818849564
-0.1752941608428955
0.15186040103435516
-0.017710179090499878
0.16110768914222717
-0.1352595090866089
-0.14516659080982208
0.26838281750679016
-0.12768426537513733
-0.15045469999313354
-0.07812077552080154
0.10335598140954971
0.17687690258026123
0.14899474382400513
0.26814720034599304
0.2535318434238434
0.05665915459394455
-0.008885187096893787
-0.3783172369003296
-0.08244528621435165
-0.061625346541404724
-0.07702049612998962
-0.12252184748649597
-0.3589882254600525
0.2603640556335449
0.141940638422966
-0.2507406175136566
-0.06705901771783829
-0.20823444426059723
0.12254878133535385
0.14329306781291962
0.0055192564614117146
-0.33304983377456665
0.05910368636250496
-0.00022268238535616547
0.05290272831916809
-0.14316308498382568
0.13913841545581818
-0.13758347928524017
0.21610358357429504
0.19167128205299377
0.27314063906669617
0.2199402153491974
-0.4095086455345154
0.2604917585849762
-0.3668976426124573
0.08880497515201569
0.43570584058761597
-0.1747242510318756
-0.1808953583240509
-0.10910613089799881
0.03396201506257057
0.22726604342460632
0.15165485441684723
-0.12812873721122742
-0.014115000143647194
-0.11183414608240128
0.25079602003097534
-0.03088335134088993
-0.15983366966247559
-0.11771627515554428
0.1581210494041443
-0.41948798298835754
-0.28725194931030273
0.27482661604881287
0.17138627171516418
0.18915873765945435
-0.1959221065044403
-0.029132723808288574
-0.1340515911579132
0.2755604684352875
0.4447018802165985
0.05339565873146057
-0.31704914569854736
0.07108082622289658
0.111471027135849
0.07124276459217072
-0.06784015148878098
-0.2947268784046173
-0.24400611221790314
0.2381918579339981
0.07066880911588669
0.1531185656785965
-0.07852798700332642
0.10948794335126877
-0.15974827110767365
-0.10176972299814224
-0.2601867616176605
-0.21359632909297943
-0.14494697749614716
0.11424482613801956
0.23457695543766022
0.2222570925951004
0.21129772067070007
0.09484817832708359
-0.24539652466773987
-0.2197890281677246
0.3066282570362091
0.09294996410608292
-0.16829603910446167
0.08690604567527771
-0.06987705826759338
0.24134893715381622
0.06746253371238708
-0.33536702394485474
-0.3452441394329071
-0.11731299012899399
-0.01010478287935257
0.01926947757601738
0.18972380459308624
0.09738918393850327
0.19730529189109802
0.33797359466552734
0.025715800002217293
-0.08339414745569229
-0.22978295385837555
0.1466233730316162
-0.26697641611099243
-0.07906686514616013
0.05969608575105667
0.1705252230167389
-0.0374496690928936
0.011189522221684456
0.12454135715961456
0.191679909825325
0.22991369664669037
-0.04744595289230347
0.015491086058318615
-0.21159814298152924
-0.01893511600792408
0.3650634288787842
-0.3257818818092346
-0.13983996212482452
-0.06922038644552231
-0.32408779859542847
-0.0903768241405487
0.1960892230272293
0.1758834421634674
0.34550940990448
-0.01067665871232748
-0.032519977539777756
0.3056642413139343
0.2852518856525421
0.06675561517477036
-0.229972705245018
-0.08159350603818893
0.05872534587979317
0.021540936082601547
0.19887208938598633
0.11215855926275253
0.19306200742721558
0.023214424028992653
-0.08540642261505127
-0.2325199395418167
0.03802410140633583
0.17168650031089783
0.08611546456813812
-0.30775073170661926
0.30373281240463257
0.11000539362430573
-0.22529062628746033
-0.019383762031793594
0.039334218949079514
0.025187034159898758
0.12335638701915741
0.004042270127683878
-0.18799111247062683
-0.018021875992417336
0.2233058363199234
0.10772451013326645
0.23520910739898682
0.06482835114002228
0.20294463634490967
0.08460301905870438
-0.17622517049312592
-0.04119691997766495
0.39720261096954346
0.20506693422794342
-0.11223086714744568
-0.03191186115145683
0.2388073056936264
0.2745650112628937
-0.20667888224124908
0.015536243095993996
-0.10570324957370758
-0.19030138850212097
-0.29851943254470825
0.20067556202411652
-0.06498979777097702
-0.1356348842382431
-0.13233380019664764
-0.09891189634799957
0.02119685895740986
0.11055358499288559
-0.09951838850975037
0.24152831733226776
-0.13469725847244263
0.029246611520648003
0.2851112484931946
-0.05953207612037659
-0.23110218346118927
-0.02429189719259739
0.10024498403072357
0.13265769183635712
-0.25147321820259094
-0.11077424883842468
-0.1295730024576187
-0.08689731359481812
0.16993682086467743
0.22554711997509003
0.38735231757164
-0.2863307595252991
0.2313043624162674
-0.13265055418014526
0.26680776476860046
0.31499555706977844
-0.1761014610528946
-0.1548093855381012
0.14664269983768463
-0.23075316846370697
0.371474951505661
0.23105984926223755
-0.058159708976745605
-0.11500348150730133
0.05592014268040657
0.3133649230003357
-0.013542515225708485
-0.13699685037136078
0.25056859850883484
0.03105451911687851
0.07406102120876312
0.005294286645948887
-0.1945565789937973
-0.38555091619491577
-0.3137613832950592
0.21658919751644135
-0.1633613109588623
0.11352838575839996
-0.13196487724781036
-0.32539331912994385
0.013025514781475067
0.11413715779781342
-0.10561583936214447
0.33091622591018677
-0.28087860345840454
-0.1432226002216339
-0.035077475011348724
-0.12827157974243164
0.2927473187446594
0.3194187581539154
-0.0542888417840004
0.051348261535167694
-0.09182838350534439
0.060896486043930054
0.11604378372430801
0.08049912750720978
0.00974750705063343
-0.30399760603904724
-0.21643395721912384
0.1990760713815689
-0.39365267753601074
-0.159894198179245
0.11587005108594894
-0.2152925431728363
-0.18527261912822723
-0.10805420577526093
-0.05255400761961937
0.10885541886091232
-0.32886555790901184
-0.15104088187217712
-0.16267621517181396
-0.0745837464928627
-0.018940532580018044
0.2792130708694458
0.30730798840522766
-0.16295649111270905
-0.08138629794120789
-0.35199910402297974
-0.1515384018421173
-0.3042110800743103
0.16960108280181885
0.3218742907047272
0.26253756880760193
0.0384664461016655
-0.10898713022470474
0.18389126658439636
-0.10082953423261642
0.36447954177856445
0.20872017741203308
-0.09124337881803513
0.3564453721046448
0.30750787258148193
0.24203793704509735
-0.09426217526197433
-0.1159486249089241
0.12807366251945496
-0.4381096363067627
-0.11592086404561996
0.012345992960035801
-0.064412921667099
-0.15066908299922943
0.23626229166984558
-0.218828022480011
0.11286292970180511
0.27143335342407227
0.21578261256217957
0.15402139723300934
-0.4030635952949524
0.24476058781147003
-0.20961038768291473
0.05655587464570999
0.16235704720020294
-0.15604496002197266
-0.23903395235538483
-0.002178423572331667
0.0278224628418684
0.2738614082336426
0.07222647219896317
-0.2734817862510681
0.03928098827600479
0.06984995305538177
-0.19021043181419373
-0.246139258146286
0.19869393110275269
0.17867743968963623
-0.030037330463528633
0.3895964026451111
0.22415699064731598
-0.3178240954875946
-0.09571582078933716
-0.4594227373600006
0.1750512272119522
0.32280537486076355
-0.30731478333473206
-0.5874147415161133
-0.2568720877170563
0.2522944509983063
0.024491460993885994
0.29327407479286194
0.09529316425323486
0.05125436186790466
0.09450560808181763
0.0019001003820449114
-0.0728541687130928
0.11256615817546844
0.3372887670993805
0.04273812472820282
-0.11405355483293533
-0.0905243381857872
0.018302468582987785
-0.07579708099365234
-0.078436940908432
0.3968174159526825
0.022286266088485718
-0.23295152187347412
0.07799184322357178
-0.32080963253974915
0.07032515853643417
0.11486193537712097
0.2188965231180191
-0.08130855858325958
-0.022931113839149475
0.10169274359941483
0.4790392220020294
-0.23238767683506012
-0.006571097765117884
-0.1831735372543335
-0.08000647276639938
0.17758063971996307
0.17931628227233887
-0.37832579016685486
0.21980194747447968
0.11479000002145767
0.28656986355781555
0.10381487011909485
0.1400490552186966
-0.1757841557264328
-0.16689494252204895
-0.31670480966567993
-0.21062658727169037
0.1869538575410843
-0.30086663365364075
-0.27849066257476807
0.10498036444187164
0.2797366976737976
0.10854773968458176
0.0043214731849730015
0.004531083628535271
0.07402293384075165
-0.12773844599723816
0.2526104748249054
0.09218467772006989
-0.24662666022777557
0.02679843083024025
0.06494323164224625
-0.367997407913208
0.17951908707618713
0.10407847911119461
-0.09782219678163528
0.01415037177503109
0.10870720446109772
-0.02839067578315735
-0.08571310341358185
-0.0074788485653698444
-0.0003853584348689765
0.34523439407348633
0.02653060108423233
-0.3659307360649109
-0.1297522336244583
-0.09505306929349899
-0.06404893845319748
0.27253443002700806
-0.16750718653202057
0.056264206767082214
0.2781547009944916
0.04147189483046532
0.15668034553527832
0.47699493169784546
0.15006288886070251
0.09899986535310745
-0.25416329503059387
0.10536770522594452
-0.1330489218235016
-0.18824487924575806
0.25550326704978943
-0.06561794131994247
0.08132465183734894
-0.11706556379795074
-0.4126850664615631
-0.05954308435320854
0.19088007509708405
0.3197609484195709
-0.14772692322731018
0.010134682059288025
-0.2096344232559204
0.018954040482640266
-0.12219337373971939
-0.10702240467071533
0.19022373855113983
0.2283630222082138
-0.09694848954677582
0.2299276888370514
0.07252635061740875
-0.24848248064517975
-0.05983973294496536
-0.1068321093916893
0.037085577845573425
0.024637466296553612
0.4580729901790619
-0.04061563313007355
-0.08688302338123322
0.09551053494215012
-0.435344934463501
0.1847173571586609
0.22755733132362366
0.09322335571050644
-0.16565144062042236
-0.0831986665725708
-0.21052490174770355
0.29340529441833496
-0.4914782643318176
-0.10265844315290451
0.058944690972566605
0.22942614555358887
-0.08344408869743347
0.31596484780311584
0.11567194759845734
-0.3448107838630676
-0.041275788098573685
0.09802963584661484
-0.3131483197212219
-0.1626860648393631
0.3867166042327881
-0.05399160459637642
0.06556665152311325
-0.04977480322122574
-0.1515989452600479
0.1749030500650406
0.22507254779338837
0.10014671087265015
-0.17270095646381378
-0.044640593230724335
0.08436763286590576
0.42594677209854126
-0.1428428739309311
-0.11226145923137665
-0.1581539809703827
0.056992754340171814
-0.11581779271364212
-0.1524438112974167
-0.16633829474449158
0.29359203577041626
0.17099004983901978
-0.09317834675312042
0.3117295801639557
0.24984325468540192
-0.2612968981266022
-0.02462751604616642
-0.1439705789089203
-0.06989091634750366
0.2694372534751892
-0.2530612051486969
-0.3356337249279022
0.041382789611816406
0.2898859679698944
0.11954654008150101
0.2234167754650116
0.06185917928814888
0.21218441426753998
0.10919413715600967
-0.137806236743927
-0.06481104344129562
0.3064527213573456
0.2123015820980072
0.1386217474937439
-0.29082560539245605
-0.14275434613227844
0.14307710528373718
-0.39971569180488586
-0.16399836540222168
0.028063781559467316
-0.0581117644906044
0.11313813924789429
-0.18553757667541504
-0.15971150994300842
0.26172494888305664
0.2468566745519638
0.03947240486741066
-0.05628383904695511
0.04369683936238289
-0.22455216944217682
-0.09748120605945587
-0.12540042400360107
-0.20444221794605255
0.3801844120025635
-0.14749661087989807
0.18938592076301575
0.18688678741455078
-0.273155152797699
0.14704269170761108
0.3904900848865509
0.22573408484458923
0.05721825733780861
0.1641615331172943
-0.3331715762615204
-0.2729303538799286
-0.3250904083251953
-0.12751899659633636
0.11196278780698776
-0.40181320905685425
-0.14059902727603912
0.043311167508363724
0.18720966577529907
0.1415254920721054
-0.02397163212299347
0.054361503571271896
0.09904380887746811
-0.1737208217382431
0.2542543411254883
-0.0904904380440712
-0.1442474126815796
-0.14536550641059875
0.016572806984186172
0.26374268531799316
-0.022642074152827263
-0.3388853967189789
0.06646863371133804
-0.01225670799612999
-0.12614840269088745
0.06833458691835403
0.23511789739131927
-0.12837180495262146
0.29510557651519775
-0.19270886480808258
-0.05032477155327797
0.33878329396247864
-0.016034962609410286
-0.08065436780452728
0.4203677773475647
-0.1773480474948883
0.40111857652664185
0.16298319399356842
-0.05453465133905411
0.3319266438484192
-0.40565168857574463
-0.2913596034049988
-0.046607449650764465
0.05159737914800644
-0.03184216469526291
0.13164982199668884
0.04963291436433792
0.21385076642036438
0.15788349509239197
0.30314674973487854
0.0687941461801529
-0.2305324673652649
0.1935841590166092
-0.4163201153278351
0.019693128764629364
0.1589847356081009
0.08552473038434982
-0.054980337619781494
-0.0456029511988163
0.09319338202476501
0.17451457679271698
0.07956134527921677
-0.1537560373544693
0.07529594749212265
0.35579073429107666
-0.029623888432979584
-0.30034226179122925
0.1824224889278412
0.2317516803741455
0.12478245794773102
0.17572523653507233
-0.016146766021847725
-0.41218453645706177
-0.10374831408262253
-0.315958708524704
0.05579325929284096
0.16989600658416748
-0.25497201085090637
-0.30261924862861633
0.11180894821882248
0.323955237865448
0.04475612938404083
0.21402834355831146
0.0319194570183754
-0.02823721431195736
-0.19312886893749237
-0.15229453146457672
0.04872971773147583
-0.09843024611473083
-0.20005379617214203
0.10468935966491699
0.2527792155742645
0.005400967318564653
-0.38647395372390747
0.23885388672351837
0.12989895045757294
-0.10389535874128342
0.09988269954919815
0.1349661499261856
-0.00042783442768268287
0.14783456921577454
-0.08683525770902634
-0.1727031022310257
0.09242971241474152
0.06312917917966843
0.029419178143143654
0.30815422534942627
-0.18395979702472687
0.30366459488868713
0.17388580739498138
-0.016639692708849907
0.07649289071559906
-0.020135032013058662
0.07987045496702194
0.044218748807907104
-0.3947729766368866
0.10341481864452362
0.28960222005844116
-0.20877036452293396
-0.10435117781162262
0.22708716988563538
-0.08548398315906525
-0.13868717849254608
-0.05858910083770752
-0.02189052291214466
0.3158823847770691
0.14409328997135162
-0.18835526704788208
-0.13829800486564636
-0.03907335177063942
-0.07776376605033875
0.3036729693412781
-0.14084705710411072
-0.05855874344706535
0.17878849804401398
-0.033694177865982056
-0.08963270485401154
0.12008170038461685
0.12340563535690308
-0.02253204584121704
-0.3746597468852997
0.022721679881215096
-0.2975175678730011
-0.0005397584172897041
0.19582685828208923
0.39971211552619934
0.4812254309654236
-0.3529784381389618
0.09566166251897812
-0.14068427681922913
0.30322107672691345
0.47006717324256897
0.05575093999505043
-0.1072818785905838
-0.2140408754348755
0.05502442643046379
0.26598936319351196
-0.006758380681276321
-0.1517658233642578
0.10722599923610687
-0.10401368141174316
-0.14011037349700928
0.008239571005105972
0.1698666363954544
0.011193662881851196
-0.3636849820613861
0.2528994381427765
0.04319688677787781
-0.20818845927715302
0.04345507174730301
0.15617316961288452
0.007184058893471956
0.20476189255714417
0.0042441547848284245
-0.16682475805282593
0.07795260101556778
0.13603469729423523
-0.10591252148151398
0.3213079273700714
-0.036643773317337036
0.19274789094924927
0.06792369484901428
-0.1593010276556015
-0.14488819241523743
-0.22925812005996704
-0.023365885019302368
-0.29440999031066895
0.3737836182117462
0.19622811675071716
0.16733604669570923
0.06284504383802414
0.1318475753068924
-0.13234850764274597
-0.04197543486952782
-0.25514325499534607
-0.27422860264778137
0.36088845133781433
-0.45808538794517517
-0.2022414356470108
0.0171224195510149
0.1067049503326416
0.002799397334456444
0.14775271713733673
0.022214993834495544
0.21061529219150543
0.1420370638370514
-0.14207197725772858
-0.05844099447131157
0.24953317642211914
0.13417887687683105
0.23585215210914612
-0.0754559338092804
-0.07665093243122101
0.19060128927230835
-0.31915801763534546
-0.18188020586967468
0.0031109212432056665
-0.02603955753147602
-0.0015468830242753029
0.07205401360988617
-0.24239696562290192
0.31938737630844116
0.22625669836997986
-0.04634851962327957
-0.15484219789505005
0.05755895748734474
-0.13022395968437195
-0.0776282399892807
-0.29129454493522644
-0.03069881908595562
0.3783716857433319
-0.09803792834281921
-0.1474512815475464
-0.005722220055758953
-0.054855648428201675
0.33481377363204956
-0.08758125454187393
-0.12873145937919617
-0.0021034551318734884
-0.12905606627464294
-0.060449063777923584
0.11447004228830338
0.27828118205070496
-0.30631542205810547
0.2283717542886734
-0.19798269867897034
0.02182966098189354
0.4947182536125183
-0.014513824135065079
-0.16195708513259888
0.29967889189720154
-0.26769739389419556
0.45161643624305725
0.09418363124132156
0.04459768161177635
-0.166991725564003
0.036730024963617325
0.3464910387992859
-0.13723096251487732
0.043224215507507324
0.05390779301524162
-0.018187368288636208
0.08300210535526276
0.11519498378038406
0.05769426375627518
-0.44729354977607727
-0.30418840050697327
0.1482226848602295
-0.2797178030014038
-0.09895838052034378
-0.047354791313409805
0.007625659462064505
-0.2579120993614197
0.03609469160437584
0.017650706693530083
0.2446073591709137
-0.37776297330856323
-0.2893526554107666
-0.25819912552833557
0.007949537597596645
-0.10274811089038849
0.06808063387870789
0.04199845716357231
-0.33216822147369385
0.014657941646873951
0.3323085904121399
-0.350265771150589
-0.028346965089440346
0.24781067669391632
0.054666534066200256
-0.07576709240674973
-0.25721505284309387
0.09691161662340164
0.24625590443611145
0.279904305934906
-0.07210732251405716
-0.1810240000486374
-0.10238227993249893
-0.26569271087646484
0.2741902768611908
0.05279821157455444
0.03814363479614258
0.053877267986536026
0.07104280591011047
0.2172790765762329
0.22913768887519836
-0.0065488326363265514
-0.17849041521549225
0.2595294117927551
0.19188295304775238
0.0807688906788826
-0.03797025978565216
-0.04291832819581032
-0.1711314171552658
-0.2758770287036896
0.23540568351745605
-0.12730605900287628
0.13478419184684753
-0.2126285880804062
-0.09931323677301407
0.18794140219688416
0.10360199958086014
-0.10121774673461914
0.24036754667758942
-0.20845574140548706
-0.02798684872686863
0.2148571014404297
-0.02286836877465248
-0.1065867468714714
-0.2075258046388626
0.10366310179233551
0.24794548749923706
-0.06781493872404099
-0.45107337832450867
0.12270183861255646
0.13124360144138336
-0.17108109593391418
0.0776645615696907
0.22025281190872192
-0.055542245507240295
0.1252613216638565
-0.07790251076221466
-0.10075213760137558
0.20382606983184814
0.1181848868727684
-0.02263960801064968
0.3510627746582031
-0.09141583740711212
0.36396166682243347
0.23299042880535126
-0.05203596502542496
0.03719817101955414
0.09695407003164291
-0.04927828162908554
-0.29930371046066284
0.3055261969566345
-0.27092546224594116
-0.07643116265535355
0.3010566532611847
0.12709710001945496
-0.09447252005338669
0.027066851034760475
-0.0009201376233249903
-0.09094493091106415
-0.07360129803419113
-0.3683511018753052
-0.03589296713471413
0.36066576838493347
0.2556326985359192
-0.06460783630609512
-0.06788897514343262
0.01573370024561882
-0.04591811075806618
-0.09020931273698807
-0.43810540437698364
-0.24451574683189392
-0.2834136188030243
-0.20595061779022217
0.09062957763671875
0.3069992959499359
-0.1616031974554062
-0.08855127543210983
-0.17205679416656494
0.0348486565053463
0.05527845025062561
0.15482404828071594
0.3291597366333008
-0.31959348917007446
0.2949976623058319
-0.1837041676044464
0.07416050136089325
0.2950770854949951
-0.21943561732769012
-0.21782901883125305
0.24744725227355957
-0.2525723874568939
0.3913130462169647
0.22611096501350403
0.06143719702959061
0.1497526466846466
-0.4100342392921448
-0.23385754227638245
-0.09072680026292801
-0.02135063149034977
-0.02258908562362194
0.13486726582050323
0.00638499716296792
0.21161097288131714
0.1970715969800949
0.18246127665042877
-0.06313227862119675
-0.2998640537261963
0.22966504096984863
-0.20386902987957
-0.17885351181030273
0.014611955732107162
0.07227267324924469
0.005169106647372246
0.015524700284004211
0.12062101066112518
0.10686834901571274
0.24292440712451935
-0.13361571729183197
-0.03355405852198601
-0.11736892908811569
-0.20200565457344055
0.07475940883159637
0.5323795080184937
-0.034879107028245926
-0.4426657259464264
0.2855241894721985
0.07180233299732208
-0.1506989747285843
-0.05669499933719635
0.08146824687719345
0.10782471299171448
0.21029122173786163
-0.1406070590019226
-0.06179758161306381
0.2983400225639343
0.1109616756439209
-0.01638318970799446
0.3544418513774872
-0.05245821923017502
0.2676778733730316
0.22179099917411804
-0.1612577885389328
-0.21869589388370514
0.3253059387207031
-0.039188452064991
-0.10894729197025299
0.2517631947994232
-0.32000622153282166
-0.16321152448654175
0.2778346538543701
0.03688918426632881
0.04151710867881775
-0.01045637484639883
-0.18100668489933014
-0.010058552026748657
-0.21500183641910553
-0.34055694937705994
0.1476711928844452
0.16794848442077637
0.004321023356169462
-0.053479332476854324
-0.058912139385938644
-0.03297019377350807
-0.17374828457832336
-0.39886510372161865
-0.38723888993263245
0.2847309708595276
-0.19606852531433105
-0.34910428524017334
-0.18085893988609314
0.03933761268854141
-0.08778907358646393
0.18606823682785034
-0.043661147356033325
0.2539907693862915
0.18687063455581665
0.20278745889663696
0.05419175699353218
-0.3462578356266022
0.13144470751285553
-0.3946663439273834
-0.20984885096549988
-0.021024664863944054
-0.05676339939236641
-0.18562109768390656
-0.08912212401628494
0.06488694995641708
0.1066325306892395
-0.0647767037153244
-0.28575387597084045
-0.04770949110388756
-0.09765263646841049
-0.15162041783332825
0.12593680620193481
0.21807581186294556
0.13808029890060425
-0.34076908230781555
0.32001858949661255
0.10512029379606247
-0.23032225668430328
-0.021934427320957184
0.09585582464933395
-0.053110700100660324
0.13523051142692566
0.0883554145693779
-0.2149396687746048
0.09257808327674866
0.026454918086528778
0.022788848727941513
0.33842480182647705
0.010411054827272892
0.26089438796043396
0.06415552645921707
0.004494305234402418
-0.04273398593068123
-0.011801895685493946
-0.20072974264621735
-0.3682672679424286
0.37007051706314087
0.20097316801548004
-0.10115039348602295
0.19706684350967407
0.09140270203351974
-0.18154461681842804
-0.12376054376363754
-0.21720768511295319
0.05412629619240761
0.28100496530532837
-0.33072829246520996
-0.44220495223999023
0.13274824619293213
0.2119947075843811
0.22686979174613953
0.20235882699489594
-0.21908454596996307
0.05778941512107849
0.0366705097258091
-0.22235164046287537
-0.10368168354034424
-0.18821394443511963
-0.2844160199165344
0.006791159510612488
0.3478323519229889
-0.0047803036868572235
-0.3745383620262146
0.3360309302806854
0.06443408131599426
-0.04889482632279396
-0.017348378896713257
0.14677485823631287
-0.03542909398674965
0.14910754561424255
-0.0548066683113575
-0.10810790956020355
0.38073796033859253
0.13748297095298767
-0.09458412975072861
0.48855483531951904
-0.1546822041273117
0.19973698258399963
0.14135350286960602
0.02949845977127552
-0.08785159885883331
0.3699565827846527
0.20425264537334442
-0.08622279763221741
-0.10997255891561508
0.33070191740989685
0.10488691180944443
0.12631244957447052
0.11237511783838272
-0.08649354428052902
-0.24311688542366028
-0.1382172405719757
0.38379353284835815
-0.1316317915916443
-0.1002454161643982
-0.06372003257274628
-0.17023389041423798
0.1571105569601059
0.2172660231590271
0.013038044795393944
0.13178181648254395
-0.18819661438465118
-0.14764006435871124
0.11272559314966202
0.06548807770013809
0.1547314077615738
0.3556617200374603
-0.06764516234397888
-0.10160135477781296
0.09204749763011932
0.25817540287971497
-0.1981302797794342
-0.021980032324790955
0.13883903622627258
-0.24583271145820618
-0.207067608833313
0.012712379917502403
-0.27420541644096375
0.004020373802632093
0.05752077326178551
0.10797853022813797
-0.10207851976156235
0.09350088238716125
0.002829143777489662
0.4172017276287079
-0.28154829144477844
-0.08081704378128052
-0.01709841378033161
0.12557169795036316
-0.36817944049835205
-0.15977996587753296
-0.21623314917087555
-0.03543657064437866
0.04034828394651413
0.22008709609508514
-0.08904200047254562
0.27761340141296387
0.1634967178106308
0.152692049741745
-0.09464623779058456
-0.29804015159606934
0.13467523455619812
-0.26201266050338745
-0.17557895183563232
0.09677490592002869
-0.0010799579322338104
-0.08570148050785065
-0.015995727851986885
0.18097488582134247
0.07761463522911072
0.032278500497341156
-0.25556185841560364
-0.11943542212247849
0.1583292931318283
0.07296405732631683
-0.07116036117076874
-0.1601942479610443
0.16795799136161804
0.31521981954574585
-0.1638832688331604
0.09045187383890152
0.022107021883130074
-0.23127023875713348
-0.3472880721092224
0.006448311731219292
0.010865265503525734
0.023172244429588318
-0.09796811640262604
-0.10805653780698776
-0.01267930306494236
0.004049475304782391
-0.14981837570667267
0.3873189687728882
-0.21213316917419434
-0.04406043514609337
0.0353437215089798
0.030516739934682846
-0.2268160730600357
-0.07689771801233292
-0.2385832965373993
-0.025200558826327324
0.33212870359420776
0.25244057178497314
-0.16519178450107574
0.16995550692081451
-0.036535054445266724
-0.11398972570896149
-0.30500492453575134
0.017085392028093338
0.27064406871795654
-0.17428827285766602
-0.20545248687267303
-0.12895682454109192
-0.1438267081975937
0.10011173039674759
-0.08741091191768646
0.4603464901447296
-0.1437634378671646
0.0907033234834671
-0.2940860390663147
0.021930867806077003
0.4004170596599579
0.060677945613861084
0.000710344291292131
0.12854304909706116
0.09585046023130417
-0.06714332848787308
-0.014611095190048218
0.22624361515045166
-0.014248781837522984
-0.32530540227890015
-0.2632088363170624
0.04403592646121979
-0.17005299031734467
-0.0034572063013911247
-0.09878118336200714
0.0266445130109787
0.17391899228096008
0.3257208466529846
-0.07279089838266373
0.16387195885181427
-0.32862991094589233
-0.23810236155986786
-0.027463361620903015
-0.11154021322727203
0.132915198802948
0.12342966347932816
0.06975296884775162
0.1202283427119255
-0.1601288616657257
-0.14959217607975006
0.10333572328090668
-0.1336684226989746
-0.049184609204530716
-0.07990682870149612
0.0023644103202968836
0.2025589942932129
-0.07950478792190552
-0.28014251589775085
0.24918828904628754
0.3277132213115692
0.23531629145145416
0.09197237342596054
-0.12487148493528366
0.004848373122513294
-0.21575532853603363
-0.21940858662128448
-0.13784824311733246
-0.15195372700691223
0.24036715924739838
-0.05970050394535065
0.2320125848054886
0.015379288233816624
0.012676849961280823
0.39296314120292664
-0.4479300379753113
0.13558606803417206
-0.06402620673179626
-0.2120441496372223
-0.4035559296607971
0.28375712037086487
-0.037021756172180176
-0.20548278093338013
0.1210356280207634
-0.31804153323173523
-0.24973957240581512
0.3495350182056427
-0.23475469648838043
-0.1378985196352005
-0.06609556078910828
-0.04580298438668251
0.3150064945220947
-0.04341411963105202
0.5094045400619507
0.16198816895484924
-0.10922618210315704
0.1858789324760437
0.14293549954891205
0.2853076159954071
0.0008465012651868165
-0.01480634231120348
-0.21687225997447968
-0.17016279697418213
-0.246515691280365
0.0880870372056961
-0.08623713999986649
-0.26278895139694214
-0.07932572811841965
-0.012274214997887611
0.14480717480182648
0.20377042889595032
-0.06525694578886032
0.05809219554066658
-0.21158228814601898
-0.1510961651802063
0.10781630128622055
0.2616209387779236
-0.31943967938423157
0.10124455392360687
-0.20079682767391205
-0.2337343394756317
-0.361015260219574
0.6684163808822632
-0.5008545517921448
-0.09995992481708527
0.08107075840234756
-0.10996843129396439
-0.25195205211639404
-0.04919438064098358
0.40484413504600525
-0.0682891458272934
0.3042258620262146
0.13905708491802216
-0.29584890604019165
-0.21634064614772797
-0.23153997957706451
0.08425779640674591
-0.06392472982406616
0.17599771916866302
0.11368563026189804
-0.07997578382492065
0.29674744606018066
0.16295389831066132
0.09701915085315704
0.06367263942956924
0.10851287096738815
0.08382420986890793
0.019111860543489456
-0.049478769302368164
-0.020559189841151237
-0.27804040908813477
-0.26002809405326843
0.22341831028461456
-0.27325841784477234
-0.03207193687558174
-0.08976554125547409
-0.11556552350521088
-0.017577683553099632
0.20624421536922455
-0.130075141787529
-0.11157231777906418
-0.23603637516498566
-0.06967175751924515
0.2691468298435211
-0.39601579308509827
0.2642606198787689
-0.11895395070314407
0.08959399908781052
0.32051995396614075
-0.2825296223163605
-0.19791923463344574
0.3525700271129608
0.040338434278964996
-0.14157222211360931
-0.09182532876729965
-0.3246321678161621
0.17470210790634155
-0.2838137745857239
-0.14810384809970856
-0.026851987466216087
-0.024113377556204796
-0.061456773430109024
0.06664783507585526
0.006113317329436541
-0.22792436182498932
-0.192366823554039
-0.23187746107578278
-0.14332421123981476
-0.1425662487745285
0.27714794874191284
0.2593262791633606
-0.015605604276061058
0.21391558647155762
-0.0006948840455152094
0.20572814345359802
0.2922564744949341
0.09241136163473129
-0.044178590178489685
0.13501033186912537
-0.33660224080085754
-0.10607681423425674
0.10565570741891861
-0.2956142723560333
-0.20712023973464966
0.32847583293914795
-0.05250754952430725
0.05529170110821724
0.21052071452140808
0.174981027841568
-0.21853557229042053
-0.24189694225788116
-0.48185327649116516
-0.13928483426570892
-0.13767702877521515
-0.15285107493400574
0.10400579124689102
0.20141816139221191
-0.06588106602430344
-0.3966532051563263
0.11557024717330933
0.06697187572717667
-0.06582894176244736
-0.007435701321810484
0.2839338183403015
0.005664735566824675
0.18492089211940765
0.03286202996969223
-0.06361819058656693
0.15876483917236328
0.08843699097633362
-0.016160394996404648
0.3433360457420349
-0.09245946258306503
0.2801940441131592
0.11457755416631699
0.002644800115376711
0.18249185383319855
-0.015166811645030975
0.220465287566185
-0.22122208774089813
-0.14610621333122253
0.13064882159233093
0.48905983567237854
-0.3078552782535553
0.10662619024515152
0.14895229041576385
0.10647784918546677
-0.15324640274047852
-0.04331138730049133
-0.01027010753750801
-0.11578535288572311
-0.019027093425393105
0.10511045157909393
0.13926635682582855
0.09571212530136108
-0.25224626064300537
0.32013168931007385
-0.12116760015487671
-0.2130809724330902
-0.11896687746047974
0.15369440615177155
-0.154349222779274
0.01098090410232544
0.13471853733062744
-0.4129093885421753
0.1791662722826004
0.16195477545261383
-0.1685183346271515
0.05761029198765755
0.12055231630802155
-0.02252439595758915
-0.10357818752527237
0.034655142575502396
-0.05716843530535698
0.30627942085266113
0.14241205155849457
-0.22687318921089172
-0.1516033560037613
0.07966645061969757
-0.19536642730236053
0.19034965336322784
-0.09503034502267838
0.08327753096818924
0.2796946167945862
-0.13893350958824158
-0.21498604118824005
-0.08814961463212967
0.16989494860172272
-0.05956435576081276
-0.31745800375938416
0.12045478820800781
-0.16122981905937195
0.04800042882561684
0.28381583094596863
0.31914305686950684
0.3876153528690338
-0.2211722731590271
0.1169503852725029
0.023234732449054718
0.1384592205286026
0.20829978585243225
-0.3300831913948059
-0.13628648221492767
-0.018469594419002533
-0.021417679265141487
0.23804505169391632
-0.0021844636648893356
0.0524258054792881
0.09597545117139816
-0.2883370816707611
-0.06755996495485306
-0.1405985951423645
0.19094839692115784
0.07516741007566452
0.22358562052249908
0.06044403836131096
0.20117385685443878
0.06020572409033775
-0.06696291267871857
-0.1382032334804535
-0.26716145873069763
0.2557765245437622
-0.21009106934070587
-0.2813369929790497
-0.09046360850334167
-0.02278187684714794
-0.09810235351324081
0.14511902630329132
0.24875134229660034
0.21304282546043396
0.20981040596961975
-0.2548358738422394
-0.1874724179506302
0.15287642180919647
0.3207149803638458
-0.009944954887032509
-0.07957418262958527
-0.05826091766357422
0.1686323583126068
-0.02033882960677147
-0.20855988562107086
0.3998076617717743
0.07240080088376999
-0.04592452198266983
0.03051772341132164
-0.2802741825580597
0.007883143611252308
0.3868851363658905
0.4227503538131714
-0.19356697797775269
-0.2099217027425766
0.05592351034283638
0.19454585015773773
-0.24989573657512665
-0.21526002883911133
-0.1381109058856964
0.06717098504304886
-0.1484576016664505
0.11188127100467682
0.0705159604549408
-0.42972317337989807
0.12725293636322021
0.34602612257003784
-0.1909816861152649
-0.08076289296150208
0.09463170915842056
-0.0651383027434349
-0.06913760304450989
0.08751235902309418
0.02482764422893524
0.1267729103565216
-0.07156608253717422
-0.3611468970775604
-0.106440968811512
-0.11371506005525589
-0.16479696333408356
0.2704133987426758
-0.18829025328159332
0.059744942933321
0.3333255350589752
0.0621960423886776
-0.2958587110042572
-0.2930978834629059
-0.22624872624874115
0.1228722333908081
-0.21282480657100677
0.20190255343914032
-0.10871300101280212
0.11632141470909119
0.1545104831457138
0.08320265263319016
0.06528019160032272
-0.4028911590576172
0.24651607871055603
-0.30758991837501526
-0.2197110950946808
0.18740373849868774
0.09559423476457596
-0.04861785098910332
-0.13534171879291534
0.20960208773612976
0.305118203163147
0.09899280220270157
-0.23014552891254425
-0.10677788406610489
-0.2610551118850708
-0.180801659822464
0.19300858676433563
0.2149125188589096
-0.13499648869037628
-0.2395648956298828
0.21149729192256927
0.19842183589935303
-0.06599351018667221
0.09976603835821152
0.14268524944782257
-0.013416644185781479
0.14229650795459747
-0.017745794728398323
-0.14627386629581451
0.3742729723453522
0.21397584676742554
0.08182921260595322
0.280645489692688
0.06276843696832657
0.5359143018722534
0.2807023227214813
0.006241169758141041
-0.14244380593299866
0.20762838423252106
0.4095984995365143
-0.039367854595184326
0.11050686240196228
0.21729186177253723
0.14183968305587769
-0.03720863163471222
-0.037612657994031906
-0.24707509577274323
-0.44935694336891174
-0.22858399152755737
0.15438781678676605
-0.1694490909576416
-0.3205718994140625
-0.13731366395950317
-0.23209373652935028
-0.018421944230794907
0.03644769266247749
-0.250583678483963
0.04859336465597153
-0.3330332040786743
-0.1249963566660881
0.21779227256774902
-0.2935299873352051
-0.14772947132587433
0.15610086917877197
-0.2900794446468353
0.32860711216926575
-0.25391122698783875
0.000675148970913142
0.09649315476417542
0.23305346071720123
-0.24542556703090668
0.113621786236763
0.21840940415859222
-0.28214529156684875
0.20451393723487854
-0.29309579730033875
-0.19905675947666168
0.2803361117839813
-0.15462316572666168
0.024306301027536392
-0.026049144566059113
-0.3162413239479065
0.2520560026168823
-0.0020320299081504345
-0.18653914332389832
0.007330191787332296
0.0810406282544136
-0.06298436969518661
-0.36387649178504944
0.3346577286720276
-0.19721288979053497
-0.0335739441215992
0.23250550031661987
-0.044462986290454865
0.005050322040915489
0.042886070907115936
-0.041963133960962296
-0.26247742772102356
0.07809402048587799
-0.5046698451042175
0.1355862021446228
0.3889734447002411
0.12235552072525024
-0.013724838383495808
0.04688885062932968
0.09523407369852066
0.015240530483424664
-0.08427289873361588
-0.40095582604408264
0.033982936292886734
0.004510003142058849
0.13407741487026215
0.031391441822052
-0.1785714328289032
0.0552503876388073
0.1891569346189499
-0.21307046711444855
0.09889905899763107
0.12493094801902771
-0.15336595475673676
-0.2717037796974182
0.1282997876405716
-0.22655656933784485
0.009506971575319767
-0.1458987146615982
-0.11782366037368774
-0.12219572812318802
-0.03758322075009346
-0.13776659965515137
0.2882843613624573
-0.2637268900871277
-0.046684373170137405
0.0003568954416550696
0.03547430783510208
-0.02507912926375866
-0.15284140408039093
-0.23670557141304016
-0.03853568807244301
0.034099552780389786
0.2580958306789398
0.02047785371541977
0.4015587568283081
0.025406936183571815
0.19251637160778046
0.10906051099300385
-0.37473103404045105
0.2252015322446823
-0.4237156808376312
-0.11098073422908783
0.17975333333015442
0.06927666813135147
-0.03462974727153778
-0.13422329723834991
0.04555847495794296
0.09152763336896896
0.06998929381370544
-0.15796858072280884
0.021593157202005386
-0.3052397072315216
-0.15186451375484467
0.002699711127206683
0.23313963413238525
-0.17857691645622253
-0.17662851512432098
-0.059574197977781296
-0.07083335518836975
0.14208035171031952
0.1925775110721588
0.33397093415260315
-0.13819684088230133
0.3857591152191162
-0.02527497336268425
0.4310183823108673
0.4076644778251648
-0.14403069019317627
-0.26329463720321655
0.11573632061481476
-0.35588815808296204
0.33621424436569214
0.25702089071273804
0.27586862444877625
-0.02971486933529377
0.4148443043231964
0.050491608679294586
0.21150119602680206
0.012265566736459732
0.11730927228927612
0.02380606159567833
-0.01699639856815338
-0.05249666050076485
-0.30930855870246887
-0.041602861136198044
-0.36441174149513245
0.2174244374036789
-0.0804298147559166
-0.0958113744854927
0.016445215791463852
-0.32026422023773193
-0.05406312271952629
0.17830394208431244
-0.12811784446239471
-0.41436395049095154
-0.3873819410800934
-0.12128652632236481
0.1909378618001938
-0.13621485233306885
0.014372430741786957
0.09142892062664032
0.04984109848737717
0.11756417155265808
0.1448334902524948
-0.27516627311706543
0.37494322657585144
0.07305702567100525
-0.3307966887950897
-0.598437488079071
-0.2793011963367462
0.22454747557640076
-0.2699526846408844
-0.029135972261428833
-0.26332399249076843
-0.034133873879909515
-0.15318003296852112
0.07564178109169006
0.05091307312250137
-0.05675080418586731
-0.30026644468307495
-0.21170519292354584
-0.19058410823345184
0.18219147622585297
0.07697495073080063
0.16284388303756714
-0.1950675994157791
0.030997660011053085
0.032620590180158615
0.32640016078948975
0.03746597468852997
-0.03851598501205444
0.05938513204455376
-0.22499744594097137
-0.4162648320198059
0.028455093502998352
-0.3231562376022339
-0.16604426503181458
0.057638395577669144
-0.17377223074436188
-0.17327682673931122
-0.029564552009105682
-0.23318925499916077
-0.05395931005477905
-0.3376404345035553
0.22520317137241364
0.08293522149324417
-0.2580156624317169
-0.22701823711395264
-0.25439679622650146
-0.23053207993507385
0.6000094413757324
0.06644634157419205
-0.16625599563121796
0.459503710269928
0.1926792860031128
-0.07244651764631271
0.04328326880931854
-0.03416585549712181
-0.12457968294620514
0.2537176311016083
-0.0717044398188591
-0.351434588432312
0.22490569949150085
0.25347089767456055
-0.049980033189058304
0.3960138261318207
-0.10941708087921143
0.42817363142967224
0.02357112616300583
-0.1489487737417221
-0.21140745282173157
0.46358969807624817
0.19253084063529968
-0.11331949383020401
0.007335403934121132
0.40106579661369324
0.09880264103412628
0.04879394546151161
0.01542679127305746
0.010471195913851261
-0.5071606636047363
-0.3620659410953522
0.12315469980239868
-0.1327672153711319
-0.03594907373189926
-0.020976057276129723
-0.06326765567064285
0.1291215568780899
0.17037570476531982
-0.21719671785831451
0.02617078647017479
-0.3405470550060272
0.07274097204208374
0.11780695617198944
0.20119820535182953
-0.4346100389957428
-0.07734841853380203
-0.24564583599567413
0.1124308705329895
-0.2993566393852234
0.14256106317043304
-0.09121077507734299
0.23227287828922272
0.0914042517542839
0.08132275193929672
0.23595815896987915
-0.24427223205566406
0.3278968930244446
-0.4763672947883606
-0.2077484428882599
0.1382748931646347
-0.0646863654255867
-0.029086031019687653
0.00911688432097435
0.23363494873046875
0.3024013042449951
0.06394342333078384
-0.38917267322540283
-0.10216737538576126
0.193400576710701
0.023674726486206055
-0.06426256895065308
0.18565112352371216
-0.263640820980072
-0.022067533805966377
0.1748737394809723
0.13169671595096588
-0.1361847072839737
-0.18485195934772491
-0.36141982674598694
0.057958196848630905
-0.5151585936546326
0.11482980102300644
0.018877290189266205
-0.02596462145447731
0.1212095320224762
0.11987658590078354
-0.31635671854019165
-0.17123514413833618
-0.39080625772476196
-0.28286731243133545
-0.00012974512355867773
0.12511156499385834
-0.0680069774389267
0.37032824754714966
0.20034457743167877
-0.1613299697637558
-0.11832920461893082
-0.12142747640609741
-0.2967229187488556
-0.047946248203516006
0.20945079624652863
0.19026584923267365
0.4370225965976715
-0.023291265591979027
0.053596433252096176
0.17609716951847076
0.3927600383758545
0.4044809341430664
-0.03794759884476662
-0.2794345021247864
0.07755587995052338
0.12266456335783005
-0.062236543744802475
-0.11910460144281387
0.08247969299554825
0.04889628291130066
-0.27588117122650146
0.18998272716999054
0.16675187647342682
-0.21871495246887207
0.30225786566734314
0.12338589131832123
-0.3429415822029114
0.083834707736969
0.18997198343276978
0.09434114396572113
-0.06074928119778633
0.06114266812801361
-0.09478145837783813
0.3102169334888458
0.06556598842144012
-0.0811532661318779
-0.2849988043308258
-0.04514583200216293
-0.07873716205358505
0.3467329144477844
-0.1471676379442215
-0.24034474790096283
0.1995118409395218
-0.04699854925274849
0.4725419878959656
0.07552418112754822
0.09462107717990875
-0.01615959219634533
0.006461804267019033
0.09451304376125336
0.10986308008432388
-0.3022351562976837
-0.1998688280582428
-0.09935285151004791
-0.2809825837612152
0.1275266706943512
-0.12257970869541168
-0.22005482017993927
0.1000361368060112
0.10779180377721786
0.04104933887720108
0.19933030009269714
-0.3023783564567566
0.01131951343268156
-0.22126950323581696
-0.17707276344299316
0.2723136842250824
0.13992245495319366
-0.46836790442466736
0.03852025046944618
-0.13255642354488373
-0.10480447113513947
-0.029016796499490738
0.27381056547164917
-0.27068737149238586
0.05611012503504753
0.33892688155174255
0.18267203867435455
0.08332053571939468
-0.4635932743549347
0.33847662806510925
-0.1122271865606308
-0.2508969008922577
0.03457171097397804
-0.04017806425690651
-0.12712453305721283
0.01237738411873579
0.2619745433330536
0.2501521110534668
0.019060619175434113
-0.20571531355381012
0.21572627127170563
0.1443745493888855
0.20005258917808533
-0.17135511338710785
-0.25956401228904724
0.31614387035369873
0.3437693119049072
-0.1329047530889511
0.08877219259738922
-0.07011903077363968
-0.18894168734550476
-0.29931455850601196
0.1477644443511963
-0.06746599823236465
0.11360979080200195
0.03228266164660454
-0.029551858082413673
0.07970423251390457
-0.049234285950660706
-0.02779899165034294
0.2680441737174988
-0.2808617353439331
-0.16871799528598785
0.1884516477584839
-0.2419094741344452
-0.013430233113467693
-0.20998239517211914
0.25531697273254395
0.33553823828697205
0.19088980555534363
-0.3018299341201782
0.20101965963840485
-0.07385212928056717
0.034616805613040924
0.03755107522010803
0.10716492682695389
-0.13534879684448242
0.12410072982311249
-0.1834222674369812
-0.09280291199684143
0.31041666865348816
0.10463625937700272
-0.01756623387336731
0.45485562086105347
-0.24822114408016205
0.6209020614624023
0.15458455681800842
-0.1394696980714798
-0.15776486694812775
0.17794355750083923
-0.3080751597881317
0.0888340100646019
0.23268172144889832
0.2783007323741913
-0.2475394308567047
0.24073922634124756
-0.07538843899965286
-0.4305490553379059
-0.3141639232635498
-0.328939825296402
0.3948866128921509
-0.1391022801399231
-0.051672838628292084
-0.19111908972263336
-0.5165314078330994
0.055348124355077744
0.3517794609069824
-0.008941608481109142
-0.24990853667259216
-0.16952474415302277
0.09137921035289764
0.3539348840713501
-0.19692392647266388
0.4011189043521881
0.06512811034917831
0.24438942968845367
0.23085734248161316
0.1896643042564392
0.0675547644495964
0.022615203633904457
0.18850959837436676
-0.34285831451416016
-0.1246303990483284
-0.29248037934303284
0.2413642704486847
-0.1798841953277588
-0.2324156016111374
-0.044343795627355576
-0.25848129391670227
-0.00229858560487628
0.17445574700832367
-0.2371731698513031
-0.12285321205854416
-0.183658629655838
-0.12747886776924133
0.22093036770820618
-0.3755268454551697
0.5339916944503784
0.12955357134342194
0.0144318463280797
0.20649604499340057
0.07708784937858582
0.0763225182890892
0.24921081960201263
-0.13622795045375824
-0.40217354893684387
-0.22681815922260284
-0.1470995545387268
-0.04790021851658821
-0.040647342801094055
-0.20788002014160156
-0.194766104221344
0.04588428884744644
0.21370084583759308
0.2064783126115799
0.13311417400836945
-0.28833892941474915
-0.03709155693650246
-0.3412339985370636
0.16269530355930328
-0.05729115381836891
0.4214265048503876
0.2825683653354645
-0.023233745247125626
-0.08213652670383453
0.12346506118774414
0.3544573187828064
-0.1779700368642807
-0.08357462286949158
-0.175619974732399
-0.12130484730005264
-0.16844268143177032
0.05446314811706543
-0.23130501806735992
-0.012808176688849926
-0.12656910717487335
-0.025512468069791794
-0.010554852895438671
0.0733114704489708
-0.13391447067260742
0.08835989981889725
-0.23144276440143585
-0.0025517158210277557
0.3815065324306488
-0.08799098432064056
0.2008235901594162
-0.008723032660782337
-0.26305559277534485
0.13125795125961304
-0.04198252409696579
-0.00977957621216774
0.549056351184845
0.014665772207081318
0.04232914745807648
-0.18459205329418182
-0.38179928064346313
0.003067365847527981
-0.26597657799720764
-0.23238421976566315
0.11183476448059082
0.06567242741584778
-0.21102367341518402
0.14465752243995667
0.08769640326499939
0.22716374695301056
-0.3499278724193573
-0.1616150587797165
-0.4393746554851532
-0.09003346413373947
-0.04948729649186134
0.18594780564308167
-0.011398985981941223
-0.25450125336647034
0.21652419865131378
0.05490290746092796
-0.05988093838095665
0.035301703959703445
-0.11898067593574524
-0.3239997923374176
-0.20904439687728882
0.30821797251701355
-0.38388824462890625
0.14170777797698975
-0.09759967774152756
-0.18440327048301697
-0.11547991633415222
0.23299700021743774
-0.02712579257786274
0.3061375916004181
-0.26819929480552673
-0.04555404931306839
0.21820732951164246
0.03684238716959953
0.08769074082374573
0.08874012529850006
-0.10856319218873978
-0.10993244498968124
0.360862672328949
0.1133195161819458
0.06454642117023468
0.024164464324712753
-0.2949506938457489
-0.3845743238925934
-0.296542763710022
0.14298942685127258
-0.06002497673034668
0.08207552880048752
-0.17472675442695618
-0.3426746428012848
-0.028902024030685425
0.23563805222511292
0.03264997527003288
0.11254522949457169
-0.2520948648452759
0.007800406310707331
0.239652618765831
-0.05489809066057205
-0.2446962147951126
-0.15007640421390533
-0.0974998027086258
0.12361901253461838
-0.09672032296657562
-0.369590699672699
0.07004597038030624
-0.07881079614162445
-0.0009082343312911689
0.10015392303466797
0.243463933467865
-0.2979472577571869
0.18280884623527527
-0.07370541244745255
-0.2726421058177948
0.03866557776927948
0.21109218895435333
-0.05642739310860634
0.38542962074279785
0.008584712632000446
0.3123975992202759
0.02619953639805317
-0.08872084319591522
-0.062171824276447296
0.19126151502132416
0.012627298012375832
-0.04698838293552399
0.2973790466785431
0.0720142349600792
-0.2913415729999542
0.06841321289539337
-0.009030562825500965
-0.14461497962474823
-0.006884622387588024
-0.01672998070716858
0.17797014117240906
0.2373380810022354
-0.11654731631278992
-0.026843342930078506
0.5071991086006165
0.2297092080116272
0.19687102735042572
0.39319151639938354
-0.2389785349369049
0.2654781639575958
-0.07022298127412796
0.21740248799324036
0.008651765994727612
-0.32976338267326355
-0.22989365458488464
0.02969309687614441
0.26500561833381653
-0.11268340051174164
-0.11629974097013474
-0.09075704216957092
0.02454470656812191
-0.09639538824558258
0.27522531151771545
0.13681600987911224
-0.4110229015350342
0.35995686054229736
-0.2532529830932617
-0.23467084765434265
0.22668375074863434
-0.1583324372768402
-0.24743589758872986
-0.025102056562900543
-0.1367003321647644
0.4230824112892151
-0.32142820954322815
-0.09822477400302887
0.011114155873656273
-0.14586932957172394
-0.18867912888526917
0.0025059632025659084
0.22164420783519745
0.07945086807012558
0.1676628440618515
0.0384971909224987
0.08325222879648209
-0.08051297068595886
0.11982370167970657
-0.02427084743976593
-0.3673133850097656
0.37513813376426697
-0.2534277141094208
-0.16806857287883759
0.12567481398582458
-0.05558386072516441
0.10202572494745255
0.03887290135025978
0.28654247522354126
0.11495699733495712
0.2507653534412384
-0.32478195428848267
0.22406834363937378
-0.14834852516651154
0.11558780074119568
0.00990169495344162
-0.23848408460617065
0.1338912546634674
0.04555574059486389
-0.13904446363449097
-0.18165062367916107
0.10196160525083542
-0.009900195524096489
-0.1258051097393036
-0.009573809802532196
-0.14786487817764282
0.26509329676628113
0.36945024132728577
-0.20147614181041718
-0.097514808177948
0.014716490171849728
-0.025870442390441895
0.3093324601650238
-0.026704898104071617
0.020535515621304512
0.1608186960220337
0.09595384448766708
-0.02025294117629528
-0.2142840474843979
0.011286516673862934
0.1019190102815628
-0.1629805713891983
0.005647853948175907
0.1254327893257141
0.2545126974582672
0.059717338532209396
0.103376604616642
-0.013993716798722744
-0.10784061998128891
0.15768033266067505
-0.2105301022529602
-0.4639423191547394
0.1164521872997284
0.07368296384811401
-0.13859182596206665
-0.07028315216302872
0.19437667727470398
0.186881884932518
0.175339013338089
-0.3183269798755646
0.10055221617221832
-0.358516126871109
-0.1719440221786499
-0.16424685716629028
0.13422608375549316
-0.18697042763233185
0.1768665462732315
-0.13280071318149567
0.21337534487247467
0.29143399000167847
0.25372663140296936
0.03551183640956879
-0.3104274868965149
0.15283870697021484
-0.30945584177970886
-0.14207904040813446
0.07834216952323914
0.02210466004908085
-0.1791624128818512
0.003829157678410411
0.10145469754934311
0.24674957990646362
0.13988710939884186
-0.3373315632343292
0.12402182817459106
0.1056319922208786
-0.10158589482307434
0.007542567327618599
-0.09715806692838669
0.4069206118583679
0.10648390650749207
0.11206310242414474
0.13896039128303528
-0.07972840964794159
-0.2863304913043976
-0.15129278600215912
0.07549741119146347
-0.03517727926373482
0.1730031669139862
-0.2649170160293579
-0.5097125768661499
-0.010833781212568283
0.36995404958724976
-0.16390195488929749
0.07649648189544678
-0.22763627767562866
-0.14961646497249603
0.08121351152658463
0.19351507723331451
-0.27515527606010437
-0.18428152799606323
-0.0914614275097847
-0.10177712887525558
-0.16054575145244598
0.31843194365501404
-0.23908385634422302
0.07326331734657288
0.3831086754798889
0.2699602544307709
-0.00456285011023283
-0.24764883518218994
0.07202168554067612
-0.17683401703834534
0.01944154128432274
0.04173183813691139
-0.08233653753995895
-0.09881049394607544
-0.1381482183933258
0.15686443448066711
0.20468589663505554
-0.18295466899871826
-0.0822099894285202
0.1345793753862381
-0.14550545811653137
-0.1194717064499855
0.07082390785217285
0.26671072840690613
-0.14682637155056
-0.2869437038898468
0.08711022138595581
0.1410171538591385
-0.19079123437404633
0.003890344174578786
0.13457971811294556
-0.2484118789434433
0.36169835925102234
-0.13692447543144226
-0.28806596994400024
0.3470939099788666
0.12825992703437805
-0.0979880690574646
0.23715269565582275
-0.26755639910697937
0.48127418756484985
-0.025166179984807968
-0.21905837953090668
-0.09225240349769592
-0.0828450545668602
-0.20350289344787598
0.11482760310173035
0.2525199055671692
0.0818842351436615
-0.5263538360595703
0.09701783955097198
0.20769385993480682
-0.17417718470096588
-0.048630278557538986
0.09287711977958679
0.09550578147172928
0.1357334703207016
-0.03434896096587181
0.005612190812826157
0.3223154842853546
0.2752971053123474
-0.08775542676448822
0.3548610806465149
-0.12826436758041382
0.389093816280365
0.15846560895442963
0.07060582935810089
-0.0008696686709299684
0.16651734709739685
-0.0003563133650459349
-0.3593307435512543
0.17705975472927094
-0.3025788366794586
0.26136234402656555
-0.12289292365312576
0.10758651793003082
-0.28681015968322754
0.0028996847104281187
-0.18371133506298065
-0.11939666420221329
-0.03713126480579376
-0.1503126174211502
0.15255340933799744
0.17620664834976196
0.29846930503845215
0.19200323522090912
-0.3295218348503113
-0.23942860960960388
-0.18449050188064575
-0.2557944655418396
-0.24278970062732697
0.054677512496709824
0.005101123359054327
-0.17684492468833923
0.1587323099374771
0.10509364306926727
0.08970790356397629
-0.3576540946960449
0.18448954820632935
0.12481819093227386
-0.06846582889556885
0.14349746704101562
0.248825803399086
-0.052040524780750275
0.15744926035404205
-0.016499917954206467
-0.055060964077711105
0.20995214581489563
0.2011350840330124
0.024733642116189003
0.29342207312583923
-0.10056758671998978
0.3449367880821228
0.12706796824932098
-0.12767423689365387
0.15899936854839325
-0.09676599502563477
-0.3779083788394928
0.09938175231218338
0.06118541210889816
-0.08091039955615997
-0.2558661699295044
0.23189711570739746
-0.006554516963660717
-0.23534920811653137
0.05131205543875694
0.052824247628450394
0.07756099849939346
0.1893889307975769
-0.09659142047166824
-0.21926389634609222
0.11174403876066208
-0.06073521077632904
0.1857488751411438
-0.020261673256754875
-0.05489097163081169
0.2763625383377075
0.11280377209186554
0.0068583376705646515
-0.10910533368587494
-0.19056236743927002
-0.0913282111287117
0.04194080829620361
0.1889597773551941
-0.1355476677417755
-0.29244887828826904
0.3508237600326538
-0.09853126108646393
0.012598230503499508
0.19769437611103058
-0.0170065239071846
0.09982310235500336
0.2051944136619568
-0.14232908189296722
-0.20451423525810242
0.0979212149977684
0.36326920986175537
0.03948521241545677
0.4793742597103119
-0.2429656684398651
0.20804841816425323
0.25980129837989807
-0.11898662894964218
0.1671382486820221
-0.12221117317676544
-0.12331381440162659
0.009204328991472721
0.3164616525173187
-0.10590999573469162
-0.4347757399082184
0.13322202861309052
0.09248381108045578
0.026260187849402428
0.20155338943004608
0.33248788118362427
-0.16418461501598358
0.17063751816749573
-0.044557273387908936
-0.3188146650791168
0.2933468222618103
0.17382067441940308
-0.051802199333906174
0.32355621457099915
-0.029636187478899956
0.38586950302124023
0.058787159621715546
-0.3158266842365265
-0.06274759769439697
0.3522525727748871
0.15063031017780304
-0.03347112983465195
-0.036154329776763916
0.030674930661916733
0.24987393617630005
-0.22674229741096497
-0.04061541706323624
-0.016810530796647072
-0.12302304804325104
-0.314351886510849
0.0526854582130909
-0.16912105679512024
-0.012263168580830097
0.08623388409614563
-0.018214615061879158
-0.06934817880392075
0.1629512459039688
-0.28026971220970154
0.17700989544391632
-0.3515622317790985
0.029516665264964104
0.2657157778739929
0.04326710104942322
0.08090321719646454
0.03203033283352852
-0.19203531742095947
0.4027838110923767
-0.12404631823301315
-0.013712380081415176
0.24984677135944366
-0.06761860847473145
-0.27151399850845337
-0.019086573272943497
-0.255481481552124
-0.1262662559747696
0.16099679470062256
-0.31964197754859924
-0.15374034643173218
0.02529970556497574
0.16077861189842224
0.15179035067558289
0.1955675184726715
-0.1097276583313942
0.010417262092232704
-0.08789408951997757
-0.1699400097131729
0.08473800122737885
-0.285155713558197
-0.19054117798805237
0.12910233438014984
-0.1269397735595703
-0.06416095793247223
0.07437530905008316
-0.20024186372756958
-0.01645134761929512
0.4272046685218811
0.4520907998085022
0.30207470059394836
-0.25444409251213074
0.4219609200954437
0.03530138358473778
-0.19772516191005707
0.07463739067316055
-0.11409386247396469
-0.3546487092971802
-0.04140935838222504
0.2623952031135559
0.306048184633255
0.07360553741455078
-0.1577400267124176
0.11179402470588684
-0.3250049948692322
-0.07058835029602051
-0.2236364185810089
-0.3475561738014221
0.09665050357580185
0.41440844535827637
-0.006330397911369801
0.11686079204082489
0.0989203006029129
0.1791227161884308
0.01589752919971943
-0.33848848938941956
0.12929387390613556
-0.302167683839798
-0.297376424074173
-0.09600067883729935
-0.028290120884776115
-0.18155665695667267
-0.036494962871074677
0.4178451597690582
0.022471599280834198
0.14738278090953827
-0.26402053236961365
0.04683205112814903
0.07194545865058899
-0.34872862696647644
-0.1715269833803177
0.20918770134449005
0.30497199296951294
-0.1581467092037201
0.5252214670181274
0.08943097293376923
-0.05294907093048096
0.14787432551383972
-0.1430814117193222
0.08817969262599945
0.2132847011089325
-0.05636123567819595
-0.5084125399589539
-0.1871245801448822
0.26198717951774597
0.3124905526638031
0.324043333530426
0.09711609035730362
0.25218406319618225
-0.21307525038719177
0.031438715755939484
-0.22515971958637238
0.2564863860607147
0.062421273440122604
0.33672311902046204
-0.0662684217095375
-0.0972227156162262
0.13501136004924774
-0.12459009885787964
-0.06812065839767456
-0.03878799453377724
-0.17259922623634338
-0.04973459616303444
0.23614852130413055
-0.3366234302520752
0.08252517133951187
0.19896982610225677
-0.12669312953948975
-0.16484493017196655
0.3101741671562195
-0.1255161017179489
0.02666090987622738
-0.17229698598384857
-0.034364063292741776
0.09522070735692978
-0.07477527111768723
-0.03586558252573013
0.12812933325767517
-0.006680844351649284
-0.2216954231262207
-0.0970793217420578
-0.06731203943490982
-0.14541807770729065
0.01097372081130743
0.029330791905522346
0.0108213871717453
0.3075788617134094
-0.2726706266403198
0.22112809121608734
0.08871570229530334
0.24211929738521576
0.41501954197883606
-0.2374875694513321
-0.24103614687919617
0.042803771793842316
0.0009846308967098594
0.14367486536502838
-0.07198480516672134
-0.10494277626276016
-0.0009757995721884072
-0.43401551246643066
-0.08118339627981186
-0.25861260294914246
0.2984442710876465
0.04629378393292427
-0.415749192237854
0.4431930184364319
0.07436612993478775
-0.22168104350566864
0.004358693026006222
-0.029795877635478973
-0.11108805984258652
0.1420481950044632
-0.10407140105962753
-0.35707807540893555
0.007816759869456291
0.2774185836315155
0.11107137054204941
0.4145013093948364
0.21356311440467834
0.06783972680568695
0.14302967488765717
-0.19057004153728485
-0.026673948392271996
0.3679090738296509
-0.0015389897162094712
0.14447732269763947
-0.08582207560539246
0.3286549150943756
-0.09269912540912628
-0.13544465601444244
0.03439033403992653
-0.06101609766483307
-0.029736656695604324
-0.31223064661026
0.3169209957122803
-0.17720261216163635
-0.014068693853914738
0.08977805823087692
-0.40109795331954956
-0.17805838584899902
0.04362516105175018
-0.37542787194252014
-0.09863851219415665
-0.43268173933029175
0.07518307864665985
0.3180542588233948
-0.2510554790496826
0.3544823229312897
0.40394365787506104
-0.054899148643016815
0.1647997796535492
-0.15241292119026184
0.40570586919784546
-0.09550704807043076
-0.1453479379415512
0.011399561539292336
-0.23730307817459106
-0.14681915938854218
-0.08738646656274796
-0.12688611447811127
-0.22143009305000305
0.0866575613617897
0.2723902463912964
0.11554060876369476
0.08024413883686066
0.06359284371137619
0.09486918151378632
-0.09654884040355682
-0.01194246020168066
-0.10842735320329666
0.13913537561893463
0.10054007917642593
0.30025410652160645
0.2993788421154022
-0.28686070442199707
0.19395822286605835
0.14157773554325104
-0.26396748423576355
-0.26354753971099854
0.2965032458305359
-0.007915427908301353
0.16590119898319244
-0.10805746167898178
-0.16939790546894073
0.28510889410972595
0.28477704524993896
-0.05327419564127922
-0.20604759454727173
-0.035850901156663895
-0.24522362649440765
0.09819792956113815
-0.17493101954460144
0.13527867197990417
0.32724910974502563
-0.012901360169053078
-0.23203755915164948
-0.12496698647737503
0.13006849586963654
0.3458319902420044
-0.09886666387319565
-0.4311541020870209
0.18768642842769623
0.01684470847249031
-0.1509619653224945
0.11722329258918762
0.1476859301328659
-0.13725025951862335
0.19550330936908722
-0.009459924884140491
-0.09027045965194702
0.19769646227359772
0.10518255084753036
0.07887806743383408
0.3253050744533539
-0.06206698343157768
0.3346351087093353
0.08894029259681702
0.10991111397743225
0.059131551533937454
0.27505138516426086
0.16774629056453705
-0.0455520935356617
-0.14778727293014526
0.2945919632911682
0.16353106498718262
-0.009206808172166348
0.08496983349323273
0.07910247147083282
-0.04743359610438347
-0.1643546223640442
0.22565120458602905
0.10588417947292328
-0.0645345151424408
-0.23617558181285858
-0.21110016107559204
0.2435583621263504
0.22388488054275513
0.04577667638659477
0.37947767972946167
-0.05909579247236252
-0.1172015517950058
-0.05230162665247917
-0.03547808900475502
-0.12704245746135712
-0.23565810918807983
-0.0005989783676341176
0.004324520006775856
0.08812101185321808
-0.24813362956047058
0.18774868547916412
0.06259729713201523
-0.09686795622110367
0.22648222744464874
0.19674640893936157
0.29792654514312744
-0.006912869401276112
0.1390901505947113
-0.1746717095375061
0.1724580079317093
0.34291285276412964
-0.06496632844209671
0.12648208439350128
0.12806403636932373
0.17426297068595886
-0.039184484630823135
-0.24947266280651093
-0.24303379654884338
0.2901345193386078
0.11502779275178909
0.20906825363636017
0.16996091604232788
-0.19745884835720062
0.057997968047857285
0.17889733612537384
0.03181890398263931
0.024314159527420998
0.01047646626830101
0.003274480113759637
-0.042873773723840714
-0.21449032425880432
-0.3084838092327118
0.30842387676239014
0.24537859857082367
-0.05391839146614075
0.18218642473220825
0.05149853974580765
0.06019127368927002
-0.1709924042224884
-0.4536174237728119
-0.12058635801076889
0.11978882551193237
-0.18276789784431458
-0.16879107058048248
-0.3907928466796875
0.24135035276412964
0.14887361228466034
-0.11049844324588776
0.3101254105567932
0.16071432828903198
-0.29757386445999146
-0.17633824050426483
-0.2877870798110962
-0.055915169417858124
0.1544109433889389
-0.029084427282214165
-0.6021573543548584
0.018803203478455544
0.12045544385910034
0.08711475133895874
0.2655603885650635
0.08402908593416214
0.0563691221177578
0.00906884390860796
-0.03337937593460083
0.1514861285686493
-0.34882086515426636
-0.0247301384806633
-0.17924146354198456
-0.06713034957647324
-0.19457422196865082
0.19873246550559998
-0.2511189579963684
0.07809291034936905
0.2749224603176117
0.2695055603981018
-0.1637873649597168
-0.3111880123615265
0.32813310623168945
-0.08129174262285233
-0.0742550864815712
0.27705466747283936
-0.10455657541751862
-0.2384364753961563
-0.17670515179634094
0.3453426957130432
0.23008492588996887
0.09874512255191803
-0.24149514734745026
0.1761690378189087
-0.08606786280870438
0.13056227564811707
0.11052529513835907
-0.38270145654678345
0.08970167487859726
0.03271283581852913
-0.17674268782138824
0.008279478177428246
0.34444892406463623
-0.021182555705308914
-0.010768251493573189
0.13868248462677002
-0.24858786165714264
0.3866235911846161
-0.016529614105820656
-0.1944497525691986
-0.00789040420204401
-0.1535363644361496
-0.05875663831830025
0.23738695681095123
-0.2986873388290405
-0.08400388807058334
0.16169419884681702
-0.08370179682970047
0.10811403393745422
-0.06059896945953369
-0.3430964946746826
-0.10427942872047424
0.07202325016260147
0.3799751102924347
0.05662347376346588
0.18770723044872284
-0.03648313134908676
-0.14628954231739044
-0.4379488527774811
0.0846962183713913
0.05431189388036728
-0.2546271085739136
-0.23318198323249817
-0.07457835972309113
-0.0017143903532996774
0.2515476644039154
0.014544561505317688
0.0842863991856575
-0.14015373587608337
-0.1896117478609085
0.05728774145245552
0.18474046885967255
-0.14277367293834686
-0.22788557410240173
-0.15771812200546265
0.27768224477767944
0.052099764347076416
-0.21959660947322845
0.33361542224884033
-0.06200270727276802
-0.23446831107139587
-0.16652479767799377
-0.002484750933945179
-0.049187250435352325
0.3354853391647339
-0.266008198261261
-0.31566229462623596
-0.00993151031434536
0.16090726852416992
0.18310387432575226
0.17540737986564636
0.002014833502471447
0.2516660988330841
0.18194708228111267
-0.18982823193073273
0.17984738945960999
-0.12587079405784607
-0.2568444609642029
-0.06876203417778015
0.3319236636161804
-0.02322818525135517
-0.232955202460289
0.23624950647354126
0.06125079095363617
-0.14709167182445526
0.12059570848941803
-0.0328325517475605
0.005913733504712582
0.3013283610343933
-0.12499440461397171
-0.4208367168903351
0.04529133439064026
0.26369336247444153
0.1861775666475296
0.316998690366745
0.03155803680419922
0.17743924260139465
0.19345542788505554
-0.28320860862731934
0.1018584594130516
0.09989525377750397
0.33880704641342163
-0.07122128456830978
0.03589415177702904
0.11293157190084457
0.19412733614444733
0.063180111348629
-0.19068440794944763
0.1640283614397049
-0.10102010518312454
-0.162424236536026
0.14242595434188843
-0.2525692582130432
-0.11824195086956024
0.26818352937698364
-0.2800782024860382
-0.1260242760181427
0.11960311233997345
-0.1403747946023941
0.0970471203327179
-0.09666666388511658
-0.1240106150507927
0.06419768929481506
-0.04040265083312988
-0.27660098671913147
-0.35686391592025757
0.09744853526353836
0.15789161622524261
-0.1888447254896164
-0.054453473538160324
-0.3508106470108032
-0.056597404181957245
0.18609806895256042
-0.009493324905633926
0.46789413690567017
-0.2907138168811798
0.37872451543807983
-0.043355636298656464
0.08677409589290619
0.1793135553598404
0.10516685992479324
-0.14271162450313568
0.31615668535232544
0.08112956583499908
0.3948702812194824
0.1109585389494896
0.042493972927331924
0.11841604858636856
-0.2321668416261673
-0.0005612267996184528
-0.05441973730921745
-0.42247623205184937
0.2933069169521332
0.11748076975345612
-0.13165967166423798
0.07587888091802597
0.03276192024350166
-0.10501096397638321
-0.1380540281534195
0.0430595800280571
0.009544692933559418
0.20329460501670837
0.09891446679830551
-0.39586809277534485
-0.29703962802886963
-0.05538336932659149
-0.052334364503622055
0.18162406980991364
-0.06360311806201935
-0.11899308115243912
0.11679667234420776
0.11761514842510223
0.2438361793756485
0.09235414117574692
0.11810700595378876
-0.014987037517130375
0.06198059394955635
0.13065515458583832
0.032329875975847244
0.10171796381473541
0.07725837081670761
-0.34758704900741577
-0.48562079668045044
0.1255316436290741
-0.0768609493970871
0.0049767573364079
-0.031019356101751328
0.12026942521333694
-0.12405557930469513
0.1611069291830063
-0.2212684452533722
0.12626811861991882
-0.22683916985988617
-0.037884779274463654
-0.0025194736663252115
0.09569317102432251
0.0320948027074337
0.07008156925439835
-0.0806707963347435
-0.2878299951553345
0.40885457396507263
0.3338061273097992
-0.15206344425678253
-0.12089209258556366
0.19076716899871826
-0.08168511837720871
-0.07891231030225754
0.04477755352854729
-0.015297028236091137
0.104682557284832
0.01137013640254736
-0.24236783385276794
-0.10973355174064636
-0.12106514722108841
-0.17061777412891388
0.30725789070129395
-0.22328607738018036
0.027628423646092415
0.18824760615825653
0.04696863144636154
0.22690513730049133
0.31797051429748535
-0.23566703498363495
-0.13912931084632874
0.27204474806785583
0.3464752435684204
0.017284713685512543
-0.35818156599998474
-0.07418965548276901
-0.2917886972427368
-0.32315000891685486
0.02311423234641552
-0.15716081857681274
-0.22168558835983276
-0.11946959048509598
-0.22013568878173828
0.08392879366874695
0.39074191451072693
-0.09688225388526917
0.1720823347568512
-0.21229922771453857
-0.18973997235298157
0.050614312291145325
-0.04922091215848923
0.23551632463932037
-0.1590518057346344
0.07156223058700562
0.23773066699504852
0.1239812821149826
-0.10098393261432648
0.24352853000164032
-0.011503778398036957
-0.3551769554615021
-0.40825527906417847
-0.3808489143848419
0.30215978622436523
-0.13434159755706787
0.027591707184910774
-0.09934113919734955
-0.4577910304069519
0.008228807710111141
0.21422873437404633
-0.09019244462251663
-0.20505203306674957
-0.22151987254619598
-0.05957970395684242
0.13021239638328552
-0.0737655758857727
0.34628862142562866
-0.06342041492462158
-0.07462701201438904
0.09173949062824249
0.03534402325749397
0.05920754745602608
0.12985719740390778
0.22400899231433868
-0.2586829662322998
-0.3350018858909607
-0.32267096638679504
0.2063969224691391
-0.07942572236061096
-0.02003246359527111
-0.07279219478368759
-0.15294252336025238
0.017512908205389977
0.2451852560043335
-0.19802075624465942
0.05373884364962578
-0.28471529483795166
0.12090422213077545
0.2437751442193985
0.15412110090255737
-0.19436194002628326
-0.07536923140287399
-0.35866591334342957
-0.15003512799739838
0.1451435089111328
0.31289321184158325
-0.17761997878551483
0.014211690053343773
0.4219651222229004
0.0446249283850193
-0.28328758478164673
0.07702799886465073
0.047124315053224564
-0.10087192803621292
0.008440809324383736
-0.0022163453977555037
-0.041876621544361115
0.10722341388463974
-0.084950752556324
0.4596623182296753
-0.04314073920249939
-0.13714371621608734
-0.3642772138118744
-0.27932679653167725
-0.35719728469848633
-0.16463930904865265
-0.2500942051410675
0.1907164454460144
-0.10555167496204376
-0.0508231595158577
0.3267185688018799
0.248372882604599
-0.00540634011849761
0.16301973164081573
0.17898009717464447
-0.041007645428180695
0.4076840281486511
-0.30303099751472473
-0.07051755487918854
0.08863124996423721
0.1557905524969101
0.0025157416239380836
0.2927703857421875
-0.05292769521474838
0.33672305941581726
0.3518697917461395
-0.23026315867900848
-0.2553747594356537
-0.1705726981163025
-0.2701834440231323
0.0942378044128418
0.06351020932197571
-0.08609434962272644
-0.04619484394788742
-0.27377644181251526
0.0778992623090744
0.0035756437573581934
0.38512682914733887
0.1852768063545227
-0.2552599608898163
0.2765657603740692
-0.07640703022480011
-0.008483964949846268
0.4036889374256134
0.12147368490695953
-0.035806700587272644
0.17238877713680267
-0.15963365137577057
0.6889631152153015
-0.11963005363941193
-0.0020570452325046062
0.024323580786585808
0.31689709424972534
0.23703345656394958
-0.01081396546214819
-0.05076245591044426
0.2583543062210083
0.29368674755096436
-0.06595815718173981
0.004657767713069916
0.023135585710406303
-0.294378399848938
-0.22123019397258759
0.1676582396030426
-0.2702815532684326
0.15761837363243103
-0.22679419815540314
-0.0006114230491220951
-0.12210401147603989
0.17696136236190796
-0.1334936022758484
0.15556497871875763
-0.2289339005947113
-0.06499508023262024
0.09509313106536865
0.07970809936523438
0.0707884132862091
-0.006420966703444719
0.023752326145768166
0.3713807463645935
-0.15748772025108337
-0.1821037083864212
0.3426925837993622
0.1529293805360794
0.08150377869606018
-0.4166027307510376
-0.3594980537891388
0.12077522277832031
-0.28487083315849304
0.006346351001411676
-0.1075928583741188
-0.009548117406666279
0.03742332383990288
0.3350612223148346
0.0796387791633606
-0.18460720777511597
-0.1886594146490097
-0.11752747744321823
-0.020494718104600906
-0.22914215922355652
0.2607457637786865
-0.0031961966305971146
-0.06434771418571472
0.12257340550422668
-0.2918413281440735
-0.34212422370910645
-0.061959683895111084
0.06981068849563599
-0.06108812242746353
-0.18090906739234924
-0.08873099088668823
0.18602892756462097
-0.03390274569392204
-0.3442937433719635
0.24966907501220703
0.15656965970993042
0.10112467408180237
0.13252265751361847
0.1176077350974083
-0.026647599413990974
-0.0669383853673935
-0.16463030874729156
-0.23245671391487122
-0.07935304194688797
-0.11100299656391144
0.3238030970096588
0.10373329371213913
-0.13657160103321075
0.27398496866226196
0.20458601415157318
-0.12353695183992386
0.010807440616190434
0.13468420505523682
-0.13214953243732452
-0.02759346179664135
0.1585138589143753
0.09650080651044846
0.27497750520706177
0.07189708948135376
-0.13347262144088745
-0.0002120167773682624
0.1616201549768448
0.10221809893846512
0.21970143914222717
-0.15027488768100739
-0.08213093131780624
0.3242143988609314
0.18702219426631927
-0.024642739444971085
-0.13460971415042877
-0.23592543601989746
0.29970240592956543
-0.09077711403369904
-0.3895399868488312
0.2906387150287628
0.3257356584072113
-0.3252829611301422
0.07907584309577942
0.048017717897892
-0.022045284509658813
0.3230149447917938
-0.2317800372838974
-0.24337376654148102
-0.1396131068468094
0.17753849923610687
0.014493080787360668
0.30405113101005554
0.02315349690616131
-0.09132169932126999
0.16633401811122894
-0.38155800104141235
-0.006663499865680933
-0.18560007214546204
-0.17640893161296844
0.15925857424736023
0.4588274359703064
0.13312412798404694
-0.4382316470146179
0.47760117053985596
-0.05621881037950516
0.051473863422870636
0.01948096603155136
0.013896826654672623
-0.15850093960762024
0.09477531909942627
-0.2491203397512436
-0.22813038527965546
0.01932055875658989
0.057185251265764236
-0.17404590547084808
0.3172329366207123
-0.008948927745223045
0.22512556612491608
0.03802239149808884
-0.08367842435836792
-0.015112391673028469
0.16919530928134918
-0.11493323743343353
-0.5568733215332031
0.22798149287700653
-0.04684872180223465
-0.10869675129652023
0.23343688249588013
-0.006318042054772377
-0.10795401781797409
-0.06589464098215103
-0.20107431709766388
0.11139456927776337
0.16928523778915405
-0.3447170853614807
-0.3185243010520935
0.10567290335893631
0.36803942918777466
0.25292232632637024
0.09749458730220795
-0.08015558123588562
0.17426776885986328
-0.04482974484562874
-0.15693120658397675
-0.005527867004275322
0.32570764422416687
0.3911075294017792
0.01355922594666481
-0.2865593433380127
-0.08067239075899124
0.3391156494617462
-0.23909085988998413
-0.0029225656762719154
0.1558527946472168
0.0015334358904510736
-0.1351296305656433
-0.09137217700481415
-0.31002604961395264
0.09169895201921463
0.04586357623338699
0.039222776889801025
-0.08276566863059998
-0.00014803599333390594
-0.22334809601306915
0.24787679314613342
-0.05177944898605347
0.11537925899028778
-0.013588398694992065
-0.03253195807337761
-0.28582021594047546
-0.0374850258231163
0.0990421250462532
-0.35705050826072693
0.01930706575512886
0.13863623142242432
-0.20682644844055176
0.05492732673883438
0.3277987539768219
0.34908682107925415
0.00645218463614583
-0.13268756866455078
0.06522736698389053
-0.02903136983513832
0.04658673703670502
0.12210281938314438
-0.0473344512283802
-0.22816206514835358
-0.2653038501739502
0.10867151618003845
0.3375162184238434
0.18000555038452148
-0.17133799195289612
0.09169727563858032
-0.379152774810791
0.1726699024438858
0.09084516763687134
-0.07674147933721542
-0.045690130442380905
-0.038621217012405396
-0.10751345753669739
-0.19983190298080444
0.020031291991472244
0.2984955608844757
0.3357177972793579
-0.1215897724032402
0.45398640632629395
0.0010585361160337925
0.08872105181217194
0.4242360293865204
-0.08642064779996872
-0.32426244020462036
0.2824303209781647
0.023587601259350777
0.3433358073234558
-0.06436266750097275
0.04436492174863815
0.06456238031387329
0.08191381394863129
-0.33495616912841797
0.21547028422355652
0.3119857609272003
-0.06794498860836029
-0.5016924142837524
0.048502057790756226
0.17500898241996765
0.13208168745040894
0.06903818249702454
0.12164858728647232
-0.2487691044807434
0.10159409791231155
-0.07541940361261368
-0.16520477831363678
0.21735817193984985
0.18483373522758484
0.08794531971216202
0.3452550172805786
-0.14659389853477478
0.37842315435409546
0.11606824398040771
0.14534546434879303
0.3598383367061615
-0.3243711590766907
-0.05229088291525841
-0.08459693193435669
-0.5443782806396484
0.24319618940353394
0.31297236680984497
-0.13610026240348816
0.09616297483444214
0.2802990674972534
0.03668080270290375
-0.01969127357006073
0.13544465601444244
0.21440547704696655
0.12621954083442688
0.14380480349063873
-0.09154439717531204
-0.21992363035678864
0.1535709798336029
-0.15570607781410217
0.5745195150375366
-0.05603788420557976
0.1376270353794098
-0.004239057656377554
0.09515533596277237
-0.015702659264206886
-0.335539847612381
-0.3974212110042572
0.33935290575027466
-0.021125126630067825
0.06857800483703613
0.11396495252847672
0.13717079162597656
-0.2866072654724121
-0.034387070685625076
-0.40250927209854126
-0.03244165703654289
0.12910598516464233
-0.44973239302635193
-0.23557087779045105
0.4442368447780609
0.0537324994802475
0.09223250299692154
-0.06504210829734802
-0.039134904742240906
0.07823964953422546
0.11880864202976227
-0.11836689710617065
0.04335913434624672
0.25833800435066223
0.03761952742934227
-0.24142393469810486
-0.17651456594467163
0.12338090687990189
0.3989095091819763
-0.44059494137763977
0.29686012864112854
-0.06825194507837296
-0.22380395233631134
-0.18504641950130463
0.09494708478450775
-0.11555468291044235
-0.12530818581581116
-0.12018469721078873
-0.26384565234184265
0.15343524515628815
0.2393946647644043
-0.17396527528762817
0.22596673667430878
-0.05372285842895508
-0.17752774059772491
0.1551332026720047
-0.019567839801311493
-0.46611151099205017
-0.398223340511322
0.14863309264183044
0.2807774245738983
0.1133514866232872
-0.2288767546415329
0.3204441964626312
0.01708228327333927
-0.11997925490140915
-0.17438818514347076
0.03133779391646385
-0.12809279561042786
0.24610961973667145
-0.09315196424722672
-0.5129103064537048
-0.07446674257516861
0.3405185639858246
-0.08813074976205826
0.45434802770614624
-0.12441359460353851
0.08601678162813187
0.008094478398561478
0.04257068410515785
0.015210450626909733
0.0659598708152771
0.18378323316574097
-0.004373642150312662
-0.15274955332279205
0.3034965693950653
0.2508295476436615
-0.0610697865486145
-0.047356609255075455
0.2191179096698761
0.0013440045295283198
-0.12074901163578033
0.016349632292985916
0.05511025711894035
0.24468594789505005
-0.14699141681194305
-0.11131748557090759
-0.1689135730266571
0.10271143168210983
-0.13284258544445038
0.368521511554718
-0.24969130754470825
0.05226016789674759
0.13422568142414093
-0.28179803490638733
0.22637727856636047
-0.019583893939852715
-0.17505715787410736
0.10543060302734375
0.268594354391098
0.09278666973114014
0.10536164790391922
0.12944793701171875
-0.20765788853168488
-0.3100055158138275
-0.3670666515827179
0.24376007914543152
-0.002320476807653904
0.08437759429216385
-0.14743971824645996
-0.26412031054496765
-0.10928665846586227
0.10465606302022934
0.030296040698885918
-0.14740215241909027
-0.3615904748439789
0.03143405541777611
0.12598823010921478
-0.10152817517518997
0.09473636746406555
0.022333208471536636
-0.11326896399259567
0.4143216907978058
0.0852348655462265
-0.2954360544681549
0.2391907423734665
0.2607180178165436
-0.36218228936195374
0.15800347924232483
-0.10334624350070953
-0.2803707718849182
0.04800451919436455
-0.3516211211681366
0.14751368761062622
0.27161067724227905
-0.13467983901500702
0.03418102115392685
0.3594481348991394
-0.25901392102241516
0.25446751713752747
0.07237135618925095
-0.2679223418235779
-0.04691905900835991
0.24238213896751404
0.16584070026874542
-0.030988585203886032
-0.13761362433433533
0.38135769963264465
0.38540056347846985
0.029046911746263504
0.2026699185371399
0.02662757784128189
-0.3133085370063782
-0.3126552700996399
0.10616359114646912
0.08610967546701431
0.006356468889862299
-0.2327304184436798
-0.11015491932630539
0.01623840443789959
0.21862544119358063
-0.1751870959997177
0.2313629388809204
-0.24464914202690125
0.2855435609817505
-0.11106545478105545
0.010767217725515366
0.13281521201133728
0.15068809688091278
-0.14770302176475525
-0.08872426301240921
0.19710420072078705
0.21747922897338867
-0.27102822065353394
-0.15769867599010468
0.09396932274103165
-0.17310801148414612
-0.18479149043560028
0.012760845944285393
-0.3003104329109192
0.13984055817127228
-0.05156969651579857
-0.1301857829093933
0.03430528566241264
0.138759046792984
-0.1794816255569458
0.10579531639814377
-0.19870580732822418
0.04145253077149391
0.26606589555740356
0.07549706101417542
-0.07355201989412308
0.07914245873689651
-0.01028953492641449
0.3650164008140564
-0.11190151423215866
0.07578247040510178
0.4479406476020813
0.2085312008857727
-0.36158230900764465
0.05764555558562279
-0.3629143536090851
0.01521485298871994
0.07708507031202316
-0.2702332139015198
-0.20577697455883026
-0.13320863246917725
0.38696736097335815
0.16258934140205383
0.14389441907405853
-0.3166852295398712
-0.018968021497130394
0.22155123949050903
-0.14235594868659973
-0.17983964085578918
-0.11871712654829025
-0.13328495621681213
-0.08895187079906464
0.19448409974575043
0.04836180433630943
-0.48005762696266174
0.2872966229915619
0.10745414346456528
-0.18895135819911957
0.021214019507169724
0.26414424180984497
0.04792993143200874
0.10305941849946976
-0.0620429702103138
-0.29009225964546204
0.03410894051194191
0.22074070572853088
0.15582506358623505
0.40483200550079346
0.10442400723695755
0.31423601508140564
0.161014586687088
-0.0733521431684494
-0.08417727053165436
0.2534007132053375
0.08954431116580963
0.33172768354415894
0.012933501973748207
0.09056072682142258
0.07876446843147278
0.013105735182762146
0.024722840636968613
-0.028077786788344383
-0.39086028933525085
-0.32822364568710327
0.1523994505405426
-0.2114996612071991
-0.058339428156614304
-0.08679763227701187
-0.08187214285135269
0.010157085955142975
0.33590203523635864
-0.03676796332001686
0.10440924018621445
-0.37447211146354675
-0.09389779716730118
-0.0015095304697751999
-0.13797937333583832
0.2958334684371948
0.16432254016399384
0.10002227872610092
-0.05399971827864647
0.05526239052414894
0.44524016976356506
-0.22911031544208527
-0.09865488111972809
-0.11452820152044296
-0.25588029623031616
-0.2790025472640991
-0.09368842095136642
-0.06965415179729462
-0.2037457525730133
0.13265454769134521
-0.14511699974536896
-0.016866683959960938
0.050864774733781815
-0.15113015472888947
-0.10889420658349991
-0.2948656678199768
-0.016386540606617928
0.43664610385894775
-0.12882524728775024
-0.3795054852962494
-0.13690271973609924
0.2504555881023407
-0.05084503814578056
-0.03419341892004013
-0.3130423426628113
0.03274817392230034
-0.07643889635801315
0.19646570086479187
0.2872423529624939
0.21246404945850372
-0.1460283100605011
0.22448338568210602
0.23379464447498322
-0.30964869260787964
-0.003947870340198278
0.1641901284456253
-0.12452498823404312
0.3966451585292816
0.12637481093406677
0.3666819930076599
-0.09366974234580994
-0.1407703310251236
0.10253820568323135
-0.17185945808887482
-0.07195882499217987
-0.04368743300437927
0.29564663767814636
-0.054434001445770264
-0.24901531636714935
0.1836506575345993
-0.2565031349658966
0.03608842194080353
0.009646132588386536
0.10119311511516571
-0.0927133560180664
0.3698917031288147
-0.2655189037322998
0.09562830626964569
0.34026700258255005
-0.015772579237818718
-0.1755804419517517
0.3624661862850189
-0.16373012959957123
0.4358270764350891
0.2688872516155243
-0.11224693804979324
-0.15401405096054077
0.09963849931955338
0.16406041383743286
0.12503895163536072
-0.016790736466646194
0.314395546913147
0.23662525415420532
-0.37974148988723755
-0.34102219343185425
0.17167405784130096
-0.08758668601512909
-0.20126895606517792
0.014274822548031807
-0.1324523389339447
-0.0001269932254217565
0.011340762488543987
0.1269332468509674
0.2330842763185501
0.10934925824403763
0.054764848202466965
-0.06421805918216705
-0.12498422712087631
-0.1886904090642929
0.05070072412490845
0.020252276211977005
0.39595744013786316
0.18043997883796692
0.29940953850746155
-0.07316315174102783
0.053502462804317474
-0.014224953018128872
-0.1389968991279602
-0.04851387441158295
0.2271163910627365
-0.23507608473300934
-0.07133141160011292
0.302729994058609
-0.24977824091911316
0.25258198380470276
0.20752379298210144
-0.13887715339660645
0.09551525115966797
0.21879808604717255
-0.2465137094259262
-0.10505417734384537
-0.37005141377449036
0.20122750103473663
0.3806692361831665
-0.01565375179052353
-0.11693742126226425
-0.30709952116012573
-0.1930340975522995
0.1249813437461853
-0.09402205795049667
-0.35878080129623413
0.3051699101924896
0.24086087942123413
-0.13990864157676697
0.18580971658229828
0.11024314910173416
-0.1692865639925003
0.21631856262683868
-0.07148507982492447
-0.4150374233722687
0.17983286082744598
0.2556309103965759
-0.12296529114246368
0.3079115152359009
-0.1283804327249527
0.23189041018486023
0.2583102285861969
0.02266971580684185
-0.07875348627567291
-0.2279384732246399
0.0023090310860425234
-0.5452464818954468
0.3237598240375519
-0.2454744428396225
0.261965811252594
0.05056620016694069
0.11014091968536377
0.015088431537151337
-0.09892494976520538
0.015864422544836998
-0.11388234049081802
0.1830063909292221
-0.5064137578010559
-0.28191351890563965
0.19252249598503113
0.280390202999115
-0.028589408844709396
0.08374279737472534
0.07454532384872437
0.3768866956233978
0.25333520770072937
-0.09083409607410431
-0.23363326489925385
0.5897390842437744
0.15576887130737305
0.06315476447343826
-0.03789732977747917
-0.23978979885578156
0.2645449638366699
0.03800800442695618
-4.4117652578279376e-05
-0.28086018562316895
-0.3855973780155182
-0.2658679485321045
-0.03494127839803696
-0.2293085753917694
-0.23684601485729218
0.07831797748804092
-0.15412235260009766
-0.11214813590049744
0.1731654852628708
-0.10585565865039825
-0.2879496216773987
-0.26201486587524414
-0.041328951716423035
-0.09079894423484802
0.13447001576423645
-0.2251977175474167
0.07288731634616852
0.24903160333633423
0.031975485384464264
-0.07034105807542801
-0.13274259865283966
-0.2121468037366867
-0.17364013195037842
0.4652894139289856
0.23850257694721222
0.2878858745098114
-0.0806983932852745
0.041605643928050995
-0.020453302189707756
0.004351530224084854
0.34499967098236084
0.19364191591739655
-0.03739841282367706
0.3238879442214966
0.14709632098674774
-0.031356170773506165
-0.16636814177036285
-0.14813682436943054
0.297698438167572
-0.18542754650115967
-0.053255997598171234
-0.4164123833179474
0.23238693177700043
-0.1126675233244896
-0.21230332553386688
0.18734507262706757
0.14131975173950195
-0.012658955529332161
0.07513909786939621
-0.00067361124092713
-0.2510709762573242
0.31798118352890015
-0.2137584388256073
-0.2176031917333603
-0.03681918606162071
0.09693778306245804
-0.058610621839761734
0.12403775006532669
0.10417375713586807
0.1369790881872177
0.13910824060440063
-0.13644737005233765
0.03543461859226227
0.4276881515979767
0.04248012974858284
0.04952080175280571
-0.03413413092494011
0.10508924722671509
0.3275357186794281
-0.09058008342981339
-0.04385245963931084
-0.01842476800084114
-0.4785672426223755
-0.27031201124191284
0.10388106852769852
-0.17633868753910065
-0.15912649035453796
-0.16282038390636444
-0.07620908319950104
0.13806338608264923
0.10785896331071854
-0.15463516116142273
-0.07927051931619644
-0.1421269327402115
-0.12884995341300964
0.35002291202545166
-0.0005659956368617713
-0.2560536563396454
-0.12340758740901947
-0.08061420172452927
0.1101539209485054
0.20929382741451263
-0.24945445358753204
0.3760068714618683
0.16964946687221527
-0.042838599532842636
0.02245480939745903
-0.08828463405370712
-0.029624812304973602
0.11551914364099503
0.11182013899087906
-0.3615495264530182
-0.01722235232591629
0.09790050238370895
-0.12077760696411133
0.34016281366348267
0.11347615718841553
0.18550412356853485
0.1091478019952774
-0.17675162851810455
0.0499119833111763
0.25453048944473267
0.01728169061243534
-0.1921529769897461
0.1649000644683838
0.18445463478565216
0.1001129150390625
0.16088233888149261
-0.03595192730426788
-0.2485085427761078
-0.20855088531970978
-0.13728183507919312
0.08218774944543839
0.1409599334001541
-0.13515795767307281
-0.18838278949260712
0.1852295994758606
0.05418757349252701
0.18716804683208466
0.11845984309911728
-0.12181524187326431
-0.01983673684298992
-0.10193070769309998
-0.006786515936255455
-0.1158287525177002
0.38548359274864197
0.4256649613380432
0.08664475381374359
-0.008396148681640625
0.006901887711137533
0.06906141340732574
-0.12743903696537018
0.04368893802165985
-0.09065960347652435
0.04163193702697754
-0.1818704903125763
-0.03912302479147911
-0.06517089903354645
-0.13088741898536682
0.20751763880252838
0.49182841181755066
-0.1877715140581131
0.06812532991170883
-0.03357574716210365
0.1735672503709793
-0.28826630115509033
-0.3296175003051758
-0.025313999503850937
-0.1142752543091774
0.33838748931884766
0.1736060082912445
0.02731107734143734
0.1991015374660492
-0.09794573485851288
0.027031779289245605
0.136046901345253
0.06184598430991173
0.06857519596815109
-0.24586302042007446
-0.23815208673477173
0.10398320108652115
-0.13864754140377045
-0.013785015791654587
0.13097774982452393
0.23634709417819977
-0.036828361451625824
-0.055435024201869965
-0.009968525730073452
-0.2543712556362152
-0.3284030854701996
-0.3800906240940094
0.046435706317424774
-0.009674237109720707
0.2932192385196686
0.2748263478279114
0.03789987787604332
-0.015851501375436783
-0.01619253121316433
0.2160366028547287
-0.007942511700093746
-0.05417594686150551
0.1554999202489853
-0.2313612401485443
-0.23432673513889313
0.08513340353965759
-0.19877617061138153
-0.10269580781459808
0.10338819026947021
-0.27854371070861816
-0.36836889386177063
0.2118021547794342
-0.08767659217119217
0.08715040981769562
-0.29488661885261536
0.03890335559844971
0.21588274836540222
-0.024638397619128227
0.02521386183798313
0.2584880292415619
-0.045768264681100845
-0.22817115485668182
0.1473982185125351
0.17922458052635193
-0.056009478867053986
-0.19045016169548035
0.015070383436977863
-0.3243039548397064
-0.18203048408031464
0.21087448298931122
-0.16609425842761993
0.010743959806859493
0.1723853200674057
-0.045399703085422516
-0.0023257506545633078
-0.018195252865552902
-0.02162524312734604
-0.24391154944896698
-0.44128304719924927
-0.005847107619047165
0.15112169086933136
-0.26872512698173523
0.07883472740650177
0.31674957275390625
0.06954480707645416
-0.20757560431957245
0.06662344932556152
-0.001860419288277626
-0.1918780505657196
-0.25575315952301025
0.07796522229909897
-0.027033928781747818
0.012463795021176338
0.14793281257152557
-0.2362852543592453
0.1734662801027298
0.3308038115501404
-0.08089861273765564
-0.3225052058696747
0.025240642949938774
-0.40574681758880615
0.33417457342147827
-0.1470211148262024
0.2563454806804657
0.13088372349739075
-0.016135871410369873
0.0737982913851738
-0.1278712898492813
-0.14273326098918915
0.3535550534725189
-0.08241761475801468
0.07388968020677567
-0.09320676326751709
-0.31247878074645996
-0.10497068613767624
0.23805953562259674
0.19329582154750824
-0.36659279465675354
0.21684476733207703
-0.21509970724582672
0.17030470073223114
0.3813888132572174
-0.22614336013793945
-0.11424443125724792
0.02408534474670887
-0.1190749853849411
0.18450091779232025
-0.03846585005521774
-0.3284507691860199
0.027873268350958824
0.02807474136352539
0.1794586032629013
-0.2569016218185425
0.22578974068164825
-0.25773078203201294
0.033225707709789276
0.33674344420433044
0.004035803489387035
-0.057854123413562775
-0.11945044249296188
-0.2697116732597351
0.07218282669782639
-0.2835855782032013
-0.2546604871749878
0.253214031457901
0.16226185858249664
0.01727067306637764
0.15327668190002441
0.128036230802536
-0.004751063417643309
-0.1848386824131012
-0.320006787776947
-0.5388894081115723
-0.08998359739780426
-0.2999155819416046
-0.017989125102758408
0.0018013369990512729
0.1254897117614746
0.05065501853823662
0.06827601790428162
-0.08647423982620239
-0.005005684215575457
0.027446724474430084
0.42203065752983093
0.22153520584106445
-0.38726481795310974
0.06961048394441605
-0.250205934047699
0.24442467093467712
0.301159143447876
0.012825611047446728
-0.0575093999505043
0.038492776453495026
-0.06961335241794586
0.3680083155632019
0.2800450325012207
-0.051819175481796265
-0.2342974841594696
-0.08616407215595245
-0.22251790761947632
0.014067997224628925
0.46873998641967773
-0.3490928113460541
-0.47319602966308594
-0.03553013131022453
0.07174139469861984
0.02780138887465
0.20575352013111115
0.15577130019664764
-0.24832992255687714
0.1215561181306839
-0.2872423827648163
-0.1905214786529541
0.0253862664103508
0.1432192027568817
-0.0018416295060887933
0.31524139642715454
-0.13661105930805206
0.32728806138038635
-0.056733664125204086
-0.0837574452161789
-0.03620636463165283
-0.22247488796710968
-0.1557299643754959
-0.03309641033411026
0.12673984467983246
-0.01538181584328413
-0.5019831657409668
0.366471529006958
0.030637837946414948
-0.026076555252075195
0.2641485929489136
0.24735823273658752
-0.06983832269906998
0.4601091146469116
0.20839501917362213
-0.2345229685306549
0.12147299945354462
0.3220263421535492
-0.2790903151035309
0.5956999063491821
-0.10888507217168808
0.18271006643772125
0.0464671365916729
0.008948838338255882
0.13020016252994537
0.34306398034095764
0.17359007894992828
-0.15323105454444885
-0.13242065906524658
0.06230625882744789
0.2687980830669403
-0.1541684865951538
-0.05710263550281525
0.12921388447284698
-0.22039026021957397
-0.30359384417533875
0.22863644361495972
-0.2653930187225342
-0.09815473854541779
-0.08788461983203888
0.09564822167158127
-0.23518529534339905
0.06731022149324417
-0.23946990072727203
0.0628252699971199
-0.2416834831237793
-0.05557969957590103
0.0634763166308403
0.23321163654327393
-0.18148739635944366
-0.23437082767486572
-0.026344530284404755
0.027153803035616875
-0.4507473409175873
-0.016527501866221428
-0.4049629867076874
-0.026104960590600967
0.3522190749645233
0.5097528696060181
0.34522587060928345
-0.48858264088630676
0.2508561313152313
-0.09617374837398529
0.07468492537736893
0.2758113443851471
0.025874435901641846
-0.2776607871055603
-0.07624341547489166
0.16201508045196533
0.2693702280521393
0.11406528949737549
-0.0555022656917572
-0.23215816915035248
0.5620469450950623
-0.0005854960763826966
0.1624506562948227
0.3577081263065338
0.06535786390304565
-0.10092336684465408
0.1299736201763153
0.09166399389505386
-0.2305268794298172
-0.4604944586753845
-0.27485761046409607
-0.018615249544382095
-0.1744966357946396
0.12119253724813461
0.06860281527042389
-0.11633044481277466
-0.06782238930463791
0.04014052078127861
-0.03369622305035591
-0.15042009949684143
-0.09959711879491806
-0.15565256774425507
-0.057452958077192307
0.11847127974033356
0.16769011318683624
0.10816272348165512
0.11268964409828186
-0.31617236137390137
-0.0009317084331996739
0.04844401776790619
0.03920821473002434
-0.03427060693502426
-0.10110028833150864
-0.20518991351127625
-0.2266819328069687
-0.045240648090839386
-0.26045191287994385
0.29883044958114624
-0.1517987996339798
-0.491469144821167
0.20476511120796204
0.2373466193675995
-0.018803639337420464
0.04618969187140465
-0.3604922592639923
-0.0947413519024849
0.05881449580192566
0.10675054788589478
-0.05992819368839264
0.1057928130030632
-0.06414367258548737
-0.019011080265045166
-0.043902747333049774
0.3248370587825775
-0.19369426369667053
-0.0320621021091938
0.2713764011859894
-0.09922537207603455
0.14756152033805847
-0.5172247886657715
0.333656370639801
-0.1926710158586502
-0.007526858244091272
0.24141481518745422
0.09209808707237244
-0.2103903889656067
-0.29196733236312866
0.21019473671913147
0.39645934104919434
0.054229795932769775
0.056836362928152084
0.07221442461013794
-0.10356874763965607
0.34230566024780273
0.04593806713819504
-0.30523744225502014
0.3559838533401489
0.1391763687133789
-0.06298434734344482
0.09164875000715256
0.021441569551825523
-0.3025085926055908
-0.11105428636074066
0.21554040908813477
0.038407374173402786
0.22332534193992615
-0.17578311264514923
-0.3614935576915741
-0.03224321827292442
-0.1003529503941536
-0.10986904054880142
0.44577300548553467
-0.07473014295101166
0.25722354650497437
0.28148379921913147
-0.24151478707790375
0.3981594741344452
0.16628453135490417
0.31762591004371643
-0.05173557251691818
-0.2175428867340088
0.13899573683738708
0.2034902125597
-0.32230067253112793
0.053877104073762894
-0.02132229506969452
-0.24368344247341156
0.3549475073814392
-0.23651345074176788
-0.2440689653158188
-0.10504473000764847
-0.09589385241270065
-0.23178988695144653
0.19267496466636658
-0.04069138318300247
-0.07247462868690491
-0.3141191899776459
-0.24505530297756195
0.08774297684431076
-0.1891385316848755
0.33125510811805725
-0.031245144084095955
-0.06355716288089752
0.33201807737350464
-0.32726871967315674
-0.00841472391039133
0.1992594301700592
0.08646748214960098
-0.06374187767505646
-0.05192480981349945
-0.21090640127658844
0.16578806936740875
-0.2796393036842346
-0.16122953593730927
-0.24660299718379974
0.21963122487068176
0.0244803074747324
0.23187340795993805
-0.2200384885072708
-0.3081448972225189
-0.2619611918926239
-0.3017145097255707
-0.12204895913600922
-0.05943972244858742
-0.06993906944990158
-0.31073206663131714
-0.10726635903120041
0.3007897138595581
-0.0878981426358223
-0.07664336264133453
0.044693831354379654
-0.02808847464621067
-0.1404050886631012
0.03573973476886749
-0.23413929343223572
-0.17852383852005005
0.10573805123567581
-0.40455421805381775
-0.0731111466884613
0.47744640707969666
0.051479458808898926
-0.0041800327599048615
0.02434490993618965
-0.2146042436361313
0.14405925571918488
0.483948677778244
-0.10673867911100388
0.037811193615198135
-0.06945710629224777
0.09748684614896774
-0.007621925789862871
-0.32969868183135986
0.23605190217494965
0.10316954553127289
-0.13742053508758545
-0.09432440251111984
0.24145032465457916
0.00890310574322939
0.03596944734454155
-0.06582814455032349
-0.06688810884952545
0.2929218113422394
0.3162902891635895
-0.1824122965335846
-0.21305133402347565
-0.07183157652616501
-0.02146608941257
-0.06921520084142685
-0.2737065553665161
-0.03969070315361023
0.4576787054538727
